x y
0.000000000000000 0.000000000000000
0.00245000000000000 0.0029146
0.00490000000000000 0.0058288
0.00735000000000000 0.0087421
0.00980000000000000 0.011654
0.0122500000000000 0.014563
0.0147000000000000 0.017469
0.0171500000000000 0.020371
0.0196000000000000 0.023269
0.0220500000000000 0.026162
0.0245000000000000 0.029049
0.0269500000000000 0.031929
0.0294000000000000 0.034802
0.0318500000000000 0.037668
0.0343000000000000 0.040525
0.0367500000000000 0.043374
0.0392000000000000 0.046213
0.0416500000000000 0.049043
0.0441000000000000 0.051862
0.0465500000000000 0.054670
0.0490000000000000 0.057466
0.0514500000000000 0.060251
0.0539000000000000 0.063024
0.0563500000000000 0.065785
0.0588000000000000 0.068532
0.0612500000000000 0.071266
0.0637000000000000 0.073987
0.0661500000000000 0.076694
0.0686000000000000 0.079387
0.0710500000000000 0.082065
0.0735000000000000 0.084729
0.0759500000000000 0.087378
0.0784000000000000 0.090013
0.0808500000000000 0.092632
0.0833000000000000 0.095236
0.0857500000000000 0.097824
0.0882000000000000 0.10040
0.0906500000000000 0.10296
0.0931000000000000 0.10550
0.0955500000000000 0.10802
0.0980000000000000 0.11054
0.100450000000000 0.11303
0.102900000000000 0.11551
0.105350000000000 0.11797
0.107800000000000 0.12042
0.110250000000000 0.12285
0.112700000000000 0.12527
0.115150000000000 0.12767
0.117600000000000 0.13006
0.120050000000000 0.13243
0.122500000000000 0.13478
0.124950000000000 0.13712
0.127400000000000 0.13945
0.129850000000000 0.14176
0.132300000000000 0.14405
0.134750000000000 0.14633
0.137200000000000 0.14860
0.139650000000000 0.15085
0.142100000000000 0.15308
0.144550000000000 0.15530
0.147000000000000 0.15751
0.149450000000000 0.15970
0.151900000000000 0.16188
0.154350000000000 0.16404
0.156800000000000 0.16619
0.159250000000000 0.16833
0.161700000000000 0.17045
0.164150000000000 0.17256
0.166600000000000 0.17466
0.169050000000000 0.17674
0.171500000000000 0.17881
0.173950000000000 0.18087
0.176400000000000 0.18292
0.178850000000000 0.18495
0.181300000000000 0.18697
0.183750000000000 0.18897
0.186200000000000 0.19097
0.188650000000000 0.19295
0.191100000000000 0.19492
0.193550000000000 0.19688
0.196000000000000 0.19883
0.198450000000000 0.20077
0.200900000000000 0.20269
0.203350000000000 0.20460
0.205800000000000 0.20651
0.208250000000000 0.20840
0.210700000000000 0.21028
0.213150000000000 0.21215
0.215600000000000 0.21401
0.218050000000000 0.21585
0.220500000000000 0.21769
0.222950000000000 0.21952
0.225400000000000 0.22134
0.227850000000000 0.22314
0.230300000000000 0.22494
0.232750000000000 0.22673
0.235200000000000 0.22851
0.237650000000000 0.23027
0.240100000000000 0.23203
0.242550000000000 0.23378
0.245000000000000 0.23552
0.247450000000000 0.23725
0.249900000000000 0.23898
0.252350000000000 0.24069
0.254800000000000 0.24239
0.257250000000000 0.24409
0.259700000000000 0.24577
0.262150000000000 0.24745
0.264600000000000 0.24912
0.267050000000000 0.25078
0.269500000000000 0.25244
0.271950000000000 0.25408
0.274400000000000 0.25572
0.276850000000000 0.25734
0.279300000000000 0.25897
0.281750000000000 0.26058
0.284200000000000 0.26218
0.286650000000000 0.26378
0.289100000000000 0.26537
0.291550000000000 0.26695
0.294000000000000 0.26852
0.296450000000000 0.27009
0.298900000000000 0.27165
0.301350000000000 0.27320
0.303800000000000 0.27475
0.306250000000000 0.27629
0.308700000000000 0.27782
0.311150000000000 0.27934
0.313600000000000 0.28086
0.316050000000000 0.28237
0.318500000000000 0.28387
0.320950000000000 0.28537
0.323400000000000 0.28686
0.325850000000000 0.28835
0.328300000000000 0.28982
0.330750000000000 0.29130
0.333200000000000 0.29276
0.335650000000000 0.29422
0.338100000000000 0.29567
0.340550000000000 0.29712
0.343000000000000 0.29856
0.345450000000000 0.29999
0.347900000000000 0.30142
0.350350000000000 0.30284
0.352800000000000 0.30426
0.355250000000000 0.30567
0.357700000000000 0.30708
0.360150000000000 0.30847
0.362600000000000 0.30987
0.365050000000000 0.31126
0.367500000000000 0.31264
0.369950000000000 0.31401
0.372400000000000 0.31539
0.374850000000000 0.31675
0.377300000000000 0.31811
0.379750000000000 0.31947
0.382200000000000 0.32082
0.384650000000000 0.32216
0.387100000000000 0.32350
0.389550000000000 0.32484
0.392000000000000 0.32617
0.394450000000000 0.32749
0.396900000000000 0.32881
0.399350000000000 0.33012
0.401800000000000 0.33143
0.404250000000000 0.33274
0.406700000000000 0.33404
0.409150000000000 0.33533
0.411600000000000 0.33662
0.414050000000000 0.33791
0.416500000000000 0.33919
0.418950000000000 0.34046
0.421400000000000 0.34174
0.423850000000000 0.34300
0.426300000000000 0.34426
0.428750000000000 0.34552
0.431200000000000 0.34678
0.433650000000000 0.34802
0.436100000000000 0.34927
0.438550000000000 0.35051
0.441000000000000 0.35174
0.443450000000000 0.35298
0.445900000000000 0.35420
0.448350000000000 0.35543
0.450800000000000 0.35664
0.453250000000000 0.35786
0.455700000000000 0.35907
0.458150000000000 0.36027
0.460600000000000 0.36148
0.463050000000000 0.36267
0.465500000000000 0.36387
0.467950000000000 0.36506
0.470400000000000 0.36624
0.472850000000000 0.36743
0.475300000000000 0.36860
0.477750000000000 0.36978
0.480200000000000 0.37095
0.482650000000000 0.37211
0.485100000000000 0.37328
0.487550000000000 0.37443
0.490000000000000 0.37559
0.492450000000000 0.37674
0.494900000000000 0.37789
0.497350000000000 0.37903
0.499800000000000 0.38017
0.502250000000000 0.38131
0.504700000000000 0.38244
0.507150000000000 0.38357
0.509600000000000 0.38469
0.512050000000000 0.38582
0.514500000000000 0.38693
0.516950000000000 0.38805
0.519400000000000 0.38916
0.521850000000000 0.39027
0.524300000000000 0.39137
0.526750000000000 0.39247
0.529200000000000 0.39357
0.531650000000000 0.39466
0.534100000000000 0.39575
0.536550000000000 0.39684
0.539000000000000 0.39793
0.541450000000000 0.39901
0.543900000000000 0.40008
0.546350000000000 0.40116
0.548800000000000 0.40223
0.551250000000000 0.40329
0.553700000000000 0.40436
0.556150000000000 0.40542
0.558600000000000 0.40648
0.561050000000000 0.40753
0.563500000000000 0.40858
0.565950000000000 0.40963
0.568400000000000 0.41067
0.570850000000000 0.41172
0.573300000000000 0.41275
0.575750000000000 0.41379
0.578200000000000 0.41482
0.580650000000000 0.41585
0.583100000000000 0.41688
0.585550000000000 0.41790
0.588000000000000 0.41892
0.590450000000000 0.41994
0.592900000000000 0.42095
0.595350000000000 0.42196
0.597800000000000 0.42297
0.600250000000000 0.42397
0.602700000000000 0.42498
0.605150000000000 0.42598
0.607600000000000 0.42697
0.610050000000000 0.42796
0.612500000000000 0.42896
0.614950000000000 0.42994
0.617400000000000 0.43093
0.619850000000000 0.43191
0.622300000000000 0.43289
0.624750000000000 0.43386
0.627200000000000 0.43484
0.629650000000000 0.43581
0.632100000000000 0.43678
0.634550000000000 0.43774
0.637000000000000 0.43870
0.639450000000000 0.43966
0.641900000000000 0.44062
0.644350000000000 0.44157
0.646800000000000 0.44252
0.649250000000000 0.44347
0.651700000000000 0.44441
0.654150000000000 0.44536
0.656600000000000 0.44630
0.659050000000000 0.44723
0.661500000000000 0.44817
0.663950000000000 0.44910
0.666400000000000 0.45003
0.668850000000000 0.45096
0.671300000000000 0.45188
0.673750000000000 0.45280
0.676200000000000 0.45372
0.678650000000000 0.45464
0.681100000000000 0.45555
0.683550000000000 0.45646
0.686000000000000 0.45737
0.688450000000000 0.45827
0.690900000000000 0.45918
0.693350000000000 0.46008
0.695800000000000 0.46097
0.698250000000000 0.46187
0.700700000000000 0.46276
0.703150000000000 0.46365
0.705600000000000 0.46454
0.708050000000000 0.46542
0.710500000000000 0.46630
0.712950000000000 0.46718
0.715400000000000 0.46806
0.717850000000000 0.46894
0.720300000000000 0.46981
0.722750000000000 0.47068
0.725200000000000 0.47155
0.727650000000000 0.47241
0.730100000000000 0.47327
0.732550000000000 0.47413
0.735000000000000 0.47499
0.737450000000000 0.47584
0.739900000000000 0.47670
0.742350000000000 0.47755
0.744800000000000 0.47839
0.747250000000000 0.47924
0.749700000000000 0.48008
0.752150000000000 0.48092
0.754600000000000 0.48176
0.757050000000000 0.48259
0.759500000000000 0.48343
0.761950000000000 0.48426
0.764400000000000 0.48508
0.766850000000000 0.48591
0.769300000000000 0.48673
0.771750000000000 0.48755
0.774200000000000 0.48837
0.776650000000000 0.48919
0.779100000000000 0.49000
0.781550000000000 0.49081
0.784000000000000 0.49162
0.786450000000000 0.49243
0.788900000000000 0.49323
0.791350000000000 0.49403
0.793800000000000 0.49483
0.796250000000000 0.49563
0.798700000000000 0.49642
0.801150000000000 0.49721
0.803600000000000 0.49800
0.806050000000000 0.49879
0.808500000000000 0.49958
0.810950000000000 0.50036
0.813400000000000 0.50114
0.815850000000000 0.50192
0.818300000000000 0.50269
0.820750000000000 0.50346
0.823200000000000 0.50424
0.825650000000000 0.50500
0.828100000000000 0.50577
0.830550000000000 0.50653
0.833000000000000 0.50729
0.835450000000000 0.50805
0.837900000000000 0.50881
0.840350000000000 0.50956
0.842800000000000 0.51032
0.845250000000000 0.51107
0.847700000000000 0.51181
0.850150000000000 0.51256
0.852600000000000 0.51330
0.855050000000000 0.51404
0.857500000000000 0.51478
0.859950000000000 0.51552
0.862400000000000 0.51625
0.864850000000000 0.51698
0.867300000000000 0.51771
0.869750000000000 0.51844
0.872200000000000 0.51916
0.874650000000000 0.51988
0.877100000000000 0.52060
0.879550000000000 0.52132
0.882000000000000 0.52203
0.884450000000000 0.52275
0.886900000000000 0.52346
0.889350000000000 0.52416
0.891800000000000 0.52487
0.894250000000000 0.52557
0.896700000000000 0.52627
0.899150000000000 0.52697
0.901600000000000 0.52767
0.904050000000000 0.52836
0.906500000000000 0.52905
0.908950000000000 0.52974
0.911400000000000 0.53043
0.913850000000000 0.53111
0.916300000000000 0.53180
0.918750000000000 0.53248
0.921200000000000 0.53316
0.923650000000000 0.53383
0.926100000000000 0.53450
0.928550000000000 0.53517
0.931000000000000 0.53584
0.933450000000000 0.53651
0.935900000000000 0.53717
0.938350000000000 0.53784
0.940800000000000 0.53849
0.943250000000000 0.53915
0.945700000000000 0.53981
0.948150000000000 0.54046
0.950600000000000 0.54111
0.953050000000000 0.54176
0.955500000000000 0.54240
0.957950000000000 0.54304
0.960400000000000 0.54368
0.962850000000000 0.54432
0.965300000000000 0.54496
0.967750000000000 0.54559
0.970200000000000 0.54622
0.972650000000000 0.54685
0.975100000000000 0.54748
0.977550000000000 0.54810
0.980000000000000 0.54873
0.982450000000000 0.54935
0.984900000000000 0.54996
0.987350000000000 0.55058
0.989800000000000 0.55119
0.992250000000000 0.55180
0.994700000000000 0.55241
0.997150000000000 0.55301
0.999600000000000 0.55362
1.00205000000000 0.55422
1.00450000000000 0.55482
1.00695000000000 0.55541
1.00940000000000 0.55600
1.01185000000000 0.55660
1.01430000000000 0.55718
1.01675000000000 0.55777
1.01920000000000 0.55835
1.02165000000000 0.55894
1.02410000000000 0.55951
1.02655000000000 0.56009
1.02900000000000 0.56067
1.03145000000000 0.56124
1.03390000000000 0.56181
1.03635000000000 0.56238
1.03880000000000 0.56294
1.04125000000000 0.56350
1.04370000000000 0.56406
1.04615000000000 0.56462
1.04860000000000 0.56518
1.05105000000000 0.56573
1.05350000000000 0.56628
1.05595000000000 0.56683
1.05840000000000 0.56737
1.06085000000000 0.56791
1.06330000000000 0.56846
1.06575000000000 0.56899
1.06820000000000 0.56953
1.07065000000000 0.57006
1.07310000000000 0.57059
1.07555000000000 0.57112
1.07800000000000 0.57165
1.08045000000000 0.57217
1.08290000000000 0.57269
1.08535000000000 0.57321
1.08780000000000 0.57373
1.09025000000000 0.57424
1.09270000000000 0.57475
1.09515000000000 0.57526
1.09760000000000 0.57577
1.10005000000000 0.57627
1.10250000000000 0.57677
1.10495000000000 0.57727
1.10740000000000 0.57777
1.10985000000000 0.57826
1.11230000000000 0.57875
1.11475000000000 0.57924
1.11720000000000 0.57973
1.11965000000000 0.58021
1.12210000000000 0.58069
1.12455000000000 0.58117
1.12700000000000 0.58164
1.12945000000000 0.58212
1.13190000000000 0.58259
1.13435000000000 0.58306
1.13680000000000 0.58352
1.13925000000000 0.58399
1.14170000000000 0.58445
1.14415000000000 0.58490
1.14660000000000 0.58536
1.14905000000000 0.58581
1.15150000000000 0.58626
1.15395000000000 0.58671
1.15640000000000 0.58715
1.15885000000000 0.58760
1.16130000000000 0.58804
1.16375000000000 0.58847
1.16620000000000 0.58891
1.16865000000000 0.58934
1.17110000000000 0.58977
1.17355000000000 0.59020
1.17600000000000 0.59062
1.17845000000000 0.59104
1.18090000000000 0.59146
1.18335000000000 0.59188
1.18580000000000 0.59229
1.18825000000000 0.59270
1.19070000000000 0.59311
1.19315000000000 0.59351
1.19560000000000 0.59392
1.19805000000000 0.59432
1.20050000000000 0.59472
1.20295000000000 0.59511
1.20540000000000 0.59550
1.20785000000000 0.59589
1.21030000000000 0.59628
1.21275000000000 0.59666
1.21520000000000 0.59704
1.21765000000000 0.59742
1.22010000000000 0.59780
1.22255000000000 0.59817
1.22500000000000 0.59854
1.22745000000000 0.59891
1.22990000000000 0.59927
1.23235000000000 0.59964
1.23480000000000 0.60000
1.23725000000000 0.60035
1.23970000000000 0.60071
1.24215000000000 0.60106
1.24460000000000 0.60141
1.24705000000000 0.60175
1.24950000000000 0.60209
1.25195000000000 0.60243
1.25440000000000 0.60277
1.25685000000000 0.60311
1.25930000000000 0.60344
1.26175000000000 0.60377
1.26420000000000 0.60409
1.26665000000000 0.60442
1.26910000000000 0.60474
1.27155000000000 0.60505
1.27400000000000 0.60537
1.27645000000000 0.60568
1.27890000000000 0.60599
1.28135000000000 0.60630
1.28380000000000 0.60660
1.28625000000000 0.60690
1.28870000000000 0.60720
1.29115000000000 0.60749
1.29360000000000 0.60778
1.29605000000000 0.60807
1.29850000000000 0.60836
1.30095000000000 0.60864
1.30340000000000 0.60892
1.30585000000000 0.60920
1.30830000000000 0.60948
1.31075000000000 0.60975
1.31320000000000 0.61002
1.31565000000000 0.61028
1.31810000000000 0.61055
1.32055000000000 0.61081
1.32300000000000 0.61106
1.32545000000000 0.61132
1.32790000000000 0.61157
1.33035000000000 0.61182
1.33280000000000 0.61206
1.33525000000000 0.61231
1.33770000000000 0.61255
1.34015000000000 0.61278
1.34260000000000 0.61302
1.34505000000000 0.61325
1.34750000000000 0.61348
1.34995000000000 0.61370
1.35240000000000 0.61392
1.35485000000000 0.61414
1.35730000000000 0.61436
1.35975000000000 0.61457
1.36220000000000 0.61478
1.36465000000000 0.61499
1.36710000000000 0.61519
1.36955000000000 0.61539
1.37200000000000 0.61559
1.37445000000000 0.61579
1.37690000000000 0.61598
1.37935000000000 0.61617
1.38180000000000 0.61635
1.38425000000000 0.61654
1.38670000000000 0.61672
1.38915000000000 0.61690
1.39160000000000 0.61707
1.39405000000000 0.61724
1.39650000000000 0.61741
1.39895000000000 0.61757
1.40140000000000 0.61774
1.40385000000000 0.61790
1.40630000000000 0.61805
1.40875000000000 0.61820
1.41120000000000 0.61835
1.41365000000000 0.61850
1.41610000000000 0.61864
1.41855000000000 0.61878
1.42100000000000 0.61892
1.42345000000000 0.61906
1.42590000000000 0.61919
1.42835000000000 0.61932
1.43080000000000 0.61944
1.43325000000000 0.61956
1.43570000000000 0.61968
1.43815000000000 0.61980
1.44060000000000 0.61991
1.44305000000000 0.62002
1.44550000000000 0.62013
1.44795000000000 0.62023
1.45040000000000 0.62033
1.45285000000000 0.62043
1.45530000000000 0.62053
1.45775000000000 0.62062
1.46020000000000 0.62071
1.46265000000000 0.62079
1.46510000000000 0.62087
1.46755000000000 0.62095
1.47000000000000 0.62103
1.47245000000000 0.62110
1.47490000000000 0.62117
1.47735000000000 0.62124
1.47980000000000 0.62130
1.48225000000000 0.62136
1.48470000000000 0.62142
1.48715000000000 0.62147
1.48960000000000 0.62152
1.49205000000000 0.62157
1.49450000000000 0.62162
1.49695000000000 0.62166
1.49940000000000 0.62170
1.50185000000000 0.62173
1.50430000000000 0.62177
1.50675000000000 0.62179
1.50920000000000 0.62182
1.51165000000000 0.62184
1.51410000000000 0.62186
1.51655000000000 0.62188
1.51900000000000 0.62189
1.52145000000000 0.62190
1.52390000000000 0.62191
1.52635000000000 0.62192
1.52880000000000 0.62192
1.53125000000000 0.62192
1.53370000000000 0.62191
1.53615000000000 0.62190
1.53860000000000 0.62189
1.54105000000000 0.62188
1.54350000000000 0.62186
1.54595000000000 0.62184
1.54840000000000 0.62182
1.55085000000000 0.62179
1.55330000000000 0.62176
1.55575000000000 0.62173
1.55820000000000 0.62169
1.56065000000000 0.62165
1.56310000000000 0.62161
1.56555000000000 0.62156
1.56800000000000 0.62151
1.57045000000000 0.62146
1.57290000000000 0.62141
1.57535000000000 0.62135
1.57780000000000 0.62129
1.58025000000000 0.62123
1.58270000000000 0.62116
1.58515000000000 0.62109
1.58760000000000 0.62101
1.59005000000000 0.62094
1.59250000000000 0.62086
1.59495000000000 0.62078
1.59740000000000 0.62069
1.59985000000000 0.62060
1.60230000000000 0.62051
1.60475000000000 0.62041
1.60720000000000 0.62032
1.60965000000000 0.62021
1.61210000000000 0.62011
1.61455000000000 0.62000
1.61700000000000 0.61989
1.61945000000000 0.61978
1.62190000000000 0.61966
1.62435000000000 0.61954
1.62680000000000 0.61942
1.62925000000000 0.61929
1.63170000000000 0.61916
1.63415000000000 0.61903
1.63660000000000 0.61890
1.63905000000000 0.61876
1.64150000000000 0.61862
1.64395000000000 0.61847
1.64640000000000 0.61833
1.64885000000000 0.61818
1.65130000000000 0.61802
1.65375000000000 0.61787
1.65620000000000 0.61771
1.65865000000000 0.61755
1.66110000000000 0.61738
1.66355000000000 0.61721
1.66600000000000 0.61704
1.66845000000000 0.61686
1.67090000000000 0.61669
1.67335000000000 0.61651
1.67580000000000 0.61632
1.67825000000000 0.61614
1.68070000000000 0.61595
1.68315000000000 0.61575
1.68560000000000 0.61556
1.68805000000000 0.61536
1.69050000000000 0.61516
1.69295000000000 0.61495
1.69540000000000 0.61475
1.69785000000000 0.61453
1.70030000000000 0.61432
1.70275000000000 0.61410
1.70520000000000 0.61388
1.70765000000000 0.61366
1.71010000000000 0.61344
1.71255000000000 0.61321
1.71500000000000 0.61298
1.71745000000000 0.61274
1.71990000000000 0.61251
1.72235000000000 0.61227
1.72480000000000 0.61202
1.72725000000000 0.61178
1.72970000000000 0.61153
1.73215000000000 0.61128
1.73460000000000 0.61102
1.73705000000000 0.61076
1.73950000000000 0.61050
1.74195000000000 0.61024
1.74440000000000 0.60997
1.74685000000000 0.60970
1.74930000000000 0.60943
1.75175000000000 0.60916
1.75420000000000 0.60888
1.75665000000000 0.60860
1.75910000000000 0.60832
1.76155000000000 0.60803
1.76400000000000 0.60774
1.76645000000000 0.60745
1.76890000000000 0.60715
1.77135000000000 0.60685
1.77380000000000 0.60655
1.77625000000000 0.60625
1.77870000000000 0.60594
1.78115000000000 0.60563
1.78360000000000 0.60532
1.78605000000000 0.60501
1.78850000000000 0.60469
1.79095000000000 0.60437
1.79340000000000 0.60405
1.79585000000000 0.60372
1.79830000000000 0.60339
1.80075000000000 0.60306
1.80320000000000 0.60272
1.80565000000000 0.60239
1.80810000000000 0.60205
1.81055000000000 0.60170
1.81300000000000 0.60136
1.81545000000000 0.60101
1.81790000000000 0.60066
1.82035000000000 0.60030
1.82280000000000 0.59995
1.82525000000000 0.59959
1.82770000000000 0.59923
1.83015000000000 0.59886
1.83260000000000 0.59849
1.83505000000000 0.59812
1.83750000000000 0.59775
1.83995000000000 0.59737
1.84240000000000 0.59699
1.84485000000000 0.59661
1.84730000000000 0.59623
1.84975000000000 0.59584
1.85220000000000 0.59545
1.85465000000000 0.59506
1.85710000000000 0.59467
1.85955000000000 0.59427
1.86200000000000 0.59387
1.86445000000000 0.59346
1.86690000000000 0.59306
1.86935000000000 0.59265
1.87180000000000 0.59224
1.87425000000000 0.59183
1.87670000000000 0.59141
1.87915000000000 0.59099
1.88160000000000 0.59057
1.88405000000000 0.59015
1.88650000000000 0.58972
1.88895000000000 0.58929
1.89140000000000 0.58886
1.89385000000000 0.58842
1.89630000000000 0.58799
1.89875000000000 0.58755
1.90120000000000 0.58710
1.90365000000000 0.58666
1.90610000000000 0.58621
1.90855000000000 0.58576
1.91100000000000 0.58531
1.91345000000000 0.58486
1.91590000000000 0.58440
1.91835000000000 0.58394
1.92080000000000 0.58347
1.92325000000000 0.58301
1.92570000000000 0.58254
1.92815000000000 0.58207
1.93060000000000 0.58160
1.93305000000000 0.58112
1.93550000000000 0.58064
1.93795000000000 0.58016
1.94040000000000 0.57968
1.94285000000000 0.57919
1.94530000000000 0.57871
1.94775000000000 0.57821
1.95020000000000 0.57772
1.95265000000000 0.57723
1.95510000000000 0.57673
1.95755000000000 0.57623
1.96000000000000 0.57572
1.96245000000000 0.57522
1.96490000000000 0.57471
1.96735000000000 0.57420
1.96980000000000 0.57369
1.97225000000000 0.57317
1.97470000000000 0.57265
1.97715000000000 0.57213
1.97960000000000 0.57161
1.98205000000000 0.57108
1.98450000000000 0.57056
1.98695000000000 0.57003
1.98940000000000 0.56949
1.99185000000000 0.56896
1.99430000000000 0.56842
1.99675000000000 0.56788
1.99920000000000 0.56734
2.00165000000000 0.56679
2.00410000000000 0.56625
2.00655000000000 0.56569
2.00900000000000 0.56514
2.01145000000000 0.56459
2.01390000000000 0.56403
2.01635000000000 0.56347
2.01880000000000 0.56291
2.02125000000000 0.56234
2.02370000000000 0.56178
2.02615000000000 0.56121
2.02860000000000 0.56064
2.03105000000000 0.56006
2.03350000000000 0.55949
2.03595000000000 0.55891
2.03840000000000 0.55833
2.04085000000000 0.55774
2.04330000000000 0.55716
2.04575000000000 0.55657
2.04820000000000 0.55598
2.05065000000000 0.55539
2.05310000000000 0.55479
2.05555000000000 0.55419
2.05800000000000 0.55359
2.06045000000000 0.55299
2.06290000000000 0.55239
2.06535000000000 0.55178
2.06780000000000 0.55117
2.07025000000000 0.55056
2.07270000000000 0.54994
2.07515000000000 0.54933
2.07760000000000 0.54871
2.08005000000000 0.54809
2.08250000000000 0.54747
2.08495000000000 0.54684
2.08740000000000 0.54621
2.08985000000000 0.54558
2.09230000000000 0.54495
2.09475000000000 0.54431
2.09720000000000 0.54368
2.09965000000000 0.54304
2.10210000000000 0.54239
2.10455000000000 0.54175
2.10700000000000 0.54110
2.10945000000000 0.54045
2.11190000000000 0.53980
2.11435000000000 0.53915
2.11680000000000 0.53849
2.11925000000000 0.53784
2.12170000000000 0.53718
2.12415000000000 0.53651
2.12660000000000 0.53585
2.12905000000000 0.53518
2.13150000000000 0.53451
2.13395000000000 0.53384
2.13640000000000 0.53316
2.13885000000000 0.53249
2.14130000000000 0.53181
2.14375000000000 0.53113
2.14620000000000 0.53044
2.14865000000000 0.52976
2.15110000000000 0.52907
2.15355000000000 0.52838
2.15600000000000 0.52769
2.15845000000000 0.52699
2.16090000000000 0.52629
2.16335000000000 0.52559
2.16580000000000 0.52489
2.16825000000000 0.52419
2.17070000000000 0.52348
2.17315000000000 0.52277
2.17560000000000 0.52206
2.17805000000000 0.52135
2.18050000000000 0.52063
2.18295000000000 0.51991
2.18540000000000 0.51919
2.18785000000000 0.51847
2.19030000000000 0.51775
2.19275000000000 0.51702
2.19520000000000 0.51629
2.19765000000000 0.51556
2.20010000000000 0.51482
2.20255000000000 0.51409
2.20500000000000 0.51335
2.20745000000000 0.51261
2.20990000000000 0.51186
2.21235000000000 0.51112
2.21480000000000 0.51037
2.21725000000000 0.50962
2.21970000000000 0.50887
2.22215000000000 0.50811
2.22460000000000 0.50735
2.22705000000000 0.50659
2.22950000000000 0.50583
2.23195000000000 0.50507
2.23440000000000 0.50430
2.23685000000000 0.50353
2.23930000000000 0.50276
2.24175000000000 0.50199
2.24420000000000 0.50121
2.24665000000000 0.50043
2.24910000000000 0.49965
2.25155000000000 0.49887
2.25400000000000 0.49808
2.25645000000000 0.49730
2.25890000000000 0.49651
2.26135000000000 0.49571
2.26380000000000 0.49492
2.26625000000000 0.49412
2.26870000000000 0.49332
2.27115000000000 0.49252
2.27360000000000 0.49172
2.27605000000000 0.49091
2.27850000000000 0.49010
2.28095000000000 0.48929
2.28340000000000 0.48848
2.28585000000000 0.48766
2.28830000000000 0.48684
2.29075000000000 0.48602
2.29320000000000 0.48520
2.29565000000000 0.48437
2.29810000000000 0.48354
2.30055000000000 0.48271
2.30300000000000 0.48188
2.30545000000000 0.48105
2.30790000000000 0.48021
2.31035000000000 0.47937
2.31280000000000 0.47853
2.31525000000000 0.47768
2.31770000000000 0.47683
2.32015000000000 0.47598
2.32260000000000 0.47513
2.32505000000000 0.47428
2.32750000000000 0.47342
2.32995000000000 0.47256
2.33240000000000 0.47170
2.33485000000000 0.47083
2.33730000000000 0.46996
2.33975000000000 0.46910
2.34220000000000 0.46822
2.34465000000000 0.46735
2.34710000000000 0.46647
2.34955000000000 0.46559
2.35200000000000 0.46471
2.35445000000000 0.46382
2.35690000000000 0.46294
2.35935000000000 0.46205
2.36180000000000 0.46116
2.36425000000000 0.46026
2.36670000000000 0.45936
2.36915000000000 0.45846
2.37160000000000 0.45756
2.37405000000000 0.45666
2.37650000000000 0.45575
2.37895000000000 0.45484
2.38140000000000 0.45392
2.38385000000000 0.45301
2.38630000000000 0.45209
2.38875000000000 0.45117
2.39120000000000 0.45025
2.39365000000000 0.44932
2.39610000000000 0.44839
2.39855000000000 0.44746
2.40100000000000 0.44653
2.40345000000000 0.44559
2.40590000000000 0.44465
2.40835000000000 0.44371
2.41080000000000 0.44276
2.41325000000000 0.44181
2.41570000000000 0.44086
2.41815000000000 0.43991
2.42060000000000 0.43895
2.42305000000000 0.43800
2.42550000000000 0.43704
2.42795000000000 0.43607
2.43040000000000 0.43510
2.43285000000000 0.43413
2.43530000000000 0.43316
2.43775000000000 0.43219
2.44020000000000 0.43121
2.44265000000000 0.43023
2.44510000000000 0.42924
2.44755000000000 0.42826
2.45000000000000 0.42727
2.45245000000000 0.42628
2.45490000000000 0.42528
2.45735000000000 0.42428
2.45980000000000 0.42328
2.46225000000000 0.42228
2.46470000000000 0.42127
2.46715000000000 0.42026
2.46960000000000 0.41925
2.47205000000000 0.41823
2.47450000000000 0.41721
2.47695000000000 0.41619
2.47940000000000 0.41516
2.48185000000000 0.41413
2.48430000000000 0.41310
2.48675000000000 0.41207
2.48920000000000 0.41103
2.49165000000000 0.40999
2.49410000000000 0.40895
2.49655000000000 0.40790
2.49900000000000 0.40685
2.50145000000000 0.40580
2.50390000000000 0.40474
2.50635000000000 0.40368
2.50880000000000 0.40262
2.51125000000000 0.40155
2.51370000000000 0.40048
2.51615000000000 0.39941
2.51860000000000 0.39833
2.52105000000000 0.39726
2.52350000000000 0.39617
2.52595000000000 0.39509
2.52840000000000 0.39400
2.53085000000000 0.39291
2.53330000000000 0.39181
2.53575000000000 0.39071
2.53820000000000 0.38961
2.54065000000000 0.38850
2.54310000000000 0.38739
2.54555000000000 0.38628
2.54800000000000 0.38516
2.55045000000000 0.38404
2.55290000000000 0.38292
2.55535000000000 0.38179
2.55780000000000 0.38066
2.56025000000000 0.37953
2.56270000000000 0.37839
2.56515000000000 0.37724
2.56760000000000 0.37610
2.57005000000000 0.37495
2.57250000000000 0.37380
2.57495000000000 0.37264
2.57740000000000 0.37148
2.57985000000000 0.37032
2.58230000000000 0.36915
2.58475000000000 0.36797
2.58720000000000 0.36680
2.58965000000000 0.36562
2.59210000000000 0.36443
2.59455000000000 0.36325
2.59700000000000 0.36205
2.59945000000000 0.36086
2.60190000000000 0.35966
2.60435000000000 0.35846
2.60680000000000 0.35725
2.60925000000000 0.35603
2.61170000000000 0.35482
2.61415000000000 0.35360
2.61660000000000 0.35237
2.61905000000000 0.35114
2.62150000000000 0.34991
2.62395000000000 0.34867
2.62640000000000 0.34743
2.62885000000000 0.34618
2.63130000000000 0.34493
2.63375000000000 0.34368
2.63620000000000 0.34242
2.63865000000000 0.34115
2.64110000000000 0.33988
2.64355000000000 0.33861
2.64600000000000 0.33733
2.64845000000000 0.33605
2.65090000000000 0.33476
2.65335000000000 0.33347
2.65580000000000 0.33217
2.65825000000000 0.33087
2.66070000000000 0.32957
2.66315000000000 0.32825
2.66560000000000 0.32694
2.66805000000000 0.32562
2.67050000000000 0.32429
2.67295000000000 0.32296
2.67540000000000 0.32162
2.67785000000000 0.32028
2.68030000000000 0.31893
2.68275000000000 0.31758
2.68520000000000 0.31622
2.68765000000000 0.31486
2.69010000000000 0.31349
2.69255000000000 0.31212
2.69500000000000 0.31074
2.69745000000000 0.30935
2.69990000000000 0.30796
2.70235000000000 0.30657
2.70480000000000 0.30517
2.70725000000000 0.30376
2.70970000000000 0.30235
2.71215000000000 0.30093
2.71460000000000 0.29950
2.71705000000000 0.29807
2.71950000000000 0.29664
2.72195000000000 0.29519
2.72440000000000 0.29375
2.72685000000000 0.29229
2.72930000000000 0.29083
2.73175000000000 0.28936
2.73420000000000 0.28789
2.73665000000000 0.28641
2.73910000000000 0.28492
2.74155000000000 0.28343
2.74400000000000 0.28193
2.74645000000000 0.28042
2.74890000000000 0.27891
2.75135000000000 0.27739
2.75380000000000 0.27586
2.75625000000000 0.27433
2.75870000000000 0.27279
2.76115000000000 0.27124
2.76360000000000 0.26969
2.76605000000000 0.26812
2.76850000000000 0.26655
2.77095000000000 0.26498
2.77340000000000 0.26339
2.77585000000000 0.26180
2.77830000000000 0.26020
2.78075000000000 0.25859
2.78320000000000 0.25698
2.78565000000000 0.25535
2.78810000000000 0.25372
2.79055000000000 0.25208
2.79300000000000 0.25044
2.79545000000000 0.24878
2.79790000000000 0.24712
2.80035000000000 0.24545
2.80280000000000 0.24377
2.80525000000000 0.24208
2.80770000000000 0.24038
2.81015000000000 0.23867
2.81260000000000 0.23696
2.81505000000000 0.23523
2.81750000000000 0.23350
2.81995000000000 0.23175
2.82240000000000 0.23000
2.82485000000000 0.22824
2.82730000000000 0.22647
2.82975000000000 0.22469
2.83220000000000 0.22290
2.83465000000000 0.22110
2.83710000000000 0.21929
2.83955000000000 0.21747
2.84200000000000 0.21564
2.84445000000000 0.21379
2.84690000000000 0.21194
2.84935000000000 0.21008
2.85180000000000 0.20821
2.85425000000000 0.20632
2.85670000000000 0.20443
2.85915000000000 0.20252
2.86160000000000 0.20061
2.86405000000000 0.19868
2.86650000000000 0.19674
2.86895000000000 0.19479
2.87140000000000 0.19282
2.87385000000000 0.19085
2.87630000000000 0.18886
2.87875000000000 0.18686
2.88120000000000 0.18485
2.88365000000000 0.18283
2.88610000000000 0.18079
2.88855000000000 0.17874
2.89100000000000 0.17668
2.89345000000000 0.17460
2.89590000000000 0.17252
2.89835000000000 0.17041
2.90080000000000 0.16830
2.90325000000000 0.16617
2.90570000000000 0.16403
2.90815000000000 0.16187
2.91060000000000 0.15970
2.91305000000000 0.15752
2.91550000000000 0.15532
2.91795000000000 0.15311
2.92040000000000 0.15088
2.92285000000000 0.14864
2.92530000000000 0.14638
2.92775000000000 0.14411
2.93020000000000 0.14183
2.93265000000000 0.13953
2.93510000000000 0.13721
2.93755000000000 0.13488
2.94000000000000 0.13253
2.94245000000000 0.13017
2.94490000000000 0.12779
2.94735000000000 0.12540
2.94980000000000 0.12299
2.95225000000000 0.12056
2.95470000000000 0.11812
2.95715000000000 0.11566
2.95960000000000 0.11319
2.96205000000000 0.11070
2.96450000000000 0.10820
2.96695000000000 0.10567
2.96940000000000 0.10314
2.97185000000000 0.10058
2.97430000000000 0.098015
2.97675000000000 0.095430
2.97920000000000 0.092830
2.98165000000000 0.090213
2.98410000000000 0.087582
2.98655000000000 0.084934
2.98900000000000 0.082271
2.99145000000000 0.079594
2.99390000000000 0.076901
2.99635000000000 0.074193
2.99880000000000 0.071471
3.00125000000000 0.068735
3.00370000000000 0.065985
3.00615000000000 0.063221
3.00860000000000 0.060443
3.01105000000000 0.057653
3.01350000000000 0.054850
3.01595000000000 0.052035
3.01840000000000 0.049208
3.02085000000000 0.046369
3.02330000000000 0.043520
3.02575000000000 0.040660
3.02820000000000 0.037791
3.03065000000000 0.034912
3.03310000000000 0.032025
3.03555000000000 0.029130
3.03800000000000 0.026227
3.04045000000000 0.023317
3.04290000000000 0.020401
3.04535000000000 0.017480
3.04780000000000 0.014554
3.05025000000000 0.011623
3.05270000000000 0.0086899
3.05515000000000 0.0057537
3.05760000000000 0.0028155
3.06005000000000 -0.00012380
3.06250000000000 -0.0030635
3.06495000000000 -0.0060029
3.06740000000000 -0.0089413
3.06985000000000 -0.011878
3.07230000000000 -0.014812
3.07475000000000 -0.017742
3.07720000000000 -0.020669
3.07965000000000 -0.023591
3.08210000000000 -0.026508
3.08455000000000 -0.029418
3.08700000000000 -0.032322
3.08945000000000 -0.035218
3.09190000000000 -0.038106
3.09435000000000 -0.040986
3.09680000000000 -0.043856
3.09925000000000 -0.046717
3.10170000000000 -0.049567
3.10415000000000 -0.052406
3.10660000000000 -0.055234
3.10905000000000 -0.058050
3.11150000000000 -0.060854
3.11395000000000 -0.063645
3.11640000000000 -0.066423
3.11885000000000 -0.069188
3.12130000000000 -0.071939
3.12375000000000 -0.074676
3.12620000000000 -0.077398
3.12865000000000 -0.080106
3.13110000000000 -0.082799
3.13355000000000 -0.085477
3.13600000000000 -0.088140
3.13845000000000 -0.090787
3.14090000000000 -0.093419
3.14335000000000 -0.096035
3.14580000000000 -0.098635
3.14825000000000 -0.10122
3.15070000000000 -0.10379
3.15315000000000 -0.10634
3.15560000000000 -0.10888
3.15805000000000 -0.11139
3.16050000000000 -0.11390
3.16295000000000 -0.11639
3.16540000000000 -0.11886
3.16785000000000 -0.12131
3.17030000000000 -0.12375
3.17275000000000 -0.12618
3.17520000000000 -0.12858
3.17765000000000 -0.13097
3.18010000000000 -0.13335
3.18255000000000 -0.13571
3.18500000000000 -0.13806
3.18745000000000 -0.14038
3.18990000000000 -0.14270
3.19235000000000 -0.14500
3.19480000000000 -0.14728
3.19725000000000 -0.14955
3.19970000000000 -0.15180
3.20215000000000 -0.15404
3.20460000000000 -0.15626
3.20705000000000 -0.15847
3.20950000000000 -0.16066
3.21195000000000 -0.16284
3.21440000000000 -0.16501
3.21685000000000 -0.16716
3.21930000000000 -0.16930
3.22175000000000 -0.17142
3.22420000000000 -0.17353
3.22665000000000 -0.17563
3.22910000000000 -0.17771
3.23155000000000 -0.17978
3.23400000000000 -0.18184
3.23645000000000 -0.18389
3.23890000000000 -0.18592
3.24135000000000 -0.18794
3.24380000000000 -0.18994
3.24625000000000 -0.19194
3.24870000000000 -0.19392
3.25115000000000 -0.19589
3.25360000000000 -0.19785
3.25605000000000 -0.19979
3.25850000000000 -0.20173
3.26095000000000 -0.20365
3.26340000000000 -0.20556
3.26585000000000 -0.20747
3.26830000000000 -0.20935
3.27075000000000 -0.21123
3.27320000000000 -0.21310
3.27565000000000 -0.21496
3.27810000000000 -0.21680
3.28055000000000 -0.21864
3.28300000000000 -0.22047
3.28545000000000 -0.22228
3.28790000000000 -0.22409
3.29035000000000 -0.22588
3.29280000000000 -0.22767
3.29525000000000 -0.22944
3.29770000000000 -0.23121
3.30015000000000 -0.23296
3.30260000000000 -0.23471
3.30505000000000 -0.23645
3.30750000000000 -0.23818
3.30995000000000 -0.23990
3.31240000000000 -0.24161
3.31485000000000 -0.24331
3.31730000000000 -0.24500
3.31975000000000 -0.24668
3.32220000000000 -0.24836
3.32465000000000 -0.25002
3.32710000000000 -0.25168
3.32955000000000 -0.25333
3.33200000000000 -0.25497
3.33445000000000 -0.25661
3.33690000000000 -0.25823
3.33935000000000 -0.25985
3.34180000000000 -0.26146
3.34425000000000 -0.26306
3.34670000000000 -0.26466
3.34915000000000 -0.26624
3.35160000000000 -0.26782
3.35405000000000 -0.26939
3.35650000000000 -0.27096
3.35895000000000 -0.27251
3.36140000000000 -0.27406
3.36385000000000 -0.27561
3.36630000000000 -0.27714
3.36875000000000 -0.27867
3.37120000000000 -0.28019
3.37365000000000 -0.28171
3.37610000000000 -0.28321
3.37855000000000 -0.28472
3.38100000000000 -0.28621
3.38345000000000 -0.28770
3.38590000000000 -0.28918
3.38835000000000 -0.29065
3.39080000000000 -0.29212
3.39325000000000 -0.29358
3.39570000000000 -0.29504
3.39815000000000 -0.29649
3.40060000000000 -0.29793
3.40305000000000 -0.29937
3.40550000000000 -0.30080
3.40795000000000 -0.30223
3.41040000000000 -0.30365
3.41285000000000 -0.30506
3.41530000000000 -0.30647
3.41775000000000 -0.30787
3.42020000000000 -0.30927
3.42265000000000 -0.31066
3.42510000000000 -0.31204
3.42755000000000 -0.31342
3.43000000000000 -0.31479
3.43245000000000 -0.31616
3.43490000000000 -0.31753
3.43735000000000 -0.31888
3.43980000000000 -0.32024
3.44225000000000 -0.32158
3.44470000000000 -0.32292
3.44715000000000 -0.32426
3.44960000000000 -0.32559
3.45205000000000 -0.32692
3.45450000000000 -0.32824
3.45695000000000 -0.32956
3.45940000000000 -0.33087
3.46185000000000 -0.33218
3.46430000000000 -0.33348
3.46675000000000 -0.33477
3.46920000000000 -0.33607
3.47165000000000 -0.33735
3.47410000000000 -0.33864
3.47655000000000 -0.33991
3.47900000000000 -0.34119
3.48145000000000 -0.34246
3.48390000000000 -0.34372
3.48635000000000 -0.34498
3.48880000000000 -0.34624
3.49125000000000 -0.34749
3.49370000000000 -0.34873
3.49615000000000 -0.34997
3.49860000000000 -0.35121
3.50105000000000 -0.35245
3.50350000000000 -0.35367
3.50595000000000 -0.35490
3.50840000000000 -0.35612
3.51085000000000 -0.35733
3.51330000000000 -0.35855
3.51575000000000 -0.35975
3.51820000000000 -0.36096
3.52065000000000 -0.36216
3.52310000000000 -0.36335
3.52555000000000 -0.36454
3.52800000000000 -0.36573
3.53045000000000 -0.36692
3.53290000000000 -0.36810
3.53535000000000 -0.36927
3.53780000000000 -0.37044
3.54025000000000 -0.37161
3.54270000000000 -0.37277
3.54515000000000 -0.37393
3.54760000000000 -0.37509
3.55005000000000 -0.37624
3.55250000000000 -0.37739
3.55495000000000 -0.37854
3.55740000000000 -0.37968
3.55985000000000 -0.38082
3.56230000000000 -0.38195
3.56475000000000 -0.38308
3.56720000000000 -0.38421
3.56965000000000 -0.38533
3.57210000000000 -0.38645
3.57455000000000 -0.38757
3.57700000000000 -0.38868
3.57945000000000 -0.38979
3.58190000000000 -0.39089
3.58435000000000 -0.39200
3.58680000000000 -0.39310
3.58925000000000 -0.39419
3.59170000000000 -0.39528
3.59415000000000 -0.39637
3.59660000000000 -0.39746
3.59905000000000 -0.39854
3.60150000000000 -0.39962
3.60395000000000 -0.40069
3.60640000000000 -0.40176
3.60885000000000 -0.40283
3.61130000000000 -0.40390
3.61375000000000 -0.40496
3.61620000000000 -0.40602
3.61865000000000 -0.40708
3.62110000000000 -0.40813
3.62355000000000 -0.40918
3.62600000000000 -0.41022
3.62845000000000 -0.41127
3.63090000000000 -0.41231
3.63335000000000 -0.41334
3.63580000000000 -0.41438
3.63825000000000 -0.41541
3.64070000000000 -0.41644
3.64315000000000 -0.41746
3.64560000000000 -0.41848
3.64805000000000 -0.41950
3.65050000000000 -0.42052
3.65295000000000 -0.42153
3.65540000000000 -0.42254
3.65785000000000 -0.42354
3.66030000000000 -0.42455
3.66275000000000 -0.42555
3.66520000000000 -0.42655
3.66765000000000 -0.42754
3.67010000000000 -0.42853
3.67255000000000 -0.42952
3.67500000000000 -0.43051
3.67745000000000 -0.43149
3.67990000000000 -0.43247
3.68235000000000 -0.43345
3.68480000000000 -0.43442
3.68725000000000 -0.43540
3.68970000000000 -0.43637
3.69215000000000 -0.43733
3.69460000000000 -0.43830
3.69705000000000 -0.43926
3.69950000000000 -0.44021
3.70195000000000 -0.44117
3.70440000000000 -0.44212
3.70685000000000 -0.44307
3.70930000000000 -0.44402
3.71175000000000 -0.44496
3.71420000000000 -0.44590
3.71665000000000 -0.44684
3.71910000000000 -0.44778
3.72155000000000 -0.44871
3.72400000000000 -0.44964
3.72645000000000 -0.45057
3.72890000000000 -0.45150
3.73135000000000 -0.45242
3.73380000000000 -0.45334
3.73625000000000 -0.45426
3.73870000000000 -0.45517
3.74115000000000 -0.45609
3.74360000000000 -0.45700
3.74605000000000 -0.45790
3.74850000000000 -0.45881
3.75095000000000 -0.45971
3.75340000000000 -0.46061
3.75585000000000 -0.46151
3.75830000000000 -0.46240
3.76075000000000 -0.46329
3.76320000000000 -0.46418
3.76565000000000 -0.46507
3.76810000000000 -0.46596
3.77055000000000 -0.46684
3.77300000000000 -0.46772
3.77545000000000 -0.46859
3.77790000000000 -0.46947
3.78035000000000 -0.47034
3.78280000000000 -0.47121
3.78525000000000 -0.47207
3.78770000000000 -0.47294
3.79015000000000 -0.47380
3.79260000000000 -0.47466
3.79505000000000 -0.47552
3.79750000000000 -0.47637
3.79995000000000 -0.47722
3.80240000000000 -0.47807
3.80485000000000 -0.47892
3.80730000000000 -0.47977
3.80975000000000 -0.48061
3.81220000000000 -0.48145
3.81465000000000 -0.48228
3.81710000000000 -0.48312
3.81955000000000 -0.48395
3.82200000000000 -0.48478
3.82445000000000 -0.48561
3.82690000000000 -0.48644
3.82935000000000 -0.48726
3.83180000000000 -0.48808
3.83425000000000 -0.48890
3.83670000000000 -0.48971
3.83915000000000 -0.49053
3.84160000000000 -0.49134
3.84405000000000 -0.49215
3.84650000000000 -0.49295
3.84895000000000 -0.49376
3.85140000000000 -0.49456
3.85385000000000 -0.49536
3.85630000000000 -0.49615
3.85875000000000 -0.49695
3.86120000000000 -0.49774
3.86365000000000 -0.49853
3.86610000000000 -0.49932
3.86855000000000 -0.50010
3.87100000000000 -0.50089
3.87345000000000 -0.50167
3.87590000000000 -0.50245
3.87835000000000 -0.50322
3.88080000000000 -0.50400
3.88325000000000 -0.50477
3.88570000000000 -0.50554
3.88815000000000 -0.50630
3.89060000000000 -0.50707
3.89305000000000 -0.50783
3.89550000000000 -0.50859
3.89795000000000 -0.50935
3.90040000000000 -0.51010
3.90285000000000 -0.51085
3.90530000000000 -0.51160
3.90775000000000 -0.51235
3.91020000000000 -0.51310
3.91265000000000 -0.51384
3.91510000000000 -0.51458
3.91755000000000 -0.51532
3.92000000000000 -0.51606
3.92245000000000 -0.51679
3.92490000000000 -0.51753
3.92735000000000 -0.51826
3.92980000000000 -0.51898
3.93225000000000 -0.51971
3.93470000000000 -0.52043
3.93715000000000 -0.52115
3.93960000000000 -0.52187
3.94205000000000 -0.52259
3.94450000000000 -0.52330
3.94695000000000 -0.52401
3.94940000000000 -0.52472
3.95185000000000 -0.52543
3.95430000000000 -0.52613
3.95675000000000 -0.52683
3.95920000000000 -0.52753
3.96165000000000 -0.52823
3.96410000000000 -0.52893
3.96655000000000 -0.52962
3.96900000000000 -0.53031
3.97145000000000 -0.53100
3.97390000000000 -0.53169
3.97635000000000 -0.53237
3.97880000000000 -0.53305
3.98125000000000 -0.53373
3.98370000000000 -0.53441
3.98615000000000 -0.53508
3.98860000000000 -0.53576
3.99105000000000 -0.53643
3.99350000000000 -0.53710
3.99595000000000 -0.53776
3.99840000000000 -0.53843
4.00085000000000 -0.53909
4.00330000000000 -0.53975
4.00575000000000 -0.54040
4.00820000000000 -0.54106
4.01065000000000 -0.54171
4.01310000000000 -0.54236
4.01555000000000 -0.54300
4.01800000000000 -0.54365
4.02045000000000 -0.54429
4.02290000000000 -0.54493
4.02535000000000 -0.54557
4.02780000000000 -0.54621
4.03025000000000 -0.54684
4.03270000000000 -0.54747
4.03515000000000 -0.54810
4.03760000000000 -0.54873
4.04005000000000 -0.54935
4.04250000000000 -0.54997
4.04495000000000 -0.55059
4.04740000000000 -0.55121
4.04985000000000 -0.55183
4.05230000000000 -0.55244
4.05475000000000 -0.55305
4.05720000000000 -0.55366
4.05965000000000 -0.55426
4.06210000000000 -0.55487
4.06455000000000 -0.55547
4.06700000000000 -0.55607
4.06945000000000 -0.55666
4.07190000000000 -0.55726
4.07435000000000 -0.55785
4.07680000000000 -0.55844
4.07925000000000 -0.55902
4.08170000000000 -0.55961
4.08415000000000 -0.56019
4.08660000000000 -0.56077
4.08905000000000 -0.56135
4.09150000000000 -0.56192
4.09395000000000 -0.56250
4.09640000000000 -0.56307
4.09885000000000 -0.56364
4.10130000000000 -0.56420
4.10375000000000 -0.56477
4.10620000000000 -0.56533
4.10865000000000 -0.56589
4.11110000000000 -0.56644
4.11355000000000 -0.56700
4.11600000000000 -0.56755
4.11845000000000 -0.56810
4.12090000000000 -0.56864
4.12335000000000 -0.56919
4.12580000000000 -0.56973
4.12825000000000 -0.57027
4.13070000000000 -0.57081
4.13315000000000 -0.57134
4.13560000000000 -0.57187
4.13805000000000 -0.57240
4.14050000000000 -0.57293
4.14295000000000 -0.57345
4.14540000000000 -0.57398
4.14785000000000 -0.57450
4.15030000000000 -0.57501
4.15275000000000 -0.57553
4.15520000000000 -0.57604
4.15765000000000 -0.57655
4.16010000000000 -0.57706
4.16255000000000 -0.57757
4.16500000000000 -0.57807
4.16745000000000 -0.57857
4.16990000000000 -0.57907
4.17235000000000 -0.57956
4.17480000000000 -0.58005
4.17725000000000 -0.58054
4.17970000000000 -0.58103
4.18215000000000 -0.58152
4.18460000000000 -0.58200
4.18705000000000 -0.58248
4.18950000000000 -0.58296
4.19195000000000 -0.58343
4.19440000000000 -0.58391
4.19685000000000 -0.58438
4.19930000000000 -0.58485
4.20175000000000 -0.58531
4.20420000000000 -0.58577
4.20665000000000 -0.58623
4.20910000000000 -0.58669
4.21155000000000 -0.58715
4.21400000000000 -0.58760
4.21645000000000 -0.58805
4.21890000000000 -0.58850
4.22135000000000 -0.58894
4.22380000000000 -0.58939
4.22625000000000 -0.58982
4.22870000000000 -0.59026
4.23115000000000 -0.59070
4.23360000000000 -0.59113
4.23605000000000 -0.59156
4.23850000000000 -0.59198
4.24095000000000 -0.59241
4.24340000000000 -0.59283
4.24585000000000 -0.59325
4.24830000000000 -0.59367
4.25075000000000 -0.59408
4.25320000000000 -0.59449
4.25565000000000 -0.59490
4.25810000000000 -0.59531
4.26055000000000 -0.59571
4.26300000000000 -0.59611
4.26545000000000 -0.59651
4.26790000000000 -0.59690
4.27035000000000 -0.59730
4.27280000000000 -0.59769
4.27525000000000 -0.59807
4.27770000000000 -0.59846
4.28015000000000 -0.59884
4.28260000000000 -0.59922
4.28505000000000 -0.59960
4.28750000000000 -0.59997
4.28995000000000 -0.60034
4.29240000000000 -0.60071
4.29485000000000 -0.60108
4.29730000000000 -0.60144
4.29975000000000 -0.60180
4.30220000000000 -0.60216
4.30465000000000 -0.60251
4.30710000000000 -0.60286
4.30955000000000 -0.60321
4.31200000000000 -0.60356
4.31445000000000 -0.60390
4.31690000000000 -0.60425
4.31935000000000 -0.60458
4.32180000000000 -0.60492
4.32425000000000 -0.60525
4.32670000000000 -0.60558
4.32915000000000 -0.60591
4.33160000000000 -0.60624
4.33405000000000 -0.60656
4.33650000000000 -0.60688
4.33895000000000 -0.60719
4.34140000000000 -0.60751
4.34385000000000 -0.60782
4.34630000000000 -0.60813
4.34875000000000 -0.60843
4.35120000000000 -0.60873
4.35365000000000 -0.60903
4.35610000000000 -0.60933
4.35855000000000 -0.60962
4.36100000000000 -0.60991
4.36345000000000 -0.61020
4.36590000000000 -0.61049
4.36835000000000 -0.61077
4.37080000000000 -0.61105
4.37325000000000 -0.61133
4.37570000000000 -0.61160
4.37815000000000 -0.61187
4.38060000000000 -0.61214
4.38305000000000 -0.61240
4.38550000000000 -0.61267
4.38795000000000 -0.61293
4.39040000000000 -0.61318
4.39285000000000 -0.61344
4.39530000000000 -0.61369
4.39775000000000 -0.61393
4.40020000000000 -0.61418
4.40265000000000 -0.61442
4.40510000000000 -0.61466
4.40755000000000 -0.61490
4.41000000000000 -0.61513
4.41245000000000 -0.61536
4.41490000000000 -0.61559
4.41735000000000 -0.61582
4.41980000000000 -0.61604
4.42225000000000 -0.61626
4.42470000000000 -0.61647
4.42715000000000 -0.61668
4.42960000000000 -0.61689
4.43205000000000 -0.61710
4.43450000000000 -0.61731
4.43695000000000 -0.61751
4.43940000000000 -0.61771
4.44185000000000 -0.61790
4.44430000000000 -0.61809
4.44675000000000 -0.61828
4.44920000000000 -0.61847
4.45165000000000 -0.61865
4.45410000000000 -0.61883
4.45655000000000 -0.61901
4.45900000000000 -0.61918
4.46145000000000 -0.61936
4.46390000000000 -0.61952
4.46635000000000 -0.61969
4.46880000000000 -0.61985
4.47125000000000 -0.62001
4.47370000000000 -0.62017
4.47615000000000 -0.62032
4.47860000000000 -0.62047
4.48105000000000 -0.62062
4.48350000000000 -0.62076
4.48595000000000 -0.62091
4.48840000000000 -0.62104
4.49085000000000 -0.62118
4.49330000000000 -0.62131
4.49575000000000 -0.62144
4.49820000000000 -0.62157
4.50065000000000 -0.62169
4.50310000000000 -0.62181
4.50555000000000 -0.62193
4.50800000000000 -0.62204
4.51045000000000 -0.62215
4.51290000000000 -0.62226
4.51535000000000 -0.62237
4.51780000000000 -0.62247
4.52025000000000 -0.62257
4.52270000000000 -0.62266
4.52515000000000 -0.62276
4.52760000000000 -0.62284
4.53005000000000 -0.62293
4.53250000000000 -0.62302
4.53495000000000 -0.62310
4.53740000000000 -0.62317
4.53985000000000 -0.62325
4.54230000000000 -0.62332
4.54475000000000 -0.62339
4.54720000000000 -0.62345
4.54965000000000 -0.62351
4.55210000000000 -0.62357
4.55455000000000 -0.62363
4.55700000000000 -0.62368
4.55945000000000 -0.62373
4.56190000000000 -0.62378
4.56435000000000 -0.62382
4.56680000000000 -0.62386
4.56925000000000 -0.62390
4.57170000000000 -0.62393
4.57415000000000 -0.62396
4.57660000000000 -0.62399
4.57905000000000 -0.62402
4.58150000000000 -0.62404
4.58395000000000 -0.62406
4.58640000000000 -0.62407
4.58885000000000 -0.62409
4.59130000000000 -0.62410
4.59375000000000 -0.62410
4.59620000000000 -0.62411
4.59865000000000 -0.62411
4.60110000000000 -0.62410
4.60355000000000 -0.62410
4.60600000000000 -0.62409
4.60845000000000 -0.62408
4.61090000000000 -0.62406
4.61335000000000 -0.62404
4.61580000000000 -0.62402
4.61825000000000 -0.62400
4.62070000000000 -0.62397
4.62315000000000 -0.62394
4.62560000000000 -0.62391
4.62805000000000 -0.62387
4.63050000000000 -0.62383
4.63295000000000 -0.62379
4.63540000000000 -0.62374
4.63785000000000 -0.62369
4.64030000000000 -0.62364
4.64275000000000 -0.62359
4.64520000000000 -0.62353
4.64765000000000 -0.62347
4.65010000000000 -0.62340
4.65255000000000 -0.62333
4.65500000000000 -0.62326
4.65745000000000 -0.62319
4.65990000000000 -0.62311
4.66235000000000 -0.62303
4.66480000000000 -0.62295
4.66725000000000 -0.62287
4.66970000000000 -0.62278
4.67215000000000 -0.62269
4.67460000000000 -0.62259
4.67705000000000 -0.62249
4.67950000000000 -0.62239
4.68195000000000 -0.62229
4.68440000000000 -0.62218
4.68685000000000 -0.62207
4.68930000000000 -0.62196
4.69175000000000 -0.62184
4.69420000000000 -0.62172
4.69665000000000 -0.62160
4.69910000000000 -0.62147
4.70155000000000 -0.62134
4.70400000000000 -0.62121
4.70645000000000 -0.62108
4.70890000000000 -0.62094
4.71135000000000 -0.62080
4.71380000000000 -0.62066
4.71625000000000 -0.62051
4.71870000000000 -0.62036
4.72115000000000 -0.62021
4.72360000000000 -0.62005
4.72605000000000 -0.61989
4.72850000000000 -0.61973
4.73095000000000 -0.61957
4.73340000000000 -0.61940
4.73585000000000 -0.61923
4.73830000000000 -0.61905
4.74075000000000 -0.61888
4.74320000000000 -0.61870
4.74565000000000 -0.61852
4.74810000000000 -0.61833
4.75055000000000 -0.61814
4.75300000000000 -0.61795
4.75545000000000 -0.61775
4.75790000000000 -0.61756
4.76035000000000 -0.61736
4.76280000000000 -0.61715
4.76525000000000 -0.61695
4.76770000000000 -0.61674
4.77015000000000 -0.61653
4.77260000000000 -0.61631
4.77505000000000 -0.61609
4.77750000000000 -0.61587
4.77995000000000 -0.61565
4.78240000000000 -0.61542
4.78485000000000 -0.61519
4.78730000000000 -0.61496
4.78975000000000 -0.61472
4.79220000000000 -0.61448
4.79465000000000 -0.61424
4.79710000000000 -0.61400
4.79955000000000 -0.61375
4.80200000000000 -0.61350
4.80445000000000 -0.61325
4.80690000000000 -0.61299
4.80935000000000 -0.61274
4.81180000000000 -0.61247
4.81425000000000 -0.61221
4.81670000000000 -0.61194
4.81915000000000 -0.61167
4.82160000000000 -0.61140
4.82405000000000 -0.61112
4.82650000000000 -0.61085
4.82895000000000 -0.61057
4.83140000000000 -0.61028
4.83385000000000 -0.60999
4.83630000000000 -0.60970
4.83875000000000 -0.60941
4.84120000000000 -0.60912
4.84365000000000 -0.60882
4.84610000000000 -0.60852
4.84855000000000 -0.60821
4.85100000000000 -0.60790
4.85345000000000 -0.60759
4.85590000000000 -0.60728
4.85835000000000 -0.60697
4.86080000000000 -0.60665
4.86325000000000 -0.60633
4.86570000000000 -0.60600
4.86815000000000 -0.60568
4.87060000000000 -0.60535
4.87305000000000 -0.60502
4.87550000000000 -0.60468
4.87795000000000 -0.60434
4.88040000000000 -0.60400
4.88285000000000 -0.60366
4.88530000000000 -0.60331
4.88775000000000 -0.60297
4.89020000000000 -0.60261
4.89265000000000 -0.60226
4.89510000000000 -0.60190
4.89755000000000 -0.60154
4.90000000000000 -0.60118
4.90245000000000 -0.60082
4.90490000000000 -0.60045
4.90735000000000 -0.60008
4.90980000000000 -0.59971
4.91225000000000 -0.59933
4.91470000000000 -0.59895
4.91715000000000 -0.59857
4.91960000000000 -0.59819
4.92205000000000 -0.59780
4.92450000000000 -0.59741
4.92695000000000 -0.59702
4.92940000000000 -0.59663
4.93185000000000 -0.59623
4.93430000000000 -0.59583
4.93675000000000 -0.59543
4.93920000000000 -0.59502
4.94165000000000 -0.59462
4.94410000000000 -0.59421
4.94655000000000 -0.59379
4.94900000000000 -0.59338
4.95145000000000 -0.59296
4.95390000000000 -0.59254
4.95635000000000 -0.59212
4.95880000000000 -0.59169
4.96125000000000 -0.59126
4.96370000000000 -0.59083
4.96615000000000 -0.59040
4.96860000000000 -0.58996
4.97105000000000 -0.58953
4.97350000000000 -0.58908
4.97595000000000 -0.58864
4.97840000000000 -0.58819
4.98085000000000 -0.58774
4.98330000000000 -0.58729
4.98575000000000 -0.58684
4.98820000000000 -0.58638
4.99065000000000 -0.58592
4.99310000000000 -0.58546
4.99555000000000 -0.58500
4.99800000000000 -0.58453
5.00045000000000 -0.58406
5.00290000000000 -0.58359
5.00535000000000 -0.58312
5.00780000000000 -0.58264
5.01025000000000 -0.58216
5.01270000000000 -0.58168
5.01515000000000 -0.58120
5.01760000000000 -0.58071
5.02005000000000 -0.58022
5.02250000000000 -0.57973
5.02495000000000 -0.57924
5.02740000000000 -0.57874
5.02985000000000 -0.57824
5.03230000000000 -0.57774
5.03475000000000 -0.57723
5.03720000000000 -0.57673
5.03965000000000 -0.57622
5.04210000000000 -0.57571
5.04455000000000 -0.57519
5.04700000000000 -0.57468
5.04945000000000 -0.57416
5.05190000000000 -0.57364
5.05435000000000 -0.57312
5.05680000000000 -0.57259
5.05925000000000 -0.57206
5.06170000000000 -0.57153
5.06415000000000 -0.57100
5.06660000000000 -0.57046
5.06905000000000 -0.56993
5.07150000000000 -0.56939
5.07395000000000 -0.56884
5.07640000000000 -0.56830
5.07885000000000 -0.56775
5.08130000000000 -0.56720
5.08375000000000 -0.56665
5.08620000000000 -0.56609
5.08865000000000 -0.56554
5.09110000000000 -0.56498
5.09355000000000 -0.56442
5.09600000000000 -0.56385
5.09845000000000 -0.56329
5.10090000000000 -0.56272
5.10335000000000 -0.56215
5.10580000000000 -0.56157
5.10825000000000 -0.56100
5.11070000000000 -0.56042
5.11315000000000 -0.55984
5.11560000000000 -0.55926
5.11805000000000 -0.55867
5.12050000000000 -0.55808
5.12295000000000 -0.55749
5.12540000000000 -0.55690
5.12785000000000 -0.55631
5.13030000000000 -0.55571
5.13275000000000 -0.55511
5.13520000000000 -0.55451
5.13765000000000 -0.55390
5.14010000000000 -0.55330
5.14255000000000 -0.55269
5.14500000000000 -0.55208
5.14745000000000 -0.55147
5.14990000000000 -0.55085
5.15235000000000 -0.55023
5.15480000000000 -0.54961
5.15725000000000 -0.54899
5.15970000000000 -0.54836
5.16215000000000 -0.54774
5.16460000000000 -0.54711
5.16705000000000 -0.54648
5.16950000000000 -0.54584
5.17195000000000 -0.54521
5.17440000000000 -0.54457
5.17685000000000 -0.54393
5.17930000000000 -0.54328
5.18175000000000 -0.54264
5.18420000000000 -0.54199
5.18665000000000 -0.54134
5.18910000000000 -0.54069
5.19155000000000 -0.54003
5.19400000000000 -0.53938
5.19645000000000 -0.53872
5.19890000000000 -0.53806
5.20135000000000 -0.53739
5.20380000000000 -0.53673
5.20625000000000 -0.53606
5.20870000000000 -0.53539
5.21115000000000 -0.53472
5.21360000000000 -0.53404
5.21605000000000 -0.53336
5.21850000000000 -0.53268
5.22095000000000 -0.53200
5.22340000000000 -0.53132
5.22585000000000 -0.53063
5.22830000000000 -0.52994
5.23075000000000 -0.52925
5.23320000000000 -0.52856
5.23565000000000 -0.52786
5.23810000000000 -0.52717
5.24055000000000 -0.52647
5.24300000000000 -0.52576
5.24545000000000 -0.52506
5.24790000000000 -0.52435
5.25035000000000 -0.52364
5.25280000000000 -0.52293
5.25525000000000 -0.52222
5.25770000000000 -0.52150
5.26015000000000 -0.52078
5.26260000000000 -0.52006
5.26505000000000 -0.51934
5.26750000000000 -0.51862
5.26995000000000 -0.51789
5.27240000000000 -0.51716
5.27485000000000 -0.51643
5.27730000000000 -0.51569
5.27975000000000 -0.51496
5.28220000000000 -0.51422
5.28465000000000 -0.51348
5.28710000000000 -0.51273
5.28955000000000 -0.51199
5.29200000000000 -0.51124
5.29445000000000 -0.51049
5.29690000000000 -0.50974
5.29935000000000 -0.50898
5.30180000000000 -0.50823
5.30425000000000 -0.50747
5.30670000000000 -0.50670
5.30915000000000 -0.50594
5.31160000000000 -0.50517
5.31405000000000 -0.50441
5.31650000000000 -0.50364
5.31895000000000 -0.50286
5.32140000000000 -0.50209
5.32385000000000 -0.50131
5.32630000000000 -0.50053
5.32875000000000 -0.49975
5.33120000000000 -0.49896
5.33365000000000 -0.49817
5.33610000000000 -0.49738
5.33855000000000 -0.49659
5.34100000000000 -0.49580
5.34345000000000 -0.49500
5.34590000000000 -0.49420
5.34835000000000 -0.49340
5.35080000000000 -0.49260
5.35325000000000 -0.49179
5.35570000000000 -0.49099
5.35815000000000 -0.49017
5.36060000000000 -0.48936
5.36305000000000 -0.48855
5.36550000000000 -0.48773
5.36795000000000 -0.48691
5.37040000000000 -0.48609
5.37285000000000 -0.48526
5.37530000000000 -0.48444
5.37775000000000 -0.48361
5.38020000000000 -0.48278
5.38265000000000 -0.48194
5.38510000000000 -0.48111
5.38755000000000 -0.48027
5.39000000000000 -0.47943
5.39245000000000 -0.47858
5.39490000000000 -0.47774
5.39735000000000 -0.47689
5.39980000000000 -0.47604
5.40225000000000 -0.47518
5.40470000000000 -0.47433
5.40715000000000 -0.47347
5.40960000000000 -0.47261
5.41205000000000 -0.47174
5.41450000000000 -0.47088
5.41695000000000 -0.47001
5.41940000000000 -0.46914
5.42185000000000 -0.46827
5.42430000000000 -0.46739
5.42675000000000 -0.46651
5.42920000000000 -0.46563
5.43165000000000 -0.46475
5.43410000000000 -0.46386
5.43655000000000 -0.46297
5.43900000000000 -0.46208
5.44145000000000 -0.46119
5.44390000000000 -0.46029
5.44635000000000 -0.45940
5.44880000000000 -0.45850
5.45125000000000 -0.45759
5.45370000000000 -0.45669
5.45615000000000 -0.45578
5.45860000000000 -0.45487
5.46105000000000 -0.45395
5.46350000000000 -0.45304
5.46595000000000 -0.45212
5.46840000000000 -0.45120
5.47085000000000 -0.45027
5.47330000000000 -0.44934
5.47575000000000 -0.44841
5.47820000000000 -0.44748
5.48065000000000 -0.44655
5.48310000000000 -0.44561
5.48555000000000 -0.44467
5.48800000000000 -0.44373
5.49045000000000 -0.44278
5.49290000000000 -0.44183
5.49535000000000 -0.44088
5.49780000000000 -0.43993
5.50025000000000 -0.43897
5.50270000000000 -0.43801
5.50515000000000 -0.43705
5.50760000000000 -0.43609
5.51005000000000 -0.43512
5.51250000000000 -0.43415
5.51495000000000 -0.43318
5.51740000000000 -0.43220
5.51985000000000 -0.43122
5.52230000000000 -0.43024
5.52475000000000 -0.42926
5.52720000000000 -0.42827
5.52965000000000 -0.42728
5.53210000000000 -0.42629
5.53455000000000 -0.42529
5.53700000000000 -0.42429
5.53945000000000 -0.42329
5.54190000000000 -0.42229
5.54435000000000 -0.42128
5.54680000000000 -0.42027
5.54925000000000 -0.41926
5.55170000000000 -0.41824
5.55415000000000 -0.41722
5.55660000000000 -0.41620
5.55905000000000 -0.41517
5.56150000000000 -0.41414
5.56395000000000 -0.41311
5.56640000000000 -0.41208
5.56885000000000 -0.41104
5.57130000000000 -0.41000
5.57375000000000 -0.40896
5.57620000000000 -0.40791
5.57865000000000 -0.40686
5.58110000000000 -0.40580
5.58355000000000 -0.40475
5.58600000000000 -0.40369
5.58845000000000 -0.40263
5.59090000000000 -0.40156
5.59335000000000 -0.40049
5.59580000000000 -0.39942
5.59825000000000 -0.39834
5.60070000000000 -0.39726
5.60315000000000 -0.39618
5.60560000000000 -0.39509
5.60805000000000 -0.39401
5.61050000000000 -0.39291
5.61295000000000 -0.39182
5.61540000000000 -0.39072
5.61785000000000 -0.38961
5.62030000000000 -0.38851
5.62275000000000 -0.38740
5.62520000000000 -0.38629
5.62765000000000 -0.38517
5.63010000000000 -0.38405
5.63255000000000 -0.38292
5.63500000000000 -0.38180
5.63745000000000 -0.38067
5.63990000000000 -0.37953
5.64235000000000 -0.37839
5.64480000000000 -0.37725
5.64725000000000 -0.37611
5.64970000000000 -0.37496
5.65215000000000 -0.37380
5.65460000000000 -0.37265
5.65705000000000 -0.37149
5.65950000000000 -0.37032
5.66195000000000 -0.36915
5.66440000000000 -0.36798
5.66685000000000 -0.36681
5.66930000000000 -0.36562
5.67175000000000 -0.36444
5.67420000000000 -0.36325
5.67665000000000 -0.36206
5.67910000000000 -0.36087
5.68155000000000 -0.35967
5.68400000000000 -0.35846
5.68645000000000 -0.35725
5.68890000000000 -0.35604
5.69135000000000 -0.35483
5.69380000000000 -0.35360
5.69625000000000 -0.35238
5.69870000000000 -0.35115
5.70115000000000 -0.34992
5.70360000000000 -0.34868
5.70605000000000 -0.34744
5.70850000000000 -0.34619
5.71095000000000 -0.34494
5.71340000000000 -0.34368
5.71585000000000 -0.34242
5.71830000000000 -0.34116
5.72075000000000 -0.33989
5.72320000000000 -0.33862
5.72565000000000 -0.33734
5.72810000000000 -0.33606
5.73055000000000 -0.33477
5.73300000000000 -0.33348
5.73545000000000 -0.33218
5.73790000000000 -0.33088
5.74035000000000 -0.32957
5.74280000000000 -0.32826
5.74525000000000 -0.32694
5.74770000000000 -0.32562
5.75015000000000 -0.32430
5.75260000000000 -0.32296
5.75505000000000 -0.32163
5.75750000000000 -0.32029
5.75995000000000 -0.31894
5.76240000000000 -0.31759
5.76485000000000 -0.31623
5.76730000000000 -0.31487
5.76975000000000 -0.31350
5.77220000000000 -0.31212
5.77465000000000 -0.31074
5.77710000000000 -0.30936
5.77955000000000 -0.30797
5.78200000000000 -0.30657
5.78445000000000 -0.30517
5.78690000000000 -0.30376
5.78935000000000 -0.30235
5.79180000000000 -0.30093
5.79425000000000 -0.29951
5.79670000000000 -0.29807
5.79915000000000 -0.29664
5.80160000000000 -0.29519
5.80405000000000 -0.29375
5.80650000000000 -0.29229
5.80895000000000 -0.29083
5.81140000000000 -0.28936
5.81385000000000 -0.28789
5.81630000000000 -0.28641
5.81875000000000 -0.28492
5.82120000000000 -0.28342
5.82365000000000 -0.28192
5.82610000000000 -0.28042
5.82855000000000 -0.27890
5.83100000000000 -0.27738
5.83345000000000 -0.27585
5.83590000000000 -0.27432
5.83835000000000 -0.27278
5.84080000000000 -0.27123
5.84325000000000 -0.26967
5.84570000000000 -0.26811
5.84815000000000 -0.26654
5.85060000000000 -0.26496
5.85305000000000 -0.26337
5.85550000000000 -0.26178
5.85795000000000 -0.26018
5.86040000000000 -0.25857
5.86285000000000 -0.25695
5.86530000000000 -0.25533
5.86775000000000 -0.25370
5.87020000000000 -0.25206
5.87265000000000 -0.25041
5.87510000000000 -0.24875
5.87755000000000 -0.24708
5.88000000000000 -0.24541
5.88245000000000 -0.24373
5.88490000000000 -0.24204
5.88735000000000 -0.24034
5.88980000000000 -0.23863
5.89225000000000 -0.23691
5.89470000000000 -0.23518
5.89715000000000 -0.23344
5.89960000000000 -0.23170
5.90205000000000 -0.22994
5.90450000000000 -0.22818
5.90695000000000 -0.22640
5.90940000000000 -0.22462
5.91185000000000 -0.22283
5.91430000000000 -0.22102
5.91675000000000 -0.21921
5.91920000000000 -0.21738
5.92165000000000 -0.21555
5.92410000000000 -0.21370
5.92655000000000 -0.21185
5.92900000000000 -0.20998
5.93145000000000 -0.20811
5.93390000000000 -0.20622
5.93635000000000 -0.20432
5.93880000000000 -0.20241
5.94125000000000 -0.20048
5.94370000000000 -0.19855
5.94615000000000 -0.19661
5.94860000000000 -0.19465
5.95105000000000 -0.19268
5.95350000000000 -0.19070
5.95595000000000 -0.18871
5.95840000000000 -0.18670
5.96085000000000 -0.18468
5.96330000000000 -0.18265
5.96575000000000 -0.18061
5.96820000000000 -0.17855
5.97065000000000 -0.17648
5.97310000000000 -0.17440
5.97555000000000 -0.17231
5.97800000000000 -0.17020
5.98045000000000 -0.16807
5.98290000000000 -0.16594
5.98535000000000 -0.16378
5.98780000000000 -0.16162
5.99025000000000 -0.15944
5.99270000000000 -0.15725
5.99515000000000 -0.15504
5.99760000000000 -0.15282
6.00005000000000 -0.15058
6.00250000000000 -0.14833
6.00495000000000 -0.14606
6.00740000000000 -0.14378
6.00985000000000 -0.14148
6.01230000000000 -0.13916
6.01475000000000 -0.13684
6.01720000000000 -0.13449
6.01965000000000 -0.13213
6.02210000000000 -0.12975
6.02455000000000 -0.12736
6.02700000000000 -0.12495
6.02945000000000 -0.12253
6.03190000000000 -0.12009
6.03435000000000 -0.11763
6.03680000000000 -0.11516
6.03925000000000 -0.11267
6.04170000000000 -0.11016
6.04415000000000 -0.10764
6.04660000000000 -0.10510
6.04905000000000 -0.10254
6.05150000000000 -0.099969
6.05395000000000 -0.097380
6.05640000000000 -0.094775
6.05885000000000 -0.092154
6.06130000000000 -0.089517
6.06375000000000 -0.086864
6.06620000000000 -0.084194
6.06865000000000 -0.081509
6.07110000000000 -0.078808
6.07355000000000 -0.076092
6.07600000000000 -0.073361
6.07845000000000 -0.070615
6.08090000000000 -0.067854
6.08335000000000 -0.065079
6.08580000000000 -0.062290
6.08825000000000 -0.059487
6.09070000000000 -0.056671
6.09315000000000 -0.053841
6.09560000000000 -0.051000
6.09805000000000 -0.048146
6.10050000000000 -0.045280
6.10295000000000 -0.042404
6.10540000000000 -0.039517
6.10785000000000 -0.036620
6.11030000000000 -0.033714
6.11275000000000 -0.030799
6.11520000000000 -0.027875
6.11765000000000 -0.024945
6.12010000000000 -0.022007
6.12255000000000 -0.019064
6.12500000000000 -0.016115
6.12745000000000 -0.013161
6.12990000000000 -0.010204
6.13235000000000 -0.0072431
6.13480000000000 -0.0042801
6.13725000000000 -0.0013156
6.13970000000000 0.0016499
6.14215000000000 0.0046153
6.14460000000000 0.0075800
6.14705000000000 0.010543
