x y
2.14000000000000 0.000000000000000
2.1400 -0.0029086
2.1399 -0.0058169
2.1398 -0.0087243
2.1395 -0.011630
2.1392 -0.014533
2.1388 -0.017433
2.1383 -0.020330
2.1378 -0.023222
2.1371 -0.026109
2.1364 -0.028990
2.1356 -0.031865
2.1348 -0.034733
2.1338 -0.037593
2.1328 -0.040445
2.1317 -0.043288
2.1306 -0.046122
2.1293 -0.048947
2.1280 -0.051761
2.1267 -0.054564
2.1252 -0.057356
2.1237 -0.060137
2.1222 -0.062905
2.1205 -0.065661
2.1188 -0.068404
2.1171 -0.071134
2.1153 -0.073851
2.1134 -0.076554
2.1115 -0.079243
2.1095 -0.081918
2.1075 -0.084578
2.1054 -0.087224
2.1033 -0.089855
2.1011 -0.092471
2.0989 -0.095072
2.0966 -0.097658
2.0943 -0.10023
2.0919 -0.10278
2.0895 -0.10532
2.0870 -0.10785
2.0845 -0.11036
2.0820 -0.11285
2.0795 -0.11533
2.0769 -0.11779
2.0742 -0.12023
2.0715 -0.12266
2.0688 -0.12508
2.0661 -0.12748
2.0634 -0.12986
2.0606 -0.13223
2.0577 -0.13459
2.0549 -0.13692
2.0520 -0.13925
2.0491 -0.14156
2.0462 -0.14385
2.0432 -0.14613
2.0403 -0.14839
2.0373 -0.15064
2.0343 -0.15287
2.0312 -0.15509
2.0282 -0.15730
2.0251 -0.15949
2.0220 -0.16167
2.0189 -0.16383
2.0158 -0.16598
2.0126 -0.16812
2.0095 -0.17024
2.0063 -0.17235
2.0031 -0.17445
1.9999 -0.17653
1.9967 -0.17860
1.9935 -0.18066
1.9902 -0.18270
1.9870 -0.18474
1.9837 -0.18676
1.9804 -0.18876
1.9771 -0.19076
1.9738 -0.19274
1.9705 -0.19471
1.9672 -0.19667
1.9639 -0.19862
1.9606 -0.20056
1.9572 -0.20248
1.9539 -0.20439
1.9505 -0.20630
1.9472 -0.20819
1.9438 -0.21007
1.9404 -0.21194
1.9371 -0.21380
1.9337 -0.21565
1.9303 -0.21748
1.9269 -0.21931
1.9235 -0.22113
1.9201 -0.22294
1.9167 -0.22473
1.9132 -0.22652
1.9098 -0.22830
1.9064 -0.23007
1.9030 -0.23183
1.8995 -0.23358
1.8961 -0.23532
1.8927 -0.23705
1.8892 -0.23877
1.8858 -0.24049
1.8823 -0.24219
1.8789 -0.24389
1.8754 -0.24557
1.8720 -0.24725
1.8685 -0.24892
1.8650 -0.25058
1.8616 -0.25224
1.8581 -0.25388
1.8546 -0.25552
1.8512 -0.25715
1.8477 -0.25877
1.8442 -0.26038
1.8408 -0.26199
1.8373 -0.26358
1.8338 -0.26517
1.8303 -0.26676
1.8268 -0.26833
1.8234 -0.26990
1.8199 -0.27146
1.8164 -0.27301
1.8129 -0.27456
1.8094 -0.27610
1.8060 -0.27763
1.8025 -0.27915
1.7990 -0.28067
1.7955 -0.28218
1.7920 -0.28369
1.7885 -0.28519
1.7851 -0.28668
1.7816 -0.28816
1.7781 -0.28964
1.7746 -0.29111
1.7711 -0.29258
1.7676 -0.29404
1.7642 -0.29549
1.7607 -0.29694
1.7572 -0.29838
1.7537 -0.29982
1.7502 -0.30124
1.7467 -0.30267
1.7432 -0.30408
1.7398 -0.30550
1.7363 -0.30690
1.7328 -0.30830
1.7293 -0.30970
1.7258 -0.31108
1.7223 -0.31247
1.7189 -0.31384
1.7154 -0.31522
1.7119 -0.31658
1.7084 -0.31794
1.7049 -0.31930
1.7014 -0.32065
1.6980 -0.32200
1.6945 -0.32334
1.6910 -0.32467
1.6875 -0.32600
1.6840 -0.32733
1.6806 -0.32865
1.6771 -0.32996
1.6736 -0.33127
1.6701 -0.33258
1.6667 -0.33388
1.6632 -0.33517
1.6597 -0.33646
1.6562 -0.33775
1.6528 -0.33903
1.6493 -0.34031
1.6458 -0.34158
1.6423 -0.34285
1.6389 -0.34411
1.6354 -0.34537
1.6319 -0.34662
1.6285 -0.34787
1.6250 -0.34911
1.6215 -0.35036
1.6180 -0.35159
1.6146 -0.35282
1.6111 -0.35405
1.6076 -0.35527
1.6042 -0.35649
1.6007 -0.35771
1.5972 -0.35892
1.5938 -0.36012
1.5903 -0.36133
1.5868 -0.36253
1.5834 -0.36372
1.5799 -0.36491
1.5765 -0.36610
1.5730 -0.36728
1.5695 -0.36846
1.5661 -0.36963
1.5626 -0.37080
1.5591 -0.37197
1.5557 -0.37313
1.5522 -0.37429
1.5488 -0.37545
1.5453 -0.37660
1.5418 -0.37775
1.5384 -0.37889
1.5349 -0.38003
1.5315 -0.38117
1.5280 -0.38230
1.5246 -0.38343
1.5211 -0.38455
1.5176 -0.38568
1.5142 -0.38680
1.5107 -0.38791
1.5073 -0.38902
1.5038 -0.39013
1.5004 -0.39123
1.4969 -0.39233
1.4935 -0.39343
1.4900 -0.39453
1.4865 -0.39562
1.4831 -0.39671
1.4796 -0.39779
1.4762 -0.39887
1.4727 -0.39995
1.4693 -0.40102
1.4658 -0.40209
1.4624 -0.40316
1.4589 -0.40422
1.4555 -0.40528
1.4520 -0.40634
1.4486 -0.40740
1.4451 -0.40845
1.4417 -0.40950
1.4382 -0.41054
1.4348 -0.41158
1.4313 -0.41262
1.4278 -0.41366
1.4244 -0.41469
1.4209 -0.41572
1.4175 -0.41675
1.4140 -0.41777
1.4106 -0.41879
1.4071 -0.41981
1.4037 -0.42082
1.4002 -0.42183
1.3968 -0.42284
1.3933 -0.42385
1.3899 -0.42485
1.3864 -0.42585
1.3830 -0.42684
1.3795 -0.42784
1.3761 -0.42883
1.3726 -0.42982
1.3692 -0.43080
1.3657 -0.43178
1.3622 -0.43276
1.3588 -0.43374
1.3553 -0.43471
1.3519 -0.43568
1.3484 -0.43665
1.3450 -0.43761
1.3415 -0.43858
1.3381 -0.43953
1.3346 -0.44049
1.3311 -0.44144
1.3277 -0.44240
1.3242 -0.44334
1.3208 -0.44429
1.3173 -0.44523
1.3139 -0.44617
1.3104 -0.44711
1.3069 -0.44804
1.3035 -0.44898
1.3000 -0.44991
1.2966 -0.45083
1.2931 -0.45176
1.2896 -0.45268
1.2862 -0.45360
1.2827 -0.45451
1.2792 -0.45542
1.2758 -0.45634
1.2723 -0.45724
1.2688 -0.45815
1.2654 -0.45905
1.2619 -0.45995
1.2584 -0.46085
1.2550 -0.46174
1.2515 -0.46264
1.2480 -0.46353
1.2446 -0.46441
1.2411 -0.46530
1.2376 -0.46618
1.2342 -0.46706
1.2307 -0.46794
1.2272 -0.46881
1.2237 -0.46969
1.2203 -0.47056
1.2168 -0.47142
1.2133 -0.47229
1.2098 -0.47315
1.2064 -0.47401
1.2029 -0.47487
1.1994 -0.47572
1.1959 -0.47657
1.1924 -0.47742
1.1889 -0.47827
1.1855 -0.47912
1.1820 -0.47996
1.1785 -0.48080
1.1750 -0.48163
1.1715 -0.48247
1.1680 -0.48330
1.1645 -0.48413
1.1611 -0.48496
1.1576 -0.48579
1.1541 -0.48661
1.1506 -0.48743
1.1471 -0.48825
1.1436 -0.48906
1.1401 -0.48988
1.1366 -0.49069
1.1331 -0.49150
1.1296 -0.49230
1.1261 -0.49311
1.1226 -0.49391
1.1191 -0.49471
1.1156 -0.49550
1.1121 -0.49630
1.1086 -0.49709
1.1051 -0.49788
1.1016 -0.49866
1.0981 -0.49945
1.0945 -0.50023
1.0910 -0.50101
1.0875 -0.50179
1.0840 -0.50256
1.0805 -0.50334
1.0770 -0.50411
1.0735 -0.50487
1.0699 -0.50564
1.0664 -0.50640
1.0629 -0.50716
1.0594 -0.50792
1.0558 -0.50868
1.0523 -0.50943
1.0488 -0.51019
1.0453 -0.51094
1.0417 -0.51168
1.0382 -0.51243
1.0347 -0.51317
1.0311 -0.51391
1.0276 -0.51465
1.0241 -0.51538
1.0205 -0.51612
1.0170 -0.51685
1.0134 -0.51758
1.0099 -0.51830
1.0063 -0.51903
1.0028 -0.51975
0.99925 -0.52047
0.99571 -0.52118
0.99216 -0.52190
0.98860 -0.52261
0.98505 -0.52332
0.98149 -0.52403
0.97794 -0.52473
0.97438 -0.52544
0.97082 -0.52614
0.96726 -0.52684
0.96370 -0.52753
0.96013 -0.52822
0.95657 -0.52892
0.95300 -0.52960
0.94943 -0.53029
0.94586 -0.53098
0.94229 -0.53166
0.93871 -0.53234
0.93514 -0.53302
0.93156 -0.53369
0.92798 -0.53436
0.92440 -0.53503
0.92082 -0.53570
0.91723 -0.53637
0.91365 -0.53703
0.91006 -0.53769
0.90647 -0.53835
0.90288 -0.53901
0.89929 -0.53966
0.89569 -0.54031
0.89210 -0.54096
0.88850 -0.54161
0.88490 -0.54225
0.88130 -0.54290
0.87770 -0.54354
0.87409 -0.54418
0.87048 -0.54481
0.86687 -0.54544
0.86326 -0.54607
0.85965 -0.54670
0.85604 -0.54733
0.85242 -0.54795
0.84881 -0.54857
0.84519 -0.54919
0.84157 -0.54981
0.83794 -0.55042
0.83432 -0.55103
0.83069 -0.55164
0.82706 -0.55225
0.82343 -0.55286
0.81980 -0.55346
0.81616 -0.55406
0.81253 -0.55466
0.80889 -0.55525
0.80525 -0.55585
0.80161 -0.55644
0.79796 -0.55702
0.79432 -0.55761
0.79067 -0.55819
0.78702 -0.55877
0.78337 -0.55935
0.77971 -0.55993
0.77606 -0.56050
0.77240 -0.56107
0.76874 -0.56164
0.76508 -0.56221
0.76142 -0.56277
0.75775 -0.56334
0.75409 -0.56389
0.75042 -0.56445
0.74675 -0.56501
0.74307 -0.56556
0.73940 -0.56611
0.73572 -0.56665
0.73205 -0.56720
0.72836 -0.56774
0.72468 -0.56828
0.72100 -0.56882
0.71731 -0.56935
0.71362 -0.56988
0.70993 -0.57041
0.70624 -0.57094
0.70254 -0.57147
0.69885 -0.57199
0.69515 -0.57251
0.69145 -0.57303
0.68775 -0.57354
0.68404 -0.57405
0.68034 -0.57456
0.67663 -0.57507
0.67292 -0.57558
0.66920 -0.57608
0.66549 -0.57658
0.66177 -0.57708
0.65806 -0.57757
0.65434 -0.57806
0.65061 -0.57855
0.64689 -0.57904
0.64316 -0.57953
0.63943 -0.58001
0.63570 -0.58049
0.63197 -0.58097
0.62824 -0.58144
0.62450 -0.58191
0.62076 -0.58238
0.61702 -0.58285
0.61328 -0.58331
0.60953 -0.58377
0.60579 -0.58423
0.60204 -0.58469
0.59829 -0.58514
0.59454 -0.58560
0.59078 -0.58605
0.58702 -0.58649
0.58327 -0.58694
0.57951 -0.58738
0.57574 -0.58781
0.57198 -0.58825
0.56821 -0.58868
0.56445 -0.58911
0.56068 -0.58954
0.55690 -0.58997
0.55313 -0.59039
0.54935 -0.59081
0.54558 -0.59123
0.54180 -0.59164
0.53801 -0.59205
0.53423 -0.59246
0.53044 -0.59287
0.52666 -0.59327
0.52287 -0.59367
0.51907 -0.59407
0.51528 -0.59447
0.51148 -0.59486
0.50769 -0.59525
0.50389 -0.59564
0.50009 -0.59603
0.49628 -0.59641
0.49248 -0.59679
0.48867 -0.59717
0.48486 -0.59754
0.48105 -0.59791
0.47724 -0.59828
0.47343 -0.59865
0.46961 -0.59901
0.46579 -0.59937
0.46197 -0.59973
0.45815 -0.60008
0.45433 -0.60043
0.45050 -0.60078
0.44668 -0.60113
0.44285 -0.60147
0.43902 -0.60182
0.43519 -0.60215
0.43135 -0.60249
0.42752 -0.60282
0.42368 -0.60315
0.41984 -0.60348
0.41600 -0.60380
0.41216 -0.60413
0.40831 -0.60444
0.40447 -0.60476
0.40062 -0.60507
0.39677 -0.60538
0.39292 -0.60569
0.38907 -0.60599
0.38521 -0.60630
0.38136 -0.60659
0.37750 -0.60689
0.37364 -0.60718
0.36978 -0.60747
0.36592 -0.60776
0.36205 -0.60804
0.35819 -0.60833
0.35432 -0.60860
0.35045 -0.60888
0.34658 -0.60915
0.34271 -0.60942
0.33884 -0.60969
0.33496 -0.60995
0.33109 -0.61021
0.32721 -0.61047
0.32333 -0.61073
0.31945 -0.61098
0.31557 -0.61123
0.31169 -0.61148
0.30780 -0.61172
0.30392 -0.61196
0.30003 -0.61220
0.29614 -0.61243
0.29225 -0.61266
0.28836 -0.61289
0.28447 -0.61312
0.28057 -0.61334
0.27668 -0.61356
0.27278 -0.61378
0.26888 -0.61399
0.26498 -0.61420
0.26108 -0.61441
0.25718 -0.61462
0.25328 -0.61482
0.24937 -0.61502
0.24547 -0.61521
0.24156 -0.61541
0.23766 -0.61560
0.23375 -0.61578
0.22984 -0.61597
0.22593 -0.61615
0.22202 -0.61633
0.21810 -0.61650
0.21419 -0.61667
0.21027 -0.61684
0.20636 -0.61701
0.20244 -0.61717
0.19852 -0.61733
0.19461 -0.61748
0.19069 -0.61764
0.18677 -0.61779
0.18284 -0.61794
0.17892 -0.61808
0.17500 -0.61822
0.17107 -0.61836
0.16715 -0.61849
0.16322 -0.61863
0.15930 -0.61875
0.15537 -0.61888
0.15144 -0.61900
0.14751 -0.61912
0.14358 -0.61924
0.13965 -0.61935
0.13572 -0.61946
0.13179 -0.61957
0.12786 -0.61968
0.12393 -0.61978
0.11999 -0.61987
0.11606 -0.61997
0.11212 -0.62006
0.10819 -0.62015
0.10425 -0.62024
0.10032 -0.62032
0.096380 -0.62040
0.092443 -0.62047
0.088505 -0.62055
0.084567 -0.62062
0.080628 -0.62069
0.076689 -0.62075
0.072750 -0.62081
0.068810 -0.62087
0.064870 -0.62092
0.060930 -0.62097
0.056989 -0.62102
0.053048 -0.62107
0.049107 -0.62111
0.045165 -0.62115
0.041224 -0.62118
0.037282 -0.62122
0.033340 -0.62125
0.029397 -0.62127
0.025455 -0.62130
0.021512 -0.62132
0.017570 -0.62133
0.013627 -0.62135
0.0096842 -0.62136
0.0057413 -0.62137
0.0017984 -0.62137
-0.0021445 -0.62137
-0.0060873 -0.62137
-0.010030 -0.62136
-0.013973 -0.62136
-0.017916 -0.62135
-0.021858 -0.62133
-0.025801 -0.62131
-0.029743 -0.62129
-0.033686 -0.62127
-0.037628 -0.62124
-0.041570 -0.62121
-0.045511 -0.62118
-0.049453 -0.62114
-0.053394 -0.62111
-0.057335 -0.62106
-0.061276 -0.62102
-0.065216 -0.62097
-0.069156 -0.62092
-0.073096 -0.62086
-0.077035 -0.62080
-0.080974 -0.62074
-0.084912 -0.62068
-0.088850 -0.62061
-0.092788 -0.62054
-0.096725 -0.62047
-0.10066 -0.62039
-0.10460 -0.62031
-0.10853 -0.62023
-0.11247 -0.62014
-0.11640 -0.62005
-0.12034 -0.61996
-0.12427 -0.61987
-0.12820 -0.61977
-0.13214 -0.61967
-0.13607 -0.61956
-0.14000 -0.61945
-0.14393 -0.61934
-0.14786 -0.61923
-0.15179 -0.61911
-0.15571 -0.61899
-0.15964 -0.61887
-0.16357 -0.61874
-0.16749 -0.61862
-0.17142 -0.61848
-0.17534 -0.61835
-0.17927 -0.61821
-0.18319 -0.61807
-0.18711 -0.61792
-0.19103 -0.61778
-0.19495 -0.61763
-0.19887 -0.61747
-0.20279 -0.61732
-0.20670 -0.61716
-0.21062 -0.61699
-0.21453 -0.61683
-0.21845 -0.61666
-0.22236 -0.61649
-0.22627 -0.61631
-0.23018 -0.61613
-0.23409 -0.61595
-0.23800 -0.61577
-0.24191 -0.61558
-0.24581 -0.61539
-0.24972 -0.61520
-0.25362 -0.61500
-0.25752 -0.61480
-0.26143 -0.61460
-0.26533 -0.61440
-0.26922 -0.61419
-0.27312 -0.61398
-0.27702 -0.61376
-0.28091 -0.61355
-0.28481 -0.61333
-0.28870 -0.61310
-0.29259 -0.61288
-0.29648 -0.61265
-0.30037 -0.61242
-0.30426 -0.61218
-0.30814 -0.61195
-0.31203 -0.61170
-0.31591 -0.61146
-0.31979 -0.61122
-0.32367 -0.61097
-0.32755 -0.61071
-0.33143 -0.61046
-0.33530 -0.61020
-0.33918 -0.60994
-0.34305 -0.60967
-0.34692 -0.60941
-0.35079 -0.60914
-0.35466 -0.60886
-0.35853 -0.60859
-0.36239 -0.60831
-0.36625 -0.60803
-0.37012 -0.60774
-0.37398 -0.60746
-0.37783 -0.60717
-0.38169 -0.60687
-0.38555 -0.60658
-0.38940 -0.60628
-0.39325 -0.60598
-0.39710 -0.60567
-0.40095 -0.60537
-0.40480 -0.60506
-0.40865 -0.60474
-0.41249 -0.60443
-0.41633 -0.60411
-0.42017 -0.60379
-0.42401 -0.60347
-0.42785 -0.60314
-0.43168 -0.60281
-0.43552 -0.60248
-0.43935 -0.60214
-0.44318 -0.60180
-0.44701 -0.60146
-0.45083 -0.60112
-0.45466 -0.60077
-0.45848 -0.60042
-0.46230 -0.60007
-0.46612 -0.59971
-0.46994 -0.59936
-0.47375 -0.59900
-0.47757 -0.59863
-0.48138 -0.59827
-0.48519 -0.59790
-0.48900 -0.59753
-0.49280 -0.59715
-0.49661 -0.59678
-0.50041 -0.59640
-0.50421 -0.59601
-0.50801 -0.59563
-0.51180 -0.59524
-0.51560 -0.59485
-0.51939 -0.59446
-0.52318 -0.59406
-0.52697 -0.59367
-0.53076 -0.59326
-0.53454 -0.59286
-0.53833 -0.59245
-0.54211 -0.59204
-0.54589 -0.59163
-0.54967 -0.59122
-0.55344 -0.59080
-0.55721 -0.59038
-0.56099 -0.58996
-0.56476 -0.58953
-0.56852 -0.58911
-0.57229 -0.58868
-0.57605 -0.58824
-0.57982 -0.58781
-0.58358 -0.58737
-0.58733 -0.58693
-0.59109 -0.58649
-0.59484 -0.58604
-0.59859 -0.58559
-0.60234 -0.58514
-0.60609 -0.58469
-0.60984 -0.58423
-0.61358 -0.58377
-0.61732 -0.58331
-0.62106 -0.58285
-0.62480 -0.58238
-0.62854 -0.58191
-0.63227 -0.58144
-0.63600 -0.58097
-0.63973 -0.58049
-0.64346 -0.58001
-0.64719 -0.57953
-0.65091 -0.57905
-0.65463 -0.57856
-0.65835 -0.57807
-0.66207 -0.57758
-0.66578 -0.57708
-0.66950 -0.57659
-0.67321 -0.57609
-0.67692 -0.57559
-0.68063 -0.57508
-0.68433 -0.57457
-0.68804 -0.57407
-0.69174 -0.57355
-0.69544 -0.57304
-0.69913 -0.57252
-0.70283 -0.57200
-0.70652 -0.57148
-0.71022 -0.57096
-0.71391 -0.57043
-0.71759 -0.56990
-0.72128 -0.56937
-0.72496 -0.56884
-0.72864 -0.56830
-0.73232 -0.56776
-0.73600 -0.56722
-0.73968 -0.56668
-0.74335 -0.56613
-0.74702 -0.56558
-0.75069 -0.56503
-0.75436 -0.56448
-0.75803 -0.56392
-0.76169 -0.56336
-0.76535 -0.56280
-0.76901 -0.56224
-0.77267 -0.56167
-0.77633 -0.56110
-0.77998 -0.56053
-0.78363 -0.55996
-0.78728 -0.55939
-0.79093 -0.55881
-0.79458 -0.55823
-0.79822 -0.55764
-0.80187 -0.55706
-0.80551 -0.55647
-0.80915 -0.55588
-0.81279 -0.55529
-0.81642 -0.55470
-0.82005 -0.55410
-0.82369 -0.55350
-0.82732 -0.55290
-0.83094 -0.55230
-0.83457 -0.55169
-0.83819 -0.55108
-0.84181 -0.55047
-0.84544 -0.54986
-0.84905 -0.54924
-0.85267 -0.54862
-0.85628 -0.54801
-0.85990 -0.54738
-0.86351 -0.54676
-0.86712 -0.54613
-0.87072 -0.54550
-0.87433 -0.54487
-0.87793 -0.54423
-0.88153 -0.54360
-0.88513 -0.54296
-0.88873 -0.54232
-0.89233 -0.54167
-0.89592 -0.54103
-0.89952 -0.54038
-0.90311 -0.53973
-0.90670 -0.53908
-0.91029 -0.53842
-0.91387 -0.53776
-0.91746 -0.53710
-0.92104 -0.53644
-0.92462 -0.53578
-0.92820 -0.53511
-0.93178 -0.53444
-0.93535 -0.53377
-0.93893 -0.53310
-0.94250 -0.53242
-0.94607 -0.53174
-0.94964 -0.53106
-0.95321 -0.53038
-0.95677 -0.52969
-0.96034 -0.52901
-0.96390 -0.52832
-0.96746 -0.52763
-0.97102 -0.52693
-0.97458 -0.52623
-0.97814 -0.52553
-0.98169 -0.52483
-0.98524 -0.52413
-0.98880 -0.52342
-0.99235 -0.52272
-0.99590 -0.52201
-0.99944 -0.52129
-1.0030 -0.52058
-1.0065 -0.51986
-1.0101 -0.51914
-1.0136 -0.51842
-1.0172 -0.51769
-1.0207 -0.51697
-1.0242 -0.51624
-1.0278 -0.51551
-1.0313 -0.51477
-1.0348 -0.51404
-1.0384 -0.51330
-1.0419 -0.51256
-1.0454 -0.51181
-1.0490 -0.51107
-1.0525 -0.51032
-1.0560 -0.50957
-1.0595 -0.50882
-1.0630 -0.50807
-1.0666 -0.50731
-1.0701 -0.50655
-1.0736 -0.50579
-1.0771 -0.50502
-1.0806 -0.50426
-1.0841 -0.50349
-1.0877 -0.50272
-1.0912 -0.50194
-1.0947 -0.50117
-1.0982 -0.50039
-1.1017 -0.49961
-1.1052 -0.49883
-1.1087 -0.49804
-1.1122 -0.49726
-1.1157 -0.49647
-1.1192 -0.49567
-1.1227 -0.49488
-1.1262 -0.49408
-1.1297 -0.49328
-1.1332 -0.49248
-1.1367 -0.49168
-1.1402 -0.49087
-1.1437 -0.49006
-1.1472 -0.48925
-1.1507 -0.48844
-1.1542 -0.48762
-1.1577 -0.48680
-1.1612 -0.48598
-1.1646 -0.48516
-1.1681 -0.48434
-1.1716 -0.48351
-1.1751 -0.48268
-1.1786 -0.48185
-1.1821 -0.48101
-1.1856 -0.48017
-1.1890 -0.47933
-1.1925 -0.47849
-1.1960 -0.47765
-1.1995 -0.47680
-1.2030 -0.47595
-1.2064 -0.47510
-1.2099 -0.47424
-1.2134 -0.47339
-1.2169 -0.47253
-1.2203 -0.47166
-1.2238 -0.47080
-1.2273 -0.46993
-1.2307 -0.46906
-1.2342 -0.46819
-1.2377 -0.46732
-1.2412 -0.46644
-1.2446 -0.46556
-1.2481 -0.46468
-1.2516 -0.46379
-1.2550 -0.46291
-1.2585 -0.46202
-1.2620 -0.46113
-1.2654 -0.46023
-1.2689 -0.45933
-1.2723 -0.45843
-1.2758 -0.45753
-1.2793 -0.45663
-1.2827 -0.45572
-1.2862 -0.45481
-1.2897 -0.45390
-1.2931 -0.45298
-1.2966 -0.45206
-1.3000 -0.45114
-1.3035 -0.45022
-1.3070 -0.44929
-1.3104 -0.44836
-1.3139 -0.44743
-1.3173 -0.44650
-1.3208 -0.44556
-1.3242 -0.44462
-1.3277 -0.44368
-1.3311 -0.44274
-1.3346 -0.44179
-1.3381 -0.44084
-1.3415 -0.43988
-1.3450 -0.43893
-1.3484 -0.43797
-1.3519 -0.43701
-1.3553 -0.43604
-1.3588 -0.43508
-1.3622 -0.43411
-1.3657 -0.43314
-1.3691 -0.43216
-1.3726 -0.43118
-1.3760 -0.43020
-1.3795 -0.42922
-1.3829 -0.42823
-1.3864 -0.42724
-1.3898 -0.42625
-1.3933 -0.42525
-1.3967 -0.42426
-1.4002 -0.42325
-1.4036 -0.42225
-1.4071 -0.42124
-1.4105 -0.42023
-1.4140 -0.41922
-1.4174 -0.41820
-1.4209 -0.41718
-1.4243 -0.41616
-1.4278 -0.41514
-1.4312 -0.41411
-1.4347 -0.41308
-1.4381 -0.41204
-1.4416 -0.41101
-1.4450 -0.40997
-1.4485 -0.40892
-1.4519 -0.40787
-1.4554 -0.40682
-1.4588 -0.40577
-1.4623 -0.40472
-1.4657 -0.40366
-1.4692 -0.40259
-1.4726 -0.40153
-1.4761 -0.40046
-1.4796 -0.39938
-1.4830 -0.39831
-1.4865 -0.39723
-1.4899 -0.39615
-1.4934 -0.39506
-1.4968 -0.39397
-1.5003 -0.39288
-1.5037 -0.39178
-1.5072 -0.39069
-1.5106 -0.38958
-1.5141 -0.38848
-1.5175 -0.38737
-1.5210 -0.38625
-1.5244 -0.38514
-1.5279 -0.38402
-1.5314 -0.38289
-1.5348 -0.38176
-1.5383 -0.38063
-1.5417 -0.37950
-1.5452 -0.37836
-1.5486 -0.37722
-1.5521 -0.37607
-1.5556 -0.37492
-1.5590 -0.37377
-1.5625 -0.37261
-1.5659 -0.37145
-1.5694 -0.37029
-1.5729 -0.36912
-1.5763 -0.36795
-1.5798 -0.36677
-1.5832 -0.36559
-1.5867 -0.36441
-1.5902 -0.36322
-1.5936 -0.36203
-1.5971 -0.36083
-1.6006 -0.35963
-1.6040 -0.35843
-1.6075 -0.35722
-1.6110 -0.35601
-1.6144 -0.35479
-1.6179 -0.35357
-1.6214 -0.35234
-1.6248 -0.35112
-1.6283 -0.34988
-1.6318 -0.34864
-1.6353 -0.34740
-1.6387 -0.34616
-1.6422 -0.34490
-1.6457 -0.34365
-1.6491 -0.34239
-1.6526 -0.34112
-1.6561 -0.33986
-1.6596 -0.33858
-1.6630 -0.33730
-1.6665 -0.33602
-1.6700 -0.33473
-1.6735 -0.33344
-1.6770 -0.33214
-1.6804 -0.33084
-1.6839 -0.32954
-1.6874 -0.32822
-1.6909 -0.32691
-1.6944 -0.32559
-1.6978 -0.32426
-1.7013 -0.32293
-1.7048 -0.32159
-1.7083 -0.32025
-1.7118 -0.31890
-1.7153 -0.31755
-1.7187 -0.31619
-1.7222 -0.31483
-1.7257 -0.31346
-1.7292 -0.31209
-1.7327 -0.31071
-1.7362 -0.30932
-1.7397 -0.30793
-1.7431 -0.30654
-1.7466 -0.30514
-1.7501 -0.30373
-1.7536 -0.30232
-1.7571 -0.30090
-1.7606 -0.29947
-1.7641 -0.29804
-1.7676 -0.29661
-1.7711 -0.29516
-1.7746 -0.29372
-1.7780 -0.29226
-1.7815 -0.29080
-1.7850 -0.28933
-1.7885 -0.28786
-1.7920 -0.28638
-1.7955 -0.28489
-1.7990 -0.28340
-1.8025 -0.28190
-1.8060 -0.28039
-1.8095 -0.27888
-1.8129 -0.27736
-1.8164 -0.27583
-1.8199 -0.27430
-1.8234 -0.27276
-1.8269 -0.27121
-1.8304 -0.26966
-1.8339 -0.26809
-1.8374 -0.26652
-1.8408 -0.26495
-1.8443 -0.26336
-1.8478 -0.26177
-1.8513 -0.26017
-1.8548 -0.25857
-1.8583 -0.25695
-1.8617 -0.25533
-1.8652 -0.25370
-1.8687 -0.25206
-1.8722 -0.25041
-1.8756 -0.24876
-1.8791 -0.24709
-1.8826 -0.24542
-1.8860 -0.24374
-1.8895 -0.24205
-1.8930 -0.24035
-1.8964 -0.23865
-1.8999 -0.23693
-1.9033 -0.23521
-1.9068 -0.23348
-1.9102 -0.23173
-1.9137 -0.22998
-1.9171 -0.22822
-1.9206 -0.22645
-1.9240 -0.22467
-1.9274 -0.22288
-1.9308 -0.22108
-1.9343 -0.21927
-1.9377 -0.21745
-1.9411 -0.21562
-1.9445 -0.21378
-1.9479 -0.21193
-1.9513 -0.21007
-1.9547 -0.20819
-1.9581 -0.20631
-1.9614 -0.20442
-1.9648 -0.20251
-1.9682 -0.20060
-1.9715 -0.19867
-1.9749 -0.19673
-1.9782 -0.19478
-1.9815 -0.19282
-1.9849 -0.19084
-1.9882 -0.18886
-1.9915 -0.18686
-1.9948 -0.18485
-1.9980 -0.18283
-2.0013 -0.18079
-2.0046 -0.17875
-2.0078 -0.17669
-2.0111 -0.17461
-2.0143 -0.17253
-2.0175 -0.17043
-2.0207 -0.16831
-2.0239 -0.16619
-2.0270 -0.16405
-2.0302 -0.16189
-2.0333 -0.15973
-2.0364 -0.15754
-2.0395 -0.15535
-2.0426 -0.15314
-2.0457 -0.15091
-2.0487 -0.14867
-2.0517 -0.14642
-2.0547 -0.14415
-2.0577 -0.14187
-2.0606 -0.13957
-2.0636 -0.13726
-2.0665 -0.13493
-2.0693 -0.13258
-2.0722 -0.13022
-2.0750 -0.12785
-2.0778 -0.12546
-2.0806 -0.12305
-2.0833 -0.12063
-2.0860 -0.11819
-2.0887 -0.11574
-2.0913 -0.11327
-2.0939 -0.11079
-2.0965 -0.10829
-2.0990 -0.10577
-2.1015 -0.10324
-2.1039 -0.10069
-2.1063 -0.098123
-2.1087 -0.095543
-2.1110 -0.092947
-2.1132 -0.090336
-2.1154 -0.087709
-2.1176 -0.085067
-2.1197 -0.082409
-2.1218 -0.079737
-2.1238 -0.077049
-2.1258 -0.074347
-2.1277 -0.071631
-2.1295 -0.068901
-2.1313 -0.066156
-2.1330 -0.063398
-2.1347 -0.060627
-2.1363 -0.057843
-2.1378 -0.055046
-2.1393 -0.052237
-2.1407 -0.049417
-2.1420 -0.046585
-2.1433 -0.043742
-2.1444 -0.040890
-2.1456 -0.038027
-2.1466 -0.035155
-2.1476 -0.032274
-2.1485 -0.029386
-2.1493 -0.026490
-2.1500 -0.023587
-2.1507 -0.020678
-2.1512 -0.017764
-2.1517 -0.014844
-2.1521 -0.011921
-2.1525 -0.0089940
-2.1527 -0.0060645
-2.1529 -0.0031330
-2.1530 -0.00020029
-2.1530 0.0027329
-2.1529 0.0056659
-2.1528 0.0085979
-2.1525 0.011528
-2.1522 0.014456
-2.1518 0.017381
-2.1513 0.020302
-2.1507 0.023218
-2.1501 0.026129
-2.1494 0.029034
-2.1486 0.031932
-2.1477 0.034823
-2.1467 0.037707
-2.1457 0.040581
-2.1446 0.043447
-2.1434 0.046303
-2.1421 0.049149
-2.1408 0.051984
-2.1394 0.054808
-2.1380 0.057620
-2.1364 0.060421
-2.1348 0.063208
-2.1332 0.065983
-2.1315 0.068745
-2.1297 0.071493
-2.1278 0.074227
-2.1259 0.076947
-2.1240 0.079652
-2.1219 0.082343
-2.1199 0.085019
-2.1178 0.087680
-2.1156 0.090325
-2.1134 0.092955
-2.1111 0.095570
-2.1088 0.098168
-2.1064 0.10075
-2.1040 0.10332
-2.1016 0.10587
-2.0991 0.10840
-2.0965 0.11092
-2.0940 0.11343
-2.0914 0.11591
-2.0887 0.11839
-2.0860 0.12084
-2.0833 0.12328
-2.0806 0.12570
-2.0778 0.12811
-2.0750 0.13050
-2.0722 0.13288
-2.0693 0.13524
-2.0664 0.13758
-2.0635 0.13991
-2.0606 0.14223
-2.0576 0.14453
-2.0546 0.14681
-2.0516 0.14908
-2.0486 0.15133
-2.0455 0.15357
-2.0425 0.15579
-2.0394 0.15800
-2.0363 0.16020
-2.0331 0.16238
-2.0300 0.16455
-2.0268 0.16670
-2.0237 0.16884
-2.0205 0.17096
-2.0173 0.17308
-2.0140 0.17517
-2.0108 0.17726
-2.0076 0.17933
-2.0043 0.18139
-2.0010 0.18343
-1.9977 0.18547
-1.9944 0.18749
-1.9911 0.18950
-1.9878 0.19149
-1.9845 0.19348
-1.9812 0.19545
-1.9778 0.19741
-1.9745 0.19936
-1.9711 0.20129
-1.9678 0.20322
-1.9644 0.20513
-1.9610 0.20703
-1.9576 0.20892
-1.9542 0.21080
-1.9508 0.21267
-1.9474 0.21453
-1.9440 0.21638
-1.9406 0.21822
-1.9372 0.22004
-1.9338 0.22186
-1.9303 0.22367
-1.9269 0.22546
-1.9234 0.22725
-1.9200 0.22903
-1.9166 0.23079
-1.9131 0.23255
-1.9097 0.23430
-1.9062 0.23604
-1.9027 0.23777
-1.8993 0.23949
-1.8958 0.24120
-1.8923 0.24290
-1.8889 0.24460
-1.8854 0.24628
-1.8819 0.24796
-1.8785 0.24963
-1.8750 0.25129
-1.8715 0.25294
-1.8680 0.25458
-1.8645 0.25622
-1.8611 0.25784
-1.8576 0.25946
-1.8541 0.26108
-1.8506 0.26268
-1.8471 0.26427
-1.8436 0.26586
-1.8401 0.26744
-1.8366 0.26901
-1.8331 0.27058
-1.8296 0.27214
-1.8262 0.27369
-1.8227 0.27523
-1.8192 0.27677
-1.8157 0.27830
-1.8122 0.27982
-1.8087 0.28134
-1.8052 0.28285
-1.8017 0.28435
-1.7982 0.28585
-1.7947 0.28734
-1.7912 0.28882
-1.7877 0.29029
-1.7842 0.29176
-1.7807 0.29323
-1.7772 0.29468
-1.7737 0.29614
-1.7702 0.29758
-1.7667 0.29902
-1.7632 0.30045
-1.7598 0.30188
-1.7563 0.30330
-1.7528 0.30471
-1.7493 0.30612
-1.7458 0.30753
-1.7423 0.30892
-1.7388 0.31032
-1.7353 0.31170
-1.7318 0.31308
-1.7283 0.31446
-1.7248 0.31583
-1.7214 0.31719
-1.7179 0.31855
-1.7144 0.31990
-1.7109 0.32125
-1.7074 0.32260
-1.7039 0.32393
-1.7004 0.32527
-1.6969 0.32660
-1.6935 0.32792
-1.6900 0.32924
-1.6865 0.33055
-1.6830 0.33186
-1.6795 0.33316
-1.6761 0.33446
-1.6726 0.33575
-1.6691 0.33704
-1.6656 0.33832
-1.6621 0.33960
-1.6587 0.34088
-1.6552 0.34215
-1.6517 0.34341
-1.6482 0.34467
-1.6448 0.34593
-1.6413 0.34718
-1.6378 0.34843
-1.6343 0.34967
-1.6309 0.35091
-1.6274 0.35214
-1.6239 0.35337
-1.6205 0.35460
-1.6170 0.35582
-1.6135 0.35704
-1.6101 0.35825
-1.6066 0.35946
-1.6031 0.36066
-1.5997 0.36187
-1.5962 0.36306
-1.5927 0.36425
-1.5893 0.36544
-1.5858 0.36663
-1.5823 0.36781
-1.5789 0.36898
-1.5754 0.37016
-1.5720 0.37133
-1.5685 0.37249
-1.5650 0.37365
-1.5616 0.37481
-1.5581 0.37596
-1.5547 0.37711
-1.5512 0.37826
-1.5477 0.37940
-1.5443 0.38054
-1.5408 0.38167
-1.5374 0.38281
-1.5339 0.38393
-1.5305 0.38506
-1.5270 0.38618
-1.5235 0.38730
-1.5201 0.38841
-1.5166 0.38952
-1.5132 0.39063
-1.5097 0.39173
-1.5063 0.39283
-1.5028 0.39392
-1.4994 0.39502
-1.4959 0.39611
-1.4925 0.39719
-1.4890 0.39828
-1.4856 0.39936
-1.4821 0.40043
-1.4787 0.40150
-1.4752 0.40257
-1.4718 0.40364
-1.4683 0.40470
-1.4649 0.40576
-1.4614 0.40682
-1.4580 0.40787
-1.4545 0.40892
-1.4511 0.40997
-1.4476 0.41101
-1.4442 0.41205
-1.4407 0.41309
-1.4373 0.41413
-1.4338 0.41516
-1.4304 0.41619
-1.4269 0.41721
-1.4235 0.41823
-1.4200 0.41925
-1.4166 0.42027
-1.4132 0.42128
-1.4097 0.42229
-1.4063 0.42330
-1.4028 0.42430
-1.3994 0.42530
-1.3959 0.42630
-1.3925 0.42730
-1.3890 0.42829
-1.3856 0.42928
-1.3821 0.43027
-1.3787 0.43125
-1.3752 0.43223
-1.3718 0.43321
-1.3683 0.43419
-1.3649 0.43516
-1.3614 0.43613
-1.3580 0.43710
-1.3545 0.43806
-1.3511 0.43902
-1.3476 0.43998
-1.3442 0.44094
-1.3407 0.44189
-1.3373 0.44284
-1.3338 0.44379
-1.3304 0.44473
-1.3269 0.44567
-1.3235 0.44661
-1.3200 0.44755
-1.3166 0.44848
-1.3131 0.44942
-1.3097 0.45034
-1.3062 0.45127
-1.3028 0.45219
-1.2993 0.45311
-1.2959 0.45403
-1.2924 0.45495
-1.2889 0.45586
-1.2855 0.45677
-1.2820 0.45768
-1.2786 0.45859
-1.2751 0.45949
-1.2717 0.46039
-1.2682 0.46129
-1.2647 0.46218
-1.2613 0.46307
-1.2578 0.46396
-1.2544 0.46485
-1.2509 0.46573
-1.2474 0.46662
-1.2440 0.46750
-1.2405 0.46837
-1.2370 0.46925
-1.2336 0.47012
-1.2301 0.47099
-1.2267 0.47186
-1.2232 0.47272
-1.2197 0.47358
-1.2162 0.47444
-1.2128 0.47530
-1.2093 0.47616
-1.2058 0.47701
-1.2024 0.47786
-1.1989 0.47870
-1.1954 0.47955
-1.1919 0.48039
-1.1885 0.48123
-1.1850 0.48207
-1.1815 0.48291
-1.1780 0.48374
-1.1746 0.48457
-1.1711 0.48540
-1.1676 0.48622
-1.1641 0.48705
-1.1606 0.48787
-1.1572 0.48869
-1.1537 0.48950
-1.1502 0.49031
-1.1467 0.49113
-1.1432 0.49193
-1.1397 0.49274
-1.1362 0.49355
-1.1327 0.49435
-1.1292 0.49515
-1.1258 0.49594
-1.1223 0.49674
-1.1188 0.49753
-1.1153 0.49832
-1.1118 0.49911
-1.1083 0.49990
-1.1048 0.50068
-1.1013 0.50146
-1.0978 0.50224
-1.0943 0.50301
-1.0908 0.50379
-1.0873 0.50456
-1.0838 0.50533
-1.0803 0.50609
-1.0767 0.50686
-1.0732 0.50762
-1.0697 0.50838
-1.0662 0.50914
-1.0627 0.50989
-1.0592 0.51065
-1.0557 0.51140
-1.0521 0.51215
-1.0486 0.51289
-1.0451 0.51363
-1.0416 0.51438
-1.0381 0.51511
-1.0345 0.51585
-1.0310 0.51659
-1.0275 0.51732
-1.0240 0.51805
-1.0204 0.51877
-1.0169 0.51950
-1.0134 0.52022
-1.0098 0.52094
-1.0063 0.52166
-1.0028 0.52238
-0.99922 0.52309
-0.99568 0.52380
-0.99214 0.52451
-0.98859 0.52522
-0.98505 0.52592
-0.98150 0.52663
-0.97796 0.52733
-0.97441 0.52802
-0.97086 0.52872
-0.96731 0.52941
-0.96375 0.53010
-0.96020 0.53079
-0.95664 0.53148
-0.95308 0.53216
-0.94952 0.53284
-0.94596 0.53352
-0.94240 0.53420
-0.93883 0.53487
-0.93527 0.53555
-0.93170 0.53622
-0.92813 0.53689
-0.92456 0.53755
-0.92099 0.53821
-0.91741 0.53887
-0.91384 0.53953
-0.91026 0.54019
-0.90668 0.54084
-0.90310 0.54150
-0.89952 0.54214
-0.89593 0.54279
-0.89235 0.54344
-0.88876 0.54408
-0.88517 0.54472
-0.88158 0.54536
-0.87798 0.54599
-0.87439 0.54663
-0.87079 0.54726
-0.86720 0.54789
-0.86360 0.54851
-0.85999 0.54914
-0.85639 0.54976
-0.85278 0.55038
-0.84918 0.55099
-0.84557 0.55161
-0.84196 0.55222
-0.83834 0.55283
-0.83473 0.55344
-0.83111 0.55404
-0.82750 0.55465
-0.82388 0.55525
-0.82025 0.55585
-0.81663 0.55644
-0.81300 0.55704
-0.80938 0.55763
-0.80575 0.55822
-0.80212 0.55880
-0.79848 0.55939
-0.79485 0.55997
-0.79121 0.56055
-0.78757 0.56112
-0.78393 0.56170
-0.78029 0.56227
-0.77665 0.56284
-0.77300 0.56341
-0.76935 0.56398
-0.76571 0.56454
-0.76205 0.56510
-0.75840 0.56566
-0.75474 0.56621
-0.75109 0.56677
-0.74743 0.56732
-0.74377 0.56787
-0.74010 0.56841
-0.73644 0.56896
-0.73277 0.56950
-0.72910 0.57003
-0.72543 0.57057
-0.72176 0.57111
-0.71808 0.57164
-0.71441 0.57217
-0.71073 0.57269
-0.70704 0.57322
-0.70336 0.57374
-0.69968 0.57426
-0.69599 0.57477
-0.69230 0.57529
-0.68861 0.57580
-0.68492 0.57631
-0.68122 0.57682
-0.67753 0.57732
-0.67383 0.57782
-0.67013 0.57832
-0.66643 0.57882
-0.66272 0.57931
-0.65901 0.57981
-0.65530 0.58030
-0.65159 0.58078
-0.64788 0.58127
-0.64417 0.58175
-0.64045 0.58223
-0.63673 0.58271
-0.63301 0.58318
-0.62929 0.58365
-0.62557 0.58412
-0.62184 0.58459
-0.61811 0.58505
-0.61438 0.58552
-0.61065 0.58597
-0.60692 0.58643
-0.60318 0.58689
-0.59944 0.58734
-0.59570 0.58779
-0.59196 0.58823
-0.58821 0.58868
-0.58447 0.58912
-0.58072 0.58956
-0.57697 0.58999
-0.57322 0.59043
-0.56946 0.59086
-0.56571 0.59129
-0.56195 0.59171
-0.55819 0.59213
-0.55443 0.59256
-0.55067 0.59297
-0.54690 0.59339
-0.54314 0.59380
-0.53937 0.59421
-0.53560 0.59462
-0.53182 0.59502
-0.52805 0.59542
-0.52427 0.59582
-0.52049 0.59622
-0.51671 0.59661
-0.51293 0.59701
-0.50915 0.59740
-0.50536 0.59778
-0.50157 0.59817
-0.49778 0.59855
-0.49399 0.59892
-0.49020 0.59930
-0.48640 0.59967
-0.48260 0.60004
-0.47881 0.60041
-0.47501 0.60077
-0.47120 0.60114
-0.46740 0.60149
-0.46359 0.60185
-0.45978 0.60221
-0.45597 0.60256
-0.45216 0.60290
-0.44835 0.60325
-0.44453 0.60359
-0.44072 0.60393
-0.43690 0.60427
-0.43308 0.60460
-0.42926 0.60494
-0.42543 0.60526
-0.42161 0.60559
-0.41778 0.60591
-0.41395 0.60623
-0.41012 0.60655
-0.40629 0.60687
-0.40245 0.60718
-0.39862 0.60749
-0.39478 0.60779
-0.39094 0.60810
-0.38710 0.60840
-0.38326 0.60870
-0.37942 0.60899
-0.37557 0.60928
-0.37172 0.60957
-0.36788 0.60986
-0.36403 0.61014
-0.36017 0.61043
-0.35632 0.61070
-0.35247 0.61098
-0.34861 0.61125
-0.34475 0.61152
-0.34089 0.61179
-0.33703 0.61205
-0.33317 0.61231
-0.32931 0.61257
-0.32544 0.61283
-0.32158 0.61308
-0.31771 0.61333
-0.31384 0.61357
-0.30997 0.61382
-0.30610 0.61406
-0.30223 0.61429
-0.29835 0.61453
-0.29447 0.61476
-0.29060 0.61499
-0.28672 0.61522
-0.28284 0.61544
-0.27896 0.61566
-0.27508 0.61588
-0.27119 0.61609
-0.26731 0.61630
-0.26342 0.61651
-0.25953 0.61671
-0.25564 0.61692
-0.25176 0.61712
-0.24786 0.61731
-0.24397 0.61751
-0.24008 0.61770
-0.23619 0.61788
-0.23229 0.61807
-0.22839 0.61825
-0.22450 0.61843
-0.22060 0.61860
-0.21670 0.61878
-0.21280 0.61895
-0.20890 0.61911
-0.20499 0.61927
-0.20109 0.61943
-0.19719 0.61959
-0.19328 0.61975
-0.18937 0.61990
-0.18547 0.62005
-0.18156 0.62019
-0.17765 0.62033
-0.17374 0.62047
-0.16983 0.62061
-0.16592 0.62074
-0.16201 0.62087
-0.15809 0.62100
-0.15418 0.62112
-0.15026 0.62124
-0.14635 0.62136
-0.14243 0.62148
-0.13852 0.62159
-0.13460 0.62170
-0.13068 0.62180
-0.12676 0.62191
-0.12284 0.62201
-0.11892 0.62210
-0.11500 0.62220
-0.11108 0.62229
-0.10716 0.62237
-0.10324 0.62246
-0.099315 0.62254
-0.095392 0.62262
-0.091468 0.62269
-0.087544 0.62276
-0.083620 0.62283
-0.079695 0.62290
-0.075770 0.62296
-0.071844 0.62302
-0.067918 0.62308
-0.063992 0.62313
-0.060065 0.62318
-0.056138 0.62323
-0.052211 0.62327
-0.048284 0.62331
-0.044356 0.62335
-0.040428 0.62339
-0.036500 0.62342
-0.032572 0.62345
-0.028644 0.62347
-0.024715 0.62350
-0.020786 0.62352
-0.016858 0.62353
-0.012929 0.62354
-0.0089998 0.62356
-0.0050708 0.62356
-0.0011418 0.62357
0.0027873 0.62357
0.0067163 0.62356
0.010645 0.62356
0.014574 0.62355
0.018503 0.62354
0.022432 0.62352
0.026360 0.62351
0.030289 0.62349
0.034217 0.62346
0.038145 0.62344
0.042073 0.62341
0.046001 0.62337
0.049929 0.62334
0.053856 0.62330
0.057783 0.62325
0.061710 0.62321
0.065636 0.62316
0.069563 0.62311
0.073488 0.62305
0.077414 0.62300
0.081339 0.62294
0.085263 0.62287
0.089188 0.62280
0.093112 0.62273
0.097035 0.62266
0.10096 0.62258
0.10488 0.62251
0.10880 0.62242
0.11272 0.62234
0.11664 0.62225
0.12056 0.62216
0.12448 0.62206
0.12840 0.62196
0.13232 0.62186
0.13624 0.62176
0.14016 0.62165
0.14407 0.62154
0.14799 0.62143
0.15190 0.62131
0.15582 0.62119
0.15973 0.62107
0.16364 0.62095
0.16756 0.62082
0.17147 0.62069
0.17538 0.62055
0.17929 0.62041
0.18320 0.62027
0.18710 0.62013
0.19101 0.61998
0.19492 0.61983
0.19882 0.61968
0.20272 0.61953
0.20663 0.61937
0.21053 0.61921
0.21443 0.61904
0.21833 0.61887
0.22223 0.61870
0.22613 0.61853
0.23003 0.61835
0.23392 0.61817
0.23782 0.61799
0.24171 0.61781
0.24560 0.61762
0.24949 0.61743
0.25338 0.61723
0.25727 0.61703
0.26116 0.61683
0.26505 0.61663
0.26893 0.61642
0.27282 0.61622
0.27670 0.61600
0.28058 0.61579
0.28446 0.61557
0.28834 0.61535
0.29222 0.61512
0.29610 0.61490
0.29997 0.61467
0.30385 0.61443
0.30772 0.61420
0.31159 0.61396
0.31546 0.61372
0.31933 0.61347
0.32320 0.61323
0.32706 0.61298
0.33093 0.61273
0.33479 0.61247
0.33865 0.61221
0.34251 0.61195
0.34637 0.61168
0.35023 0.61141
0.35408 0.61114
0.35793 0.61087
0.36179 0.61059
0.36564 0.61031
0.36949 0.61003
0.37333 0.60975
0.37718 0.60946
0.38103 0.60917
0.38487 0.60888
0.38871 0.60858
0.39255 0.60828
0.39639 0.60798
0.40022 0.60768
0.40406 0.60737
0.40789 0.60706
0.41172 0.60675
0.41555 0.60643
0.41938 0.60611
0.42321 0.60579
0.42703 0.60547
0.43085 0.60514
0.43467 0.60481
0.43849 0.60448
0.44231 0.60414
0.44613 0.60380
0.44994 0.60346
0.45375 0.60312
0.45756 0.60277
0.46137 0.60242
0.46518 0.60207
0.46899 0.60172
0.47279 0.60136
0.47659 0.60100
0.48039 0.60064
0.48419 0.60027
0.48799 0.59991
0.49178 0.59953
0.49557 0.59916
0.49936 0.59879
0.50315 0.59841
0.50694 0.59803
0.51072 0.59764
0.51451 0.59725
0.51829 0.59686
0.52207 0.59647
0.52584 0.59608
0.52962 0.59568
0.53339 0.59528
0.53717 0.59488
0.54094 0.59447
0.54470 0.59406
0.54847 0.59365
0.55223 0.59324
0.55600 0.59282
0.55976 0.59241
0.56351 0.59198
0.56727 0.59156
0.57103 0.59114
0.57478 0.59071
0.57853 0.59027
0.58228 0.58984
0.58603 0.58940
0.58977 0.58896
0.59351 0.58852
0.59725 0.58808
0.60099 0.58763
0.60473 0.58718
0.60846 0.58673
0.61220 0.58628
0.61593 0.58582
0.61965 0.58536
0.62338 0.58490
0.62711 0.58443
0.63083 0.58396
0.63455 0.58349
0.63827 0.58302
0.64199 0.58255
0.64570 0.58207
0.64942 0.58159
0.65313 0.58111
0.65683 0.58062
0.66054 0.58014
0.66425 0.57965
0.66795 0.57915
0.67165 0.57866
0.67535 0.57816
0.67905 0.57766
0.68274 0.57716
0.68644 0.57665
0.69013 0.57615
0.69382 0.57564
0.69750 0.57513
0.70119 0.57461
0.70487 0.57409
0.70855 0.57358
0.71223 0.57305
0.71591 0.57253
0.71959 0.57200
0.72326 0.57147
0.72693 0.57094
0.73060 0.57041
0.73427 0.56987
0.73794 0.56933
0.74160 0.56879
0.74526 0.56825
0.74892 0.56770
0.75258 0.56715
0.75624 0.56660
0.75989 0.56605
0.76354 0.56549
0.76719 0.56494
0.77084 0.56438
0.77449 0.56381
0.77813 0.56325
0.78178 0.56268
0.78542 0.56211
0.78906 0.56154
0.79270 0.56096
0.79633 0.56039
0.79996 0.55981
0.80360 0.55923
0.80723 0.55864
0.81085 0.55806
0.81448 0.55747
0.81810 0.55688
0.82172 0.55628
0.82535 0.55569
0.82896 0.55509
0.83258 0.55449
0.83619 0.55389
0.83981 0.55328
0.84342 0.55267
0.84703 0.55206
0.85063 0.55145
0.85424 0.55084
0.85784 0.55022
0.86144 0.54960
0.86504 0.54898
0.86864 0.54836
0.87224 0.54773
0.87583 0.54710
0.87943 0.54647
0.88302 0.54584
0.88661 0.54521
0.89019 0.54457
0.89378 0.54393
0.89736 0.54329
0.90095 0.54264
0.90453 0.54200
0.90811 0.54135
0.91168 0.54070
0.91526 0.54004
0.91883 0.53939
0.92241 0.53873
0.92598 0.53807
0.92955 0.53741
0.93311 0.53674
0.93668 0.53607
0.94024 0.53540
0.94381 0.53473
0.94737 0.53406
0.95093 0.53338
0.95448 0.53270
0.95804 0.53202
0.96160 0.53134
0.96515 0.53065
0.96870 0.52997
0.97225 0.52927
0.97580 0.52858
0.97935 0.52789
0.98289 0.52719
0.98643 0.52649
0.98998 0.52579
0.99352 0.52509
0.99706 0.52438
1.0006 0.52367
1.0041 0.52296
1.0077 0.52225
1.0112 0.52153
1.0147 0.52082
1.0183 0.52010
1.0218 0.51937
1.0253 0.51865
1.0288 0.51792
1.0324 0.51720
1.0359 0.51646
1.0394 0.51573
1.0429 0.51500
1.0465 0.51426
1.0500 0.51352
1.0535 0.51277
1.0570 0.51203
1.0605 0.51128
1.0640 0.51053
1.0675 0.50978
1.0711 0.50903
1.0746 0.50827
1.0781 0.50751
1.0816 0.50675
1.0851 0.50599
1.0886 0.50522
1.0921 0.50446
1.0956 0.50368
1.0991 0.50291
1.1026 0.50214
1.1061 0.50136
1.1096 0.50058
1.1131 0.49980
1.1166 0.49902
1.1201 0.49823
1.1236 0.49744
1.1271 0.49665
1.1305 0.49586
1.1340 0.49506
1.1375 0.49426
1.1410 0.49346
1.1445 0.49266
1.1480 0.49185
1.1515 0.49105
1.1549 0.49024
1.1584 0.48943
1.1619 0.48861
1.1654 0.48779
1.1689 0.48697
1.1723 0.48615
1.1758 0.48533
1.1793 0.48450
1.1828 0.48367
1.1863 0.48284
1.1897 0.48201
1.1932 0.48117
1.1967 0.48034
1.2001 0.47949
1.2036 0.47865
1.2071 0.47781
1.2105 0.47696
1.2140 0.47611
1.2175 0.47525
1.2209 0.47440
1.2244 0.47354
1.2279 0.47268
1.2313 0.47182
1.2348 0.47095
1.2383 0.47008
1.2417 0.46921
1.2452 0.46834
1.2487 0.46747
1.2521 0.46659
1.2556 0.46571
1.2590 0.46483
1.2625 0.46394
1.2659 0.46305
1.2694 0.46216
1.2729 0.46127
1.2763 0.46037
1.2798 0.45948
1.2832 0.45858
1.2867 0.45767
1.2901 0.45677
1.2936 0.45586
1.2970 0.45495
1.3005 0.45404
1.3039 0.45312
1.3074 0.45220
1.3109 0.45128
1.3143 0.45036
1.3178 0.44943
1.3212 0.44850
1.3247 0.44757
1.3281 0.44664
1.3316 0.44570
1.3350 0.44476
1.3384 0.44382
1.3419 0.44287
1.3453 0.44192
1.3488 0.44097
1.3522 0.44002
1.3557 0.43906
1.3591 0.43810
1.3626 0.43714
1.3660 0.43618
1.3695 0.43521
1.3729 0.43424
1.3764 0.43327
1.3798 0.43229
1.3833 0.43132
1.3867 0.43034
1.3901 0.42935
1.3936 0.42836
1.3970 0.42738
1.4005 0.42638
1.4039 0.42539
1.4074 0.42439
1.4108 0.42339
1.4143 0.42238
1.4177 0.42138
1.4212 0.42037
1.4246 0.41935
1.4280 0.41834
1.4315 0.41732
1.4349 0.41630
1.4384 0.41527
1.4418 0.41424
1.4453 0.41321
1.4487 0.41218
1.4522 0.41114
1.4556 0.41010
1.4591 0.40906
1.4625 0.40801
1.4659 0.40696
1.4694 0.40591
1.4728 0.40485
1.4763 0.40379
1.4797 0.40273
1.4832 0.40166
1.4866 0.40059
1.4901 0.39952
1.4935 0.39845
1.4970 0.39737
1.5004 0.39629
1.5039 0.39520
1.5073 0.39411
1.5108 0.39302
1.5142 0.39192
1.5177 0.39082
1.5211 0.38972
1.5246 0.38861
1.5280 0.38751
1.5315 0.38639
1.5349 0.38528
1.5384 0.38416
1.5419 0.38303
1.5453 0.38191
1.5488 0.38077
1.5522 0.37964
1.5557 0.37850
1.5591 0.37736
1.5626 0.37622
1.5660 0.37507
1.5695 0.37391
1.5730 0.37276
1.5764 0.37160
1.5799 0.37043
1.5833 0.36927
1.5868 0.36809
1.5903 0.36692
1.5937 0.36574
1.5972 0.36455
1.6007 0.36337
1.6041 0.36218
1.6076 0.36098
1.6111 0.35978
1.6145 0.35858
1.6180 0.35737
1.6215 0.35616
1.6249 0.35494
1.6284 0.35372
1.6319 0.35250
1.6353 0.35127
1.6388 0.35004
1.6423 0.34880
1.6458 0.34756
1.6492 0.34631
1.6527 0.34506
1.6562 0.34380
1.6597 0.34255
1.6631 0.34128
1.6666 0.34001
1.6701 0.33874
1.6736 0.33746
1.6771 0.33618
1.6805 0.33489
1.6840 0.33360
1.6875 0.33230
1.6910 0.33100
1.6945 0.32970
1.6980 0.32839
1.7014 0.32707
1.7049 0.32575
1.7084 0.32442
1.7119 0.32309
1.7154 0.32176
1.7189 0.32041
1.7224 0.31907
1.7259 0.31772
1.7293 0.31636
1.7328 0.31500
1.7363 0.31363
1.7398 0.31226
1.7433 0.31088
1.7468 0.30949
1.7503 0.30810
1.7538 0.30671
1.7573 0.30531
1.7608 0.30390
1.7643 0.30249
1.7678 0.30107
1.7713 0.29964
1.7748 0.29821
1.7783 0.29678
1.7818 0.29534
1.7853 0.29389
1.7888 0.29243
1.7923 0.29097
1.7958 0.28950
1.7993 0.28803
1.8028 0.28655
1.8063 0.28506
1.8098 0.28357
1.8133 0.28207
1.8168 0.28057
1.8203 0.27905
1.8238 0.27753
1.8273 0.27601
1.8308 0.27447
1.8343 0.27293
1.8378 0.27138
1.8413 0.26983
1.8448 0.26827
1.8483 0.26670
1.8518 0.26512
1.8553 0.26353
1.8588 0.26194
1.8623 0.26034
1.8658 0.25873
1.8693 0.25712
1.8728 0.25549
1.8763 0.25386
1.8798 0.25222
1.8833 0.25058
1.8867 0.24892
1.8902 0.24726
1.8937 0.24558
1.8972 0.24390
1.9007 0.24221
1.9042 0.24051
1.9076 0.23880
1.9111 0.23709
1.9146 0.23536
1.9181 0.23363
1.9215 0.23188
1.9250 0.23013
1.9284 0.22837
1.9319 0.22659
1.9354 0.22481
1.9388 0.22302
1.9423 0.22122
1.9457 0.21940
1.9491 0.21758
1.9526 0.21575
1.9560 0.21391
1.9594 0.21205
1.9628 0.21019
1.9663 0.20831
1.9697 0.20643
1.9731 0.20453
1.9765 0.20262
1.9798 0.20070
1.9832 0.19877
1.9866 0.19683
1.9900 0.19487
1.9933 0.19291
1.9967 0.19093
2.0000 0.18894
2.0033 0.18694
2.0066 0.18492
2.0099 0.18289
2.0132 0.18085
2.0165 0.17880
2.0198 0.17673
2.0231 0.17465
2.0263 0.17256
2.0296 0.17046
2.0328 0.16834
2.0360 0.16620
2.0392 0.16406
2.0424 0.16189
2.0455 0.15972
2.0487 0.15753
2.0518 0.15533
2.0549 0.15311
2.0580 0.15087
2.0611 0.14862
2.0641 0.14636
2.0672 0.14408
2.0702 0.14179
2.0731 0.13948
2.0761 0.13716
2.0790 0.13482
2.0819 0.13246
2.0848 0.13009
2.0877 0.12770
2.0905 0.12530
2.0933 0.12288
2.0961 0.12044
2.0988 0.11799
2.1015 0.11552
2.1041 0.11304
2.1068 0.11054
2.1094 0.10802
2.1119 0.10549
2.1144 0.10294
2.1169 0.10037
2.1193 0.097793
2.1217 0.095195
2.1240 0.092580
2.1263 0.089950
2.1286 0.087304
2.1308 0.084641
2.1329 0.081964
2.1350 0.079270
2.1370 0.076562
2.1390 0.073838
2.1409 0.071099
2.1428 0.068346
2.1446 0.065579
2.1463 0.062797
2.1480 0.060002
2.1496 0.057194
2.1511 0.054372
2.1526 0.051539
2.1540 0.048693
2.1553 0.045835
2.1566 0.042967
2.1578 0.040088
2.1589 0.037199
2.1599 0.034301
2.1609 0.031393
2.1618 0.028478
2.1626 0.025555
2.1633 0.022625
2.1639 0.019689
2.1645 0.016748
2.1650 0.013802
2.1654 0.010851
2.1657 0.0078978
2.1659 0.0049418
2.1660 0.0019840
2.1661 -0.00097477
2.1661 -0.0039338
2.1660 -0.0068922
2.1658 -0.0098493
2.1655 -0.012804
2.1651 -0.015757
2.1647 -0.018705
2.1641 -0.021649
