x y
-3.00000000000000 0.750000000000000
-2.9967 0.75008
-2.9935 0.75015
-2.9902 0.75023
-2.9870 0.75032
-2.9837 0.75040
-2.9805 0.75048
-2.9773 0.75057
-2.9740 0.75066
-2.9708 0.75075
-2.9675 0.75084
-2.9643 0.75093
-2.9610 0.75103
-2.9578 0.75113
-2.9546 0.75123
-2.9513 0.75133
-2.9481 0.75143
-2.9449 0.75153
-2.9416 0.75164
-2.9384 0.75174
-2.9352 0.75185
-2.9319 0.75196
-2.9287 0.75207
-2.9255 0.75219
-2.9223 0.75230
-2.9190 0.75242
-2.9158 0.75253
-2.9126 0.75266
-2.9094 0.75278
-2.9062 0.75290
-2.9029 0.75302
-2.8997 0.75315
-2.8965 0.75328
-2.8933 0.75341
-2.8901 0.75354
-2.8869 0.75367
-2.8837 0.75380
-2.8805 0.75394
-2.8773 0.75408
-2.8741 0.75422
-2.8709 0.75436
-2.8677 0.75450
-2.8645 0.75464
-2.8613 0.75479
-2.8581 0.75493
-2.8549 0.75508
-2.8517 0.75523
-2.8485 0.75538
-2.8453 0.75553
-2.8422 0.75569
-2.8390 0.75584
-2.8358 0.75600
-2.8326 0.75616
-2.8294 0.75632
-2.8263 0.75648
-2.8231 0.75664
-2.8199 0.75680
-2.8168 0.75697
-2.8136 0.75713
-2.8104 0.75730
-2.8073 0.75747
-2.8041 0.75764
-2.8010 0.75782
-2.7978 0.75799
-2.7946 0.75816
-2.7915 0.75834
-2.7883 0.75852
-2.7852 0.75870
-2.7820 0.75888
-2.7789 0.75906
-2.7758 0.75924
-2.7726 0.75943
-2.7695 0.75962
-2.7663 0.75980
-2.7632 0.75999
-2.7601 0.76018
-2.7570 0.76037
-2.7538 0.76057
-2.7507 0.76076
-2.7476 0.76096
-2.7445 0.76115
-2.7413 0.76135
-2.7382 0.76155
-2.7351 0.76175
-2.7320 0.76195
-2.7289 0.76216
-2.7258 0.76236
-2.7227 0.76257
-2.7196 0.76277
-2.7165 0.76298
-2.7134 0.76319
-2.7103 0.76340
-2.7072 0.76361
-2.7041 0.76383
-2.7010 0.76404
-2.6979 0.76426
-2.6948 0.76447
-2.6918 0.76469
-2.6887 0.76491
-2.6856 0.76513
-2.6825 0.76535
-2.6795 0.76557
-2.6764 0.76580
-2.6733 0.76602
-2.6702 0.76625
-2.6672 0.76647
-2.6641 0.76670
-2.6611 0.76693
-2.6580 0.76716
-2.6550 0.76739
-2.6519 0.76762
-2.6489 0.76786
-2.6458 0.76809
-2.6428 0.76833
-2.6397 0.76857
-2.6367 0.76880
-2.6337 0.76904
-2.6306 0.76928
-2.6276 0.76952
-2.6246 0.76976
-2.6215 0.77001
-2.6185 0.77025
-2.6155 0.77050
-2.6125 0.77074
-2.6094 0.77099
-2.6064 0.77124
-2.6034 0.77149
-2.6004 0.77174
-2.5974 0.77199
-2.5944 0.77224
-2.5914 0.77249
-2.5884 0.77275
-2.5854 0.77300
-2.5824 0.77326
-2.5794 0.77351
-2.5764 0.77377
-2.5734 0.77403
-2.5705 0.77429
-2.5675 0.77455
-2.5645 0.77481
-2.5615 0.77507
-2.5585 0.77534
-2.5556 0.77560
-2.5526 0.77586
-2.5496 0.77613
-2.5467 0.77640
-2.5437 0.77666
-2.5407 0.77693
-2.5378 0.77720
-2.5348 0.77747
-2.5319 0.77774
-2.5289 0.77801
-2.5260 0.77829
-2.5230 0.77856
-2.5201 0.77883
-2.5171 0.77911
-2.5142 0.77938
-2.5113 0.77966
-2.5083 0.77994
-2.5054 0.78021
-2.5025 0.78049
-2.4996 0.78077
-2.4966 0.78105
-2.4937 0.78133
-2.4908 0.78162
-2.4879 0.78190
-2.4850 0.78218
-2.4821 0.78246
-2.4791 0.78275
-2.4762 0.78304
-2.4733 0.78332
-2.4704 0.78361
-2.4675 0.78390
-2.4646 0.78418
-2.4618 0.78447
-2.4589 0.78476
-2.4560 0.78505
-2.4531 0.78534
-2.4502 0.78563
-2.4473 0.78593
-2.4444 0.78622
-2.4416 0.78651
-2.4387 0.78681
-2.4358 0.78710
-2.4329 0.78740
-2.4301 0.78769
-2.4272 0.78799
-2.4244 0.78829
-2.4215 0.78859
-2.4186 0.78889
-2.4158 0.78919
-2.4129 0.78948
-2.4101 0.78979
-2.4072 0.79009
-2.4044 0.79039
-2.4016 0.79069
-2.3987 0.79099
-2.3959 0.79130
-2.3930 0.79160
-2.3902 0.79190
-2.3874 0.79221
-2.3845 0.79251
-2.3817 0.79282
-2.3789 0.79313
-2.3761 0.79344
-2.3733 0.79374
-2.3704 0.79405
-2.3676 0.79436
-2.3648 0.79467
-2.3620 0.79498
-2.3592 0.79529
-2.3564 0.79560
-2.3536 0.79591
-2.3508 0.79622
-2.3480 0.79653
-2.3452 0.79685
-2.3424 0.79716
-2.3396 0.79747
-2.3368 0.79779
-2.3340 0.79810
-2.3312 0.79842
-2.3285 0.79873
-2.3257 0.79905
-2.3229 0.79937
-2.3201 0.79968
-2.3174 0.80000
-2.3146 0.80032
-2.3118 0.80064
-2.3090 0.80095
-2.3063 0.80127
-2.3035 0.80159
-2.3008 0.80191
-2.2980 0.80223
-2.2952 0.80255
-2.2925 0.80287
-2.2897 0.80320
-2.2870 0.80352
-2.2842 0.80384
-2.2815 0.80416
-2.2788 0.80449
-2.2760 0.80481
-2.2733 0.80513
-2.2705 0.80546
-2.2678 0.80578
-2.2651 0.80611
-2.2624 0.80643
-2.2596 0.80676
-2.2569 0.80708
-2.2542 0.80741
-2.2515 0.80774
-2.2487 0.80806
-2.2460 0.80839
-2.2433 0.80872
-2.2406 0.80905
-2.2379 0.80937
-2.2352 0.80970
-2.2325 0.81003
-2.2298 0.81036
-2.2271 0.81069
-2.2244 0.81102
-2.2217 0.81135
-2.2190 0.81168
-2.2163 0.81201
-2.2136 0.81234
-2.2109 0.81267
-2.2082 0.81301
-2.2055 0.81334
-2.2028 0.81367
-2.2002 0.81400
-2.1975 0.81434
-2.1948 0.81467
-2.1921 0.81500
-2.1895 0.81534
-2.1868 0.81567
-2.1841 0.81600
-2.1814 0.81634
-2.1788 0.81667
-2.1761 0.81701
-2.1735 0.81734
-2.1708 0.81768
-2.1681 0.81801
-2.1655 0.81835
-2.1628 0.81868
-2.1602 0.81902
-2.1575 0.81936
-2.1549 0.81969
-2.1522 0.82003
-2.1496 0.82036
-2.1469 0.82070
-2.1443 0.82104
-2.1417 0.82138
-2.1390 0.82171
-2.1364 0.82205
-2.1338 0.82239
-2.1311 0.82273
-2.1285 0.82307
-2.1259 0.82341
-2.1232 0.82374
-2.1206 0.82408
-2.1180 0.82442
-2.1154 0.82476
-2.1128 0.82510
-2.1101 0.82544
-2.1075 0.82578
-2.1049 0.82612
-2.1023 0.82646
-2.0997 0.82680
-2.0971 0.82714
-2.0945 0.82748
-2.0919 0.82782
-2.0893 0.82816
-2.0867 0.82850
-2.0841 0.82885
-2.0815 0.82919
-2.0789 0.82953
-2.0763 0.82987
-2.0737 0.83021
-2.0711 0.83055
-2.0685 0.83089
-2.0659 0.83124
-2.0633 0.83158
-2.0608 0.83192
-2.0582 0.83226
-2.0556 0.83261
-2.0530 0.83295
-2.0504 0.83329
-2.0479 0.83363
-2.0453 0.83397
-2.0427 0.83432
-2.0402 0.83466
-2.0376 0.83500
-2.0350 0.83535
-2.0325 0.83569
-2.0299 0.83603
-2.0273 0.83638
-2.0248 0.83672
-2.0222 0.83706
-2.0196 0.83741
-2.0171 0.83775
-2.0145 0.83809
-2.0120 0.83844
-2.0094 0.83878
-2.0069 0.83913
-2.0043 0.83947
-2.0018 0.83982
-1.9992 0.84016
-1.9967 0.84050
-1.9942 0.84085
-1.9916 0.84119
-1.9891 0.84154
-1.9865 0.84188
-1.9840 0.84223
-1.9815 0.84257
-1.9789 0.84291
-1.9764 0.84326
-1.9739 0.84360
-1.9713 0.84395
-1.9688 0.84429
-1.9663 0.84464
-1.9638 0.84498
-1.9613 0.84532
-1.9587 0.84567
-1.9562 0.84601
-1.9537 0.84636
-1.9512 0.84670
-1.9487 0.84705
-1.9461 0.84739
-1.9436 0.84774
-1.9411 0.84809
-1.9386 0.84843
-1.9361 0.84878
-1.9336 0.84912
-1.9311 0.84947
-1.9286 0.84981
-1.9261 0.85016
-1.9236 0.85050
-1.9211 0.85085
-1.9186 0.85119
-1.9161 0.85154
-1.9136 0.85188
-1.9111 0.85223
-1.9086 0.85257
-1.9061 0.85292
-1.9036 0.85326
-1.9011 0.85361
-1.8986 0.85395
-1.8962 0.85429
-1.8937 0.85464
-1.8912 0.85498
-1.8887 0.85533
-1.8862 0.85567
-1.8837 0.85602
-1.8813 0.85636
-1.8788 0.85670
-1.8763 0.85705
-1.8738 0.85739
-1.8713 0.85774
-1.8689 0.85808
-1.8664 0.85843
-1.8639 0.85877
-1.8615 0.85911
-1.8590 0.85946
-1.8565 0.85980
-1.8541 0.86015
-1.8516 0.86049
-1.8491 0.86084
-1.8467 0.86118
-1.8442 0.86152
-1.8418 0.86187
-1.8393 0.86221
-1.8368 0.86255
-1.8344 0.86290
-1.8319 0.86324
-1.8295 0.86358
-1.8270 0.86393
-1.8246 0.86427
-1.8221 0.86461
-1.8197 0.86496
-1.8172 0.86530
-1.8148 0.86564
-1.8123 0.86598
-1.8099 0.86633
-1.8074 0.86667
-1.8050 0.86701
-1.8026 0.86735
-1.8001 0.86770
-1.7977 0.86804
-1.7952 0.86838
-1.7928 0.86872
-1.7904 0.86907
-1.7879 0.86941
-1.7855 0.86975
-1.7831 0.87009
-1.7806 0.87043
-1.7782 0.87077
-1.7758 0.87111
-1.7733 0.87146
-1.7709 0.87180
-1.7685 0.87214
-1.7661 0.87248
-1.7636 0.87282
-1.7612 0.87316
-1.7588 0.87350
-1.7564 0.87384
-1.7539 0.87418
-1.7515 0.87452
-1.7491 0.87486
-1.7467 0.87520
-1.7443 0.87554
-1.7419 0.87588
-1.7394 0.87622
-1.7370 0.87656
-1.7346 0.87690
-1.7322 0.87724
-1.7298 0.87758
-1.7274 0.87792
-1.7250 0.87826
-1.7226 0.87859
-1.7201 0.87893
-1.7177 0.87927
-1.7153 0.87961
-1.7129 0.87995
-1.7105 0.88029
-1.7081 0.88062
-1.7057 0.88096
-1.7033 0.88130
-1.7009 0.88164
-1.6985 0.88197
-1.6961 0.88231
-1.6937 0.88265
-1.6913 0.88299
-1.6889 0.88332
-1.6865 0.88366
-1.6841 0.88400
-1.6817 0.88433
-1.6794 0.88467
-1.6770 0.88500
-1.6746 0.88534
-1.6722 0.88567
-1.6698 0.88601
-1.6674 0.88635
-1.6650 0.88668
-1.6626 0.88702
-1.6602 0.88735
-1.6579 0.88768
-1.6555 0.88802
-1.6531 0.88835
-1.6507 0.88869
-1.6483 0.88902
-1.6459 0.88936
-1.6436 0.88969
-1.6412 0.89002
-1.6388 0.89036
-1.6364 0.89069
-1.6340 0.89102
-1.6317 0.89136
-1.6293 0.89169
-1.6269 0.89202
-1.6245 0.89235
-1.6222 0.89268
-1.6198 0.89302
-1.6174 0.89335
-1.6151 0.89368
-1.6127 0.89401
-1.6103 0.89434
-1.6079 0.89467
-1.6056 0.89500
-1.6032 0.89534
-1.6008 0.89567
-1.5985 0.89600
-1.5961 0.89633
-1.5937 0.89666
-1.5914 0.89699
-1.5890 0.89731
-1.5866 0.89764
-1.5843 0.89797
-1.5819 0.89830
-1.5796 0.89863
-1.5772 0.89896
-1.5748 0.89929
-1.5725 0.89961
-1.5701 0.89994
-1.5678 0.90027
-1.5654 0.90060
-1.5630 0.90092
-1.5607 0.90125
-1.5583 0.90158
-1.5560 0.90190
-1.5536 0.90223
-1.5513 0.90256
-1.5489 0.90288
-1.5466 0.90321
-1.5442 0.90353
-1.5419 0.90386
-1.5395 0.90418
-1.5372 0.90451
-1.5348 0.90483
-1.5325 0.90516
-1.5301 0.90548
-1.5278 0.90581
-1.5254 0.90613
-1.5231 0.90645
-1.5207 0.90678
-1.5184 0.90710
-1.5160 0.90742
-1.5137 0.90774
-1.5113 0.90807
-1.5090 0.90839
-1.5067 0.90871
-1.5043 0.90903
-1.5020 0.90935
-1.4996 0.90967
-1.4973 0.91000
-1.4949 0.91032
-1.4926 0.91064
-1.4903 0.91096
-1.4879 0.91128
-1.4856 0.91160
-1.4832 0.91192
-1.4809 0.91224
-1.4786 0.91255
-1.4762 0.91287
-1.4739 0.91319
-1.4716 0.91351
-1.4692 0.91383
-1.4669 0.91414
-1.4646 0.91446
-1.4622 0.91478
-1.4599 0.91510
-1.4576 0.91541
-1.4552 0.91573
-1.4529 0.91605
-1.4506 0.91636
-1.4482 0.91668
-1.4459 0.91699
-1.4436 0.91731
-1.4412 0.91762
-1.4389 0.91794
-1.4366 0.91825
-1.4342 0.91857
-1.4319 0.91888
-1.4296 0.91919
-1.4273 0.91951
-1.4249 0.91982
-1.4226 0.92013
-1.4203 0.92045
-1.4179 0.92076
-1.4156 0.92107
-1.4133 0.92138
-1.4110 0.92169
-1.4086 0.92201
-1.4063 0.92232
-1.4040 0.92263
-1.4017 0.92294
-1.3994 0.92325
-1.3970 0.92356
-1.3947 0.92387
-1.3924 0.92418
-1.3901 0.92449
-1.3877 0.92480
-1.3854 0.92510
-1.3831 0.92541
-1.3808 0.92572
-1.3785 0.92603
-1.3761 0.92633
-1.3738 0.92664
-1.3715 0.92695
-1.3692 0.92725
-1.3669 0.92756
-1.3645 0.92787
-1.3622 0.92817
-1.3599 0.92848
-1.3576 0.92878
-1.3553 0.92909
-1.3530 0.92939
-1.3506 0.92970
-1.3483 0.93000
-1.3460 0.93030
-1.3437 0.93061
-1.3414 0.93091
-1.3391 0.93121
-1.3367 0.93152
-1.3344 0.93182
-1.3321 0.93212
-1.3298 0.93242
-1.3275 0.93272
-1.3252 0.93302
-1.3229 0.93332
-1.3206 0.93362
-1.3182 0.93392
-1.3159 0.93422
-1.3136 0.93452
-1.3113 0.93482
-1.3090 0.93512
-1.3067 0.93542
-1.3044 0.93572
-1.3021 0.93602
-1.2997 0.93631
-1.2974 0.93661
-1.2951 0.93691
-1.2928 0.93720
-1.2905 0.93750
-1.2882 0.93780
-1.2859 0.93809
-1.2836 0.93839
-1.2813 0.93868
-1.2790 0.93898
-1.2766 0.93927
-1.2743 0.93957
-1.2720 0.93986
-1.2697 0.94015
-1.2674 0.94045
-1.2651 0.94074
-1.2628 0.94103
-1.2605 0.94132
-1.2582 0.94162
-1.2559 0.94191
-1.2536 0.94220
-1.2513 0.94249
-1.2490 0.94278
-1.2466 0.94307
-1.2443 0.94336
-1.2420 0.94365
-1.2397 0.94394
-1.2374 0.94423
-1.2351 0.94452
-1.2328 0.94480
-1.2305 0.94509
-1.2282 0.94538
-1.2259 0.94567
-1.2236 0.94595
-1.2213 0.94624
-1.2190 0.94652
-1.2167 0.94681
-1.2144 0.94710
-1.2121 0.94738
-1.2098 0.94767
-1.2075 0.94795
-1.2051 0.94823
-1.2028 0.94852
-1.2005 0.94880
-1.1982 0.94908
-1.1959 0.94937
-1.1936 0.94965
-1.1913 0.94993
-1.1890 0.95021
-1.1867 0.95049
-1.1844 0.95078
-1.1821 0.95106
-1.1798 0.95134
-1.1775 0.95162
-1.1752 0.95189
-1.1729 0.95217
-1.1706 0.95245
-1.1683 0.95273
-1.1660 0.95301
-1.1637 0.95329
-1.1614 0.95356
-1.1591 0.95384
-1.1568 0.95412
-1.1545 0.95439
-1.1522 0.95467
-1.1499 0.95495
-1.1476 0.95522
-1.1453 0.95549
-1.1430 0.95577
-1.1407 0.95604
-1.1384 0.95632
-1.1361 0.95659
-1.1338 0.95686
-1.1314 0.95714
-1.1291 0.95741
-1.1268 0.95768
-1.1245 0.95795
-1.1222 0.95822
-1.1199 0.95849
-1.1176 0.95876
-1.1153 0.95903
-1.1130 0.95930
-1.1107 0.95957
-1.1084 0.95984
-1.1061 0.96011
-1.1038 0.96038
-1.1015 0.96064
-1.0992 0.96091
-1.0969 0.96118
-1.0946 0.96144
-1.0923 0.96171
-1.0900 0.96198
-1.0877 0.96224
-1.0854 0.96251
-1.0831 0.96277
-1.0808 0.96304
-1.0785 0.96330
-1.0762 0.96356
-1.0739 0.96383
-1.0716 0.96409
-1.0693 0.96435
-1.0670 0.96461
-1.0647 0.96487
-1.0624 0.96513
-1.0601 0.96539
-1.0578 0.96565
-1.0555 0.96591
-1.0532 0.96617
-1.0509 0.96643
-1.0486 0.96669
-1.0463 0.96695
-1.0440 0.96721
-1.0417 0.96746
-1.0394 0.96772
-1.0371 0.96798
-1.0347 0.96823
-1.0324 0.96849
-1.0301 0.96874
-1.0278 0.96900
-1.0255 0.96925
-1.0232 0.96951
-1.0209 0.96976
-1.0186 0.97001
-1.0163 0.97027
-1.0140 0.97052
-1.0117 0.97077
-1.0094 0.97102
-1.0071 0.97127
-1.0048 0.97152
-1.0025 0.97177
-1.0002 0.97202
-0.99788 0.97227
-0.99558 0.97252
-0.99327 0.97277
-0.99097 0.97302
-0.98866 0.97327
-0.98636 0.97351
-0.98405 0.97376
-0.98175 0.97401
-0.97944 0.97425
-0.97714 0.97450
-0.97483 0.97474
-0.97253 0.97499
-0.97022 0.97523
-0.96791 0.97548
-0.96561 0.97572
-0.96330 0.97596
-0.96100 0.97621
-0.95869 0.97645
-0.95638 0.97669
-0.95408 0.97693
-0.95177 0.97717
-0.94946 0.97741
-0.94716 0.97765
-0.94485 0.97789
-0.94254 0.97813
-0.94023 0.97837
-0.93793 0.97861
-0.93562 0.97884
-0.93331 0.97908
-0.93100 0.97932
-0.92869 0.97956
-0.92639 0.97979
-0.92408 0.98003
-0.92177 0.98026
-0.91946 0.98050
-0.91715 0.98073
-0.91484 0.98096
-0.91253 0.98120
-0.91022 0.98143
-0.90791 0.98166
-0.90560 0.98189
-0.90329 0.98213
-0.90098 0.98236
-0.89867 0.98259
-0.89637 0.98282
-0.89405 0.98305
-0.89174 0.98328
-0.88943 0.98350
-0.88712 0.98373
-0.88481 0.98396
-0.88250 0.98419
-0.88019 0.98441
-0.87788 0.98464
-0.87556 0.98487
-0.87325 0.98509
-0.87094 0.98532
-0.86863 0.98554
-0.86632 0.98576
-0.86400 0.98599
-0.86169 0.98621
-0.85938 0.98643
-0.85706 0.98666
-0.85475 0.98688
-0.85244 0.98710
-0.85012 0.98732
-0.84781 0.98754
-0.84550 0.98776
-0.84318 0.98798
-0.84087 0.98820
-0.83855 0.98841
-0.83624 0.98863
-0.83392 0.98885
-0.83161 0.98907
-0.82929 0.98928
-0.82697 0.98950
-0.82466 0.98971
-0.82234 0.98993
-0.82003 0.99014
-0.81771 0.99036
-0.81539 0.99057
-0.81308 0.99078
-0.81076 0.99099
-0.80844 0.99121
-0.80612 0.99142
-0.80381 0.99163
-0.80149 0.99184
-0.79917 0.99205
-0.79685 0.99226
-0.79453 0.99247
-0.79222 0.99268
-0.78990 0.99288
-0.78758 0.99309
-0.78526 0.99330
-0.78294 0.99350
-0.78062 0.99371
-0.77830 0.99392
-0.77598 0.99412
-0.77366 0.99432
-0.77134 0.99453
-0.76902 0.99473
-0.76669 0.99494
-0.76437 0.99514
-0.76205 0.99534
-0.75973 0.99554
-0.75741 0.99574
-0.75508 0.99594
-0.75276 0.99614
-0.75044 0.99634
-0.74812 0.99654
-0.74579 0.99674
-0.74347 0.99693
-0.74115 0.99713
-0.73882 0.99733
-0.73650 0.99753
-0.73417 0.99772
-0.73185 0.99792
-0.72952 0.99811
-0.72720 0.99831
-0.72487 0.99850
-0.72255 0.99869
-0.72022 0.99888
-0.71790 0.99908
-0.71557 0.99927
-0.71325 0.99946
-0.71092 0.99965
-0.70859 0.99984
-0.70626 1.0000
-0.70394 1.0002
-0.70161 1.0004
-0.69928 1.0006
-0.69695 1.0008
-0.69463 1.0010
-0.69230 1.0012
-0.68997 1.0013
-0.68764 1.0015
-0.68531 1.0017
-0.68298 1.0019
-0.68065 1.0021
-0.67832 1.0023
-0.67599 1.0024
-0.67366 1.0026
-0.67133 1.0028
-0.66900 1.0030
-0.66667 1.0032
-0.66434 1.0033
-0.66200 1.0035
-0.65967 1.0037
-0.65734 1.0039
-0.65501 1.0041
-0.65267 1.0042
-0.65034 1.0044
-0.64801 1.0046
-0.64567 1.0048
-0.64334 1.0049
-0.64101 1.0051
-0.63867 1.0053
-0.63634 1.0055
-0.63400 1.0056
-0.63167 1.0058
-0.62933 1.0060
-0.62700 1.0061
-0.62466 1.0063
-0.62233 1.0065
-0.61999 1.0067
-0.61765 1.0068
-0.61532 1.0070
-0.61298 1.0072
-0.61064 1.0073
-0.60830 1.0075
-0.60597 1.0077
-0.60363 1.0078
-0.60129 1.0080
-0.59895 1.0081
-0.59661 1.0083
-0.59427 1.0085
-0.59193 1.0086
-0.58959 1.0088
-0.58726 1.0090
-0.58492 1.0091
-0.58257 1.0093
-0.58023 1.0094
-0.57789 1.0096
-0.57555 1.0098
-0.57321 1.0099
-0.57087 1.0101
-0.56853 1.0102
-0.56619 1.0104
-0.56384 1.0105
-0.56150 1.0107
-0.55916 1.0108
-0.55682 1.0110
-0.55447 1.0112
-0.55213 1.0113
-0.54978 1.0115
-0.54744 1.0116
-0.54510 1.0118
-0.54275 1.0119
-0.54041 1.0121
-0.53806 1.0122
-0.53572 1.0124
-0.53337 1.0125
-0.53103 1.0127
-0.52868 1.0128
-0.52633 1.0129
-0.52399 1.0131
-0.52164 1.0132
-0.51929 1.0134
-0.51695 1.0135
-0.51460 1.0137
-0.51225 1.0138
-0.50990 1.0140
-0.50755 1.0141
-0.50521 1.0142
-0.50286 1.0144
-0.50051 1.0145
-0.49816 1.0147
-0.49581 1.0148
-0.49346 1.0149
-0.49111 1.0151
-0.48876 1.0152
-0.48641 1.0153
-0.48406 1.0155
-0.48171 1.0156
-0.47936 1.0157
-0.47700 1.0159
-0.47465 1.0160
-0.47230 1.0161
-0.46995 1.0163
-0.46760 1.0164
-0.46524 1.0165
-0.46289 1.0167
-0.46054 1.0168
-0.45818 1.0169
-0.45583 1.0171
-0.45348 1.0172
-0.45112 1.0173
-0.44877 1.0174
-0.44641 1.0176
-0.44406 1.0177
-0.44170 1.0178
-0.43935 1.0179
-0.43699 1.0181
-0.43464 1.0182
-0.43228 1.0183
-0.42993 1.0184
-0.42757 1.0185
-0.42521 1.0187
-0.42286 1.0188
-0.42050 1.0189
-0.41814 1.0190
-0.41578 1.0191
-0.41343 1.0193
-0.41107 1.0194
-0.40871 1.0195
-0.40635 1.0196
-0.40399 1.0197
-0.40163 1.0198
-0.39928 1.0199
-0.39692 1.0201
-0.39456 1.0202
-0.39220 1.0203
-0.38984 1.0204
-0.38748 1.0205
-0.38512 1.0206
-0.38276 1.0207
-0.38040 1.0208
-0.37803 1.0209
-0.37567 1.0210
-0.37331 1.0211
-0.37095 1.0212
-0.36859 1.0214
-0.36623 1.0215
-0.36386 1.0216
-0.36150 1.0217
-0.35914 1.0218
-0.35678 1.0219
-0.35441 1.0220
-0.35205 1.0221
-0.34969 1.0222
-0.34732 1.0223
-0.34496 1.0224
-0.34259 1.0225
-0.34023 1.0226
-0.33787 1.0227
-0.33550 1.0228
-0.33314 1.0229
-0.33077 1.0229
-0.32841 1.0230
-0.32604 1.0231
-0.32368 1.0232
-0.32131 1.0233
-0.31894 1.0234
-0.31658 1.0235
-0.31421 1.0236
-0.31184 1.0237
-0.30948 1.0238
-0.30711 1.0239
-0.30474 1.0239
-0.30238 1.0240
-0.30001 1.0241
-0.29764 1.0242
-0.29527 1.0243
-0.29291 1.0244
-0.29054 1.0245
-0.28817 1.0245
-0.28580 1.0246
-0.28343 1.0247
-0.28106 1.0248
-0.27869 1.0249
-0.27632 1.0249
-0.27395 1.0250
-0.27159 1.0251
-0.26922 1.0252
-0.26685 1.0252
-0.26448 1.0253
-0.26211 1.0254
-0.25974 1.0255
-0.25736 1.0256
-0.25499 1.0256
-0.25262 1.0257
-0.25025 1.0258
-0.24788 1.0258
-0.24551 1.0259
-0.24314 1.0260
-0.24077 1.0261
-0.23839 1.0261
-0.23602 1.0262
-0.23365 1.0263
-0.23128 1.0263
-0.22891 1.0264
-0.22653 1.0265
-0.22416 1.0265
-0.22179 1.0266
-0.21942 1.0266
-0.21704 1.0267
-0.21467 1.0268
-0.21230 1.0268
-0.20992 1.0269
-0.20755 1.0270
-0.20517 1.0270
-0.20280 1.0271
-0.20043 1.0271
-0.19805 1.0272
-0.19568 1.0272
-0.19330 1.0273
-0.19093 1.0274
-0.18856 1.0274
-0.18618 1.0275
-0.18381 1.0275
-0.18143 1.0276
-0.17906 1.0276
-0.17668 1.0277
-0.17431 1.0277
-0.17193 1.0278
-0.16955 1.0278
-0.16718 1.0279
-0.16480 1.0279
-0.16243 1.0280
-0.16005 1.0280
-0.15767 1.0281
-0.15530 1.0281
-0.15292 1.0282
-0.15055 1.0282
-0.14817 1.0282
-0.14579 1.0283
-0.14342 1.0283
-0.14104 1.0284
-0.13866 1.0284
-0.13629 1.0284
-0.13391 1.0285
-0.13153 1.0285
-0.12915 1.0286
-0.12678 1.0286
-0.12440 1.0286
-0.12202 1.0287
-0.11964 1.0287
-0.11727 1.0287
-0.11489 1.0288
-0.11251 1.0288
-0.11013 1.0288
-0.10776 1.0289
-0.10538 1.0289
-0.10300 1.0289
-0.10062 1.0290
-0.098243 1.0290
-0.095865 1.0290
-0.093487 1.0291
-0.091108 1.0291
-0.088730 1.0291
-0.086351 1.0291
-0.083973 1.0292
-0.081594 1.0292
-0.079216 1.0292
-0.076837 1.0292
-0.074458 1.0292
-0.072079 1.0293
-0.069700 1.0293
-0.067321 1.0293
-0.064942 1.0293
-0.062563 1.0293
-0.060184 1.0294
-0.057805 1.0294
-0.055426 1.0294
-0.053047 1.0294
-0.050668 1.0294
-0.048289 1.0294
-0.045909 1.0295
-0.043530 1.0295
-0.041151 1.0295
-0.038771 1.0295
-0.036392 1.0295
-0.034012 1.0295
-0.031633 1.0295
-0.029254 1.0295
-0.026874 1.0295
-0.024495 1.0296
-0.022115 1.0296
-0.019736 1.0296
-0.017356 1.0296
-0.014977 1.0296
-0.012597 1.0296
-0.010217 1.0296
-0.0078379 1.0296
-0.0054583 1.0296
-0.0030788 1.0296
-0.00069919 1.0296
0.0016804 1.0296
0.0040600 1.0296
0.0064395 1.0296
0.0088191 1.0296
0.011199 1.0296
0.013578 1.0296
0.015958 1.0296
0.018337 1.0296
0.020717 1.0296
0.023096 1.0296
0.025476 1.0296
0.027855 1.0296
0.030235 1.0295
0.032614 1.0295
0.034994 1.0295
0.037373 1.0295
0.039752 1.0295
0.042132 1.0295
0.044511 1.0295
0.046890 1.0295
0.049270 1.0295
0.051649 1.0294
0.054028 1.0294
0.056407 1.0294
0.058786 1.0294
0.061165 1.0294
0.063544 1.0294
0.065923 1.0293
0.068302 1.0293
0.070681 1.0293
0.073060 1.0293
0.075439 1.0293
0.077818 1.0292
0.080196 1.0292
0.082575 1.0292
0.084954 1.0292
0.087332 1.0291
0.089711 1.0291
0.092089 1.0291
0.094467 1.0291
0.096846 1.0290
0.099224 1.0290
0.10160 1.0290
0.10398 1.0290
0.10636 1.0289
0.10874 1.0289
0.11111 1.0289
0.11349 1.0288
0.11587 1.0288
0.11825 1.0288
0.12063 1.0287
0.12300 1.0287
0.12538 1.0287
0.12776 1.0286
0.13013 1.0286
0.13251 1.0285
0.13489 1.0285
0.13727 1.0285
0.13964 1.0284
0.14202 1.0284
0.14440 1.0284
0.14677 1.0283
0.14915 1.0283
0.15153 1.0282
0.15390 1.0282
0.15628 1.0281
0.15865 1.0281
0.16103 1.0280
0.16341 1.0280
0.16578 1.0280
0.16816 1.0279
0.17053 1.0279
0.17291 1.0278
0.17528 1.0278
0.17766 1.0277
0.18004 1.0277
0.18241 1.0276
0.18479 1.0276
0.18716 1.0275
0.18953 1.0274
0.19191 1.0274
0.19428 1.0273
0.19666 1.0273
0.19903 1.0272
0.20141 1.0272
0.20378 1.0271
0.20615 1.0271
0.20853 1.0270
0.21090 1.0269
0.21327 1.0269
0.21565 1.0268
0.21802 1.0267
0.22039 1.0267
0.22277 1.0266
0.22514 1.0266
0.22751 1.0265
0.22989 1.0264
0.23226 1.0264
0.23463 1.0263
0.23700 1.0262
0.23937 1.0262
0.24175 1.0261
0.24412 1.0260
0.24649 1.0260
0.24886 1.0259
0.25123 1.0258
0.25360 1.0257
0.25597 1.0257
0.25834 1.0256
0.26071 1.0255
0.26308 1.0254
0.26545 1.0254
0.26782 1.0253
0.27019 1.0252
0.27256 1.0251
0.27493 1.0251
0.27730 1.0250
0.27967 1.0249
0.28204 1.0248
0.28441 1.0247
0.28678 1.0247
0.28915 1.0246
0.29151 1.0245
0.29388 1.0244
0.29625 1.0243
0.29862 1.0243
0.30099 1.0242
0.30335 1.0241
0.30572 1.0240
0.30809 1.0239
0.31045 1.0238
0.31282 1.0237
0.31519 1.0236
0.31755 1.0236
0.31992 1.0235
0.32229 1.0234
0.32465 1.0233
0.32702 1.0232
0.32938 1.0231
0.33175 1.0230
0.33411 1.0229
0.33648 1.0228
0.33884 1.0227
0.34121 1.0226
0.34357 1.0225
0.34593 1.0224
0.34830 1.0223
0.35066 1.0222
0.35302 1.0221
0.35539 1.0220
0.35775 1.0219
0.36011 1.0218
0.36248 1.0217
0.36484 1.0216
0.36720 1.0215
0.36956 1.0214
0.37192 1.0213
0.37429 1.0212
0.37665 1.0211
0.37901 1.0210
0.38137 1.0209
0.38373 1.0208
0.38609 1.0207
0.38845 1.0206
0.39081 1.0205
0.39317 1.0203
0.39553 1.0202
0.39789 1.0201
0.40025 1.0200
0.40261 1.0199
0.40497 1.0198
0.40732 1.0197
0.40968 1.0196
0.41204 1.0194
0.41440 1.0193
0.41676 1.0192
0.41911 1.0191
0.42147 1.0190
0.42383 1.0189
0.42618 1.0187
0.42854 1.0186
0.43090 1.0185
0.43325 1.0184
0.43561 1.0183
0.43796 1.0181
0.44032 1.0180
0.44267 1.0179
0.44503 1.0178
0.44738 1.0176
0.44974 1.0175
0.45209 1.0174
0.45445 1.0173
0.45680 1.0171
0.45915 1.0170
0.46151 1.0169
0.46386 1.0168
0.46621 1.0166
0.46856 1.0165
0.47092 1.0164
0.47327 1.0162
0.47562 1.0161
0.47797 1.0160
0.48032 1.0158
0.48267 1.0157
0.48502 1.0156
0.48737 1.0154
0.48972 1.0153
0.49207 1.0152
0.49442 1.0150
0.49677 1.0149
0.49912 1.0147
0.50147 1.0146
0.50382 1.0145
0.50617 1.0143
0.50852 1.0142
0.51087 1.0140
0.51321 1.0139
0.51556 1.0138
0.51791 1.0136
0.52026 1.0135
0.52260 1.0133
0.52495 1.0132
0.52730 1.0130
0.52964 1.0129
0.53199 1.0128
0.53433 1.0126
0.53668 1.0125
0.53902 1.0123
0.54137 1.0122
0.54371 1.0120
0.54606 1.0119
0.54840 1.0117
0.55075 1.0116
0.55309 1.0114
0.55543 1.0113
0.55777 1.0111
0.56012 1.0110
0.56246 1.0108
0.56480 1.0106
0.56714 1.0105
0.56949 1.0103
0.57183 1.0102
0.57417 1.0100
0.57651 1.0099
0.57885 1.0097
0.58119 1.0095
0.58353 1.0094
0.58587 1.0092
0.58821 1.0091
0.59055 1.0089
0.59289 1.0087
0.59523 1.0086
0.59757 1.0084
0.59991 1.0083
0.60225 1.0081
0.60458 1.0079
0.60692 1.0078
0.60926 1.0076
0.61160 1.0074
0.61393 1.0073
0.61627 1.0071
0.61861 1.0069
0.62094 1.0068
0.62328 1.0066
0.62562 1.0064
0.62795 1.0063
0.63029 1.0061
0.63262 1.0059
0.63496 1.0057
0.63729 1.0056
0.63962 1.0054
0.64196 1.0052
0.64429 1.0050
0.64663 1.0049
0.64896 1.0047
0.65129 1.0045
0.65362 1.0043
0.65596 1.0042
0.65829 1.0040
0.66062 1.0038
0.66295 1.0036
0.66529 1.0035
0.66762 1.0033
0.66995 1.0031
0.67228 1.0029
0.67461 1.0027
0.67694 1.0026
0.67927 1.0024
0.68160 1.0022
0.68393 1.0020
0.68626 1.0018
0.68859 1.0016
0.69092 1.0015
0.69324 1.0013
0.69557 1.0011
0.69790 1.0009
0.70023 1.0007
0.70256 1.0005
0.70488 1.0003
0.70721 1.0001
0.70954 0.99996
0.71186 0.99977
0.71419 0.99958
0.71652 0.99939
0.71884 0.99920
0.72117 0.99901
0.72349 0.99882
0.72582 0.99862
0.72814 0.99843
0.73047 0.99824
0.73279 0.99804
0.73512 0.99785
0.73744 0.99765
0.73976 0.99746
0.74209 0.99726
0.74441 0.99706
0.74673 0.99687
0.74906 0.99667
0.75138 0.99647
0.75370 0.99627
0.75602 0.99607
0.75835 0.99587
0.76067 0.99567
0.76299 0.99547
0.76531 0.99527
0.76763 0.99507
0.76995 0.99486
0.77227 0.99466
0.77459 0.99446
0.77691 0.99425
0.77923 0.99405
0.78155 0.99384
0.78387 0.99364
0.78619 0.99343
0.78851 0.99323
0.79083 0.99302
0.79315 0.99281
0.79547 0.99260
0.79779 0.99239
0.80010 0.99219
0.80242 0.99198
0.80474 0.99177
0.80706 0.99156
0.80937 0.99134
0.81169 0.99113
0.81401 0.99092
0.81632 0.99071
0.81864 0.99050
0.82096 0.99028
0.82327 0.99007
0.82559 0.98985
0.82790 0.98964
0.83022 0.98942
0.83253 0.98921
0.83485 0.98899
0.83716 0.98878
0.83948 0.98856
0.84179 0.98834
0.84411 0.98812
0.84642 0.98790
0.84873 0.98768
0.85105 0.98746
0.85336 0.98724
0.85568 0.98702
0.85799 0.98680
0.86030 0.98658
0.86261 0.98636
0.86493 0.98614
0.86724 0.98591
0.86955 0.98569
0.87186 0.98547
0.87417 0.98524
0.87649 0.98502
0.87880 0.98479
0.88111 0.98457
0.88342 0.98434
0.88573 0.98411
0.88804 0.98389
0.89035 0.98366
0.89266 0.98343
0.89497 0.98320
0.89728 0.98297
0.89959 0.98274
0.90190 0.98251
0.90421 0.98228
0.90652 0.98205
0.90883 0.98182
0.91114 0.98159
0.91345 0.98136
0.91576 0.98112
0.91807 0.98089
0.92037 0.98066
0.92268 0.98042
0.92499 0.98019
0.92730 0.97995
0.92961 0.97972
0.93191 0.97948
0.93422 0.97924
0.93653 0.97901
0.93884 0.97877
0.94114 0.97853
0.94345 0.97829
0.94576 0.97806
0.94806 0.97782
0.95037 0.97758
0.95268 0.97734
0.95498 0.97710
0.95729 0.97686
0.95960 0.97661
0.96190 0.97637
0.96421 0.97613
0.96651 0.97589
0.96882 0.97565
0.97113 0.97540
0.97343 0.97516
0.97574 0.97491
0.97804 0.97467
0.98035 0.97442
0.98265 0.97418
0.98496 0.97393
0.98726 0.97369
0.98957 0.97344
0.99187 0.97319
0.99417 0.97294
0.99648 0.97270
0.99878 0.97245
1.0011 0.97220
1.0034 0.97195
1.0057 0.97170
1.0080 0.97145
1.0103 0.97120
1.0126 0.97095
1.0149 0.97069
1.0172 0.97044
1.0195 0.97019
1.0218 0.96994
1.0241 0.96968
1.0264 0.96943
1.0287 0.96918
1.0310 0.96892
1.0333 0.96867
1.0356 0.96841
1.0379 0.96816
1.0402 0.96790
1.0425 0.96764
1.0448 0.96739
1.0472 0.96713
1.0495 0.96687
1.0518 0.96661
1.0541 0.96635
1.0564 0.96609
1.0587 0.96584
1.0610 0.96558
1.0633 0.96532
1.0656 0.96506
1.0679 0.96479
1.0702 0.96453
1.0725 0.96427
1.0748 0.96401
1.0771 0.96375
1.0794 0.96348
1.0817 0.96322
1.0840 0.96296
1.0863 0.96269
1.0886 0.96243
1.0909 0.96216
1.0932 0.96190
1.0955 0.96163
1.0978 0.96137
1.1001 0.96110
1.1024 0.96083
1.1047 0.96057
1.1070 0.96030
1.1093 0.96003
1.1116 0.95976
1.1139 0.95949
1.1162 0.95922
1.1185 0.95895
1.1208 0.95868
1.1231 0.95841
1.1254 0.95814
1.1277 0.95787
1.1300 0.95760
1.1323 0.95733
1.1346 0.95706
1.1369 0.95678
1.1392 0.95651
1.1415 0.95624
1.1438 0.95596
1.1461 0.95569
1.1484 0.95542
1.1507 0.95514
1.1531 0.95487
1.1554 0.95459
1.1577 0.95432
1.1600 0.95404
1.1623 0.95376
1.1646 0.95349
1.1669 0.95321
1.1692 0.95293
1.1715 0.95265
1.1738 0.95237
1.1761 0.95210
1.1784 0.95182
1.1807 0.95154
1.1830 0.95126
1.1853 0.95098
1.1876 0.95070
1.1899 0.95042
1.1922 0.95013
1.1945 0.94985
1.1968 0.94957
1.1991 0.94929
1.2014 0.94901
1.2037 0.94872
1.2060 0.94844
1.2083 0.94816
1.2106 0.94787
1.2129 0.94759
1.2152 0.94730
1.2175 0.94702
1.2198 0.94673
1.2221 0.94645
1.2244 0.94616
1.2268 0.94587
1.2291 0.94559
1.2314 0.94530
1.2337 0.94501
1.2360 0.94473
1.2383 0.94444
1.2406 0.94415
1.2429 0.94386
1.2452 0.94357
1.2475 0.94328
1.2498 0.94299
1.2521 0.94270
1.2544 0.94241
1.2567 0.94212
1.2590 0.94183
1.2613 0.94154
1.2636 0.94125
1.2660 0.94095
1.2683 0.94066
1.2706 0.94037
1.2729 0.94008
1.2752 0.93978
1.2775 0.93949
1.2798 0.93919
1.2821 0.93890
1.2844 0.93861
1.2867 0.93831
1.2890 0.93801
1.2913 0.93772
1.2937 0.93742
1.2960 0.93713
1.2983 0.93683
1.3006 0.93653
1.3029 0.93624
1.3052 0.93594
1.3075 0.93564
1.3098 0.93534
1.3121 0.93504
1.3144 0.93475
1.3168 0.93445
1.3191 0.93415
1.3214 0.93385
1.3237 0.93355
1.3260 0.93325
1.3283 0.93295
1.3306 0.93265
1.3329 0.93234
1.3353 0.93204
1.3376 0.93174
1.3399 0.93144
1.3422 0.93114
1.3445 0.93083
1.3468 0.93053
1.3491 0.93023
1.3515 0.92992
1.3538 0.92962
1.3561 0.92932
1.3584 0.92901
1.3607 0.92871
1.3630 0.92840
1.3654 0.92810
1.3677 0.92779
1.3700 0.92749
1.3723 0.92718
1.3746 0.92687
1.3770 0.92657
1.3793 0.92626
1.3816 0.92595
1.3839 0.92564
1.3862 0.92534
1.3886 0.92503
1.3909 0.92472
1.3932 0.92441
1.3955 0.92410
1.3978 0.92379
1.4002 0.92348
1.4025 0.92317
1.4048 0.92286
1.4071 0.92255
1.4095 0.92224
1.4118 0.92193
1.4141 0.92162
1.4164 0.92131
1.4187 0.92100
1.4211 0.92069
1.4234 0.92037
1.4257 0.92006
1.4281 0.91975
1.4304 0.91944
1.4327 0.91912
1.4350 0.91881
1.4374 0.91849
1.4397 0.91818
1.4420 0.91787
1.4443 0.91755
1.4467 0.91724
1.4490 0.91692
1.4513 0.91661
1.4537 0.91629
1.4560 0.91597
1.4583 0.91566
1.4607 0.91534
1.4630 0.91503
1.4653 0.91471
1.4677 0.91439
1.4700 0.91407
1.4723 0.91376
1.4747 0.91344
1.4770 0.91312
1.4793 0.91280
1.4817 0.91248
1.4840 0.91216
1.4864 0.91185
1.4887 0.91153
1.4910 0.91121
1.4934 0.91089
1.4957 0.91057
1.4980 0.91025
1.5004 0.90993
1.5027 0.90961
1.5051 0.90928
1.5074 0.90896
1.5098 0.90864
1.5121 0.90832
1.5144 0.90800
1.5168 0.90767
1.5191 0.90735
1.5215 0.90703
1.5238 0.90671
1.5262 0.90638
1.5285 0.90606
1.5309 0.90574
1.5332 0.90541
1.5356 0.90509
1.5379 0.90477
1.5403 0.90444
1.5426 0.90412
1.5450 0.90379
1.5473 0.90347
1.5497 0.90314
1.5520 0.90282
1.5544 0.90249
1.5567 0.90216
1.5591 0.90184
1.5614 0.90151
1.5638 0.90119
1.5661 0.90086
1.5685 0.90053
1.5709 0.90020
1.5732 0.89988
1.5756 0.89955
1.5779 0.89922
1.5803 0.89889
1.5826 0.89856
1.5850 0.89824
1.5874 0.89791
1.5897 0.89758
1.5921 0.89725
1.5945 0.89692
1.5968 0.89659
1.5992 0.89626
1.6016 0.89593
1.6039 0.89560
1.6063 0.89527
1.6087 0.89494
1.6110 0.89461
1.6134 0.89428
1.6158 0.89395
1.6181 0.89362
1.6205 0.89329
1.6229 0.89295
1.6253 0.89262
1.6276 0.89229
1.6300 0.89196
1.6324 0.89163
1.6348 0.89129
1.6371 0.89096
1.6395 0.89063
1.6419 0.89030
1.6443 0.88996
1.6466 0.88963
1.6490 0.88930
1.6514 0.88896
1.6538 0.88863
1.6562 0.88830
1.6586 0.88796
1.6609 0.88763
1.6633 0.88729
1.6657 0.88696
1.6681 0.88662
1.6705 0.88629
1.6729 0.88595
1.6753 0.88562
1.6776 0.88528
1.6800 0.88495
1.6824 0.88461
1.6848 0.88427
1.6872 0.88394
1.6896 0.88360
1.6920 0.88327
1.6944 0.88293
1.6968 0.88259
1.6992 0.88226
1.7016 0.88192
1.7040 0.88158
1.7064 0.88124
1.7088 0.88091
1.7112 0.88057
1.7136 0.88023
1.7160 0.87989
1.7184 0.87956
1.7208 0.87922
1.7232 0.87888
1.7256 0.87854
1.7280 0.87820
1.7304 0.87786
1.7328 0.87752
1.7353 0.87719
1.7377 0.87685
1.7401 0.87651
1.7425 0.87617
1.7449 0.87583
1.7473 0.87549
1.7497 0.87515
1.7522 0.87481
1.7546 0.87447
1.7570 0.87413
1.7594 0.87379
1.7618 0.87345
1.7643 0.87311
1.7667 0.87277
1.7691 0.87243
1.7715 0.87209
1.7740 0.87175
1.7764 0.87141
1.7788 0.87106
1.7812 0.87072
1.7837 0.87038
1.7861 0.87004
1.7885 0.86970
1.7910 0.86936
1.7934 0.86902
1.7958 0.86867
1.7983 0.86833
1.8007 0.86799
1.8032 0.86765
1.8056 0.86731
1.8080 0.86696
1.8105 0.86662
1.8129 0.86628
1.8154 0.86594
1.8178 0.86559
1.8203 0.86525
1.8227 0.86491
1.8252 0.86457
1.8276 0.86422
1.8301 0.86388
1.8325 0.86354
1.8350 0.86319
1.8374 0.86285
1.8399 0.86251
1.8423 0.86216
1.8448 0.86182
1.8472 0.86148
1.8497 0.86113
1.8522 0.86079
1.8546 0.86045
1.8571 0.86010
1.8596 0.85976
1.8620 0.85942
1.8645 0.85907
1.8670 0.85873
1.8694 0.85839
1.8719 0.85804
1.8744 0.85770
1.8769 0.85735
1.8793 0.85701
1.8818 0.85666
1.8843 0.85632
1.8868 0.85598
1.8892 0.85563
1.8917 0.85529
1.8942 0.85494
1.8967 0.85460
1.8992 0.85425
1.9017 0.85391
1.9041 0.85357
1.9066 0.85322
1.9091 0.85288
1.9116 0.85253
1.9141 0.85219
1.9166 0.85184
1.9191 0.85150
1.9216 0.85116
1.9241 0.85081
1.9266 0.85047
1.9291 0.85012
1.9316 0.84978
1.9341 0.84943
1.9366 0.84909
1.9391 0.84875
1.9416 0.84840
1.9441 0.84806
1.9466 0.84771
1.9492 0.84737
1.9517 0.84702
1.9542 0.84668
1.9567 0.84634
1.9592 0.84599
1.9617 0.84565
1.9643 0.84530
1.9668 0.84496
1.9693 0.84461
1.9718 0.84427
1.9744 0.84393
1.9769 0.84358
1.9794 0.84324
1.9819 0.84289
1.9845 0.84255
1.9870 0.84221
1.9895 0.84186
1.9921 0.84152
1.9946 0.84117
1.9972 0.84083
1.9997 0.84048
2.0022 0.84014
2.0048 0.83980
2.0073 0.83945
2.0099 0.83911
2.0124 0.83876
2.0150 0.83842
2.0175 0.83808
2.0201 0.83773
2.0226 0.83739
2.0252 0.83705
2.0278 0.83670
2.0303 0.83636
2.0329 0.83602
2.0354 0.83567
2.0380 0.83533
2.0406 0.83499
2.0431 0.83465
2.0457 0.83430
2.0483 0.83396
2.0509 0.83362
2.0534 0.83328
2.0560 0.83293
2.0586 0.83259
2.0612 0.83225
2.0637 0.83191
2.0663 0.83156
2.0689 0.83122
2.0715 0.83088
2.0741 0.83054
2.0767 0.83020
2.0793 0.82986
2.0819 0.82952
2.0845 0.82917
2.0871 0.82883
2.0897 0.82849
2.0923 0.82815
2.0949 0.82781
2.0975 0.82747
2.1001 0.82713
2.1027 0.82679
2.1053 0.82645
2.1079 0.82611
2.1105 0.82577
2.1131 0.82543
2.1157 0.82509
2.1184 0.82475
2.1210 0.82442
2.1236 0.82408
2.1262 0.82374
2.1288 0.82340
2.1315 0.82306
2.1341 0.82272
2.1367 0.82238
2.1394 0.82205
2.1420 0.82171
2.1446 0.82137
2.1473 0.82103
2.1499 0.82070
2.1526 0.82036
2.1552 0.82002
2.1578 0.81969
2.1605 0.81935
2.1631 0.81902
2.1658 0.81868
2.1685 0.81835
2.1711 0.81801
2.1738 0.81767
2.1764 0.81734
2.1791 0.81701
2.1818 0.81667
2.1844 0.81634
2.1871 0.81600
2.1898 0.81567
2.1924 0.81534
2.1951 0.81500
2.1978 0.81467
2.2005 0.81434
2.2031 0.81400
2.2058 0.81367
2.2085 0.81334
2.2112 0.81301
2.2139 0.81268
2.2166 0.81235
2.2192 0.81202
2.2219 0.81169
2.2246 0.81136
2.2273 0.81103
2.2300 0.81070
2.2327 0.81037
2.2354 0.81004
2.2381 0.80971
2.2408 0.80938
2.2436 0.80905
2.2463 0.80873
2.2490 0.80840
2.2517 0.80807
2.2544 0.80774
2.2571 0.80742
2.2599 0.80709
2.2626 0.80677
2.2653 0.80644
2.2680 0.80612
2.2708 0.80579
2.2735 0.80547
2.2762 0.80514
2.2790 0.80482
2.2817 0.80450
2.2844 0.80417
2.2872 0.80385
2.2899 0.80353
2.2927 0.80321
2.2954 0.80289
2.2982 0.80257
2.3009 0.80225
2.3037 0.80193
2.3065 0.80161
2.3092 0.80129
2.3120 0.80097
2.3147 0.80065
2.3175 0.80033
2.3203 0.80001
2.3231 0.79970
2.3258 0.79938
2.3286 0.79906
2.3314 0.79875
2.3342 0.79843
2.3370 0.79812
2.3397 0.79780
2.3425 0.79749
2.3453 0.79718
2.3481 0.79686
2.3509 0.79655
2.3537 0.79624
2.3565 0.79593
2.3593 0.79562
2.3621 0.79531
2.3649 0.79500
2.3677 0.79469
2.3705 0.79438
2.3733 0.79407
2.3762 0.79376
2.3790 0.79345
2.3818 0.79315
2.3846 0.79284
2.3875 0.79253
2.3903 0.79223
2.3931 0.79192
2.3959 0.79162
2.3988 0.79132
2.4016 0.79101
2.4044 0.79071
2.4073 0.79041
2.4101 0.79011
2.4130 0.78981
2.4158 0.78951
2.4187 0.78921
2.4215 0.78891
2.4244 0.78861
2.4272 0.78831
2.4301 0.78801
2.4330 0.78772
2.4358 0.78742
2.4387 0.78712
2.4416 0.78683
2.4445 0.78654
2.4473 0.78624
2.4502 0.78595
2.4531 0.78566
2.4560 0.78537
2.4589 0.78508
2.4617 0.78479
2.4646 0.78450
2.4675 0.78421
2.4704 0.78392
2.4733 0.78363
2.4762 0.78335
2.4791 0.78306
2.4820 0.78277
2.4849 0.78249
2.4878 0.78221
2.4908 0.78192
2.4937 0.78164
2.4966 0.78136
2.4995 0.78108
2.5024 0.78080
2.5054 0.78052
2.5083 0.78024
2.5112 0.77996
2.5141 0.77969
2.5171 0.77941
2.5200 0.77913
2.5230 0.77886
2.5259 0.77859
2.5288 0.77831
2.5318 0.77804
2.5347 0.77777
2.5377 0.77750
2.5406 0.77723
2.5436 0.77696
2.5466 0.77669
2.5495 0.77642
2.5525 0.77616
2.5554 0.77589
2.5584 0.77563
2.5614 0.77536
2.5644 0.77510
2.5673 0.77484
2.5703 0.77458
2.5733 0.77432
2.5763 0.77406
2.5793 0.77380
2.5823 0.77354
2.5853 0.77329
2.5882 0.77303
2.5912 0.77278
2.5942 0.77252
2.5972 0.77227
2.6002 0.77202
2.6032 0.77177
2.6063 0.77152
2.6093 0.77127
2.6123 0.77102
2.6153 0.77077
2.6183 0.77053
2.6213 0.77028
2.6244 0.77004
2.6274 0.76979
2.6304 0.76955
2.6334 0.76931
2.6365 0.76907
2.6395 0.76883
2.6426 0.76860
2.6456 0.76836
2.6486 0.76812
2.6517 0.76789
2.6547 0.76766
2.6578 0.76742
2.6608 0.76719
2.6639 0.76696
2.6669 0.76673
2.6700 0.76651
2.6731 0.76628
2.6761 0.76605
2.6792 0.76583
2.6823 0.76560
2.6853 0.76538
2.6884 0.76516
2.6915 0.76494
2.6946 0.76472
2.6976 0.76450
2.7007 0.76429
2.7038 0.76407
2.7069 0.76386
2.7100 0.76365
2.7131 0.76343
2.7162 0.76322
2.7193 0.76301
2.7224 0.76281
2.7255 0.76260
2.7286 0.76239
2.7317 0.76219
2.7348 0.76199
2.7379 0.76178
2.7410 0.76158
2.7441 0.76138
2.7472 0.76119
2.7504 0.76099
2.7535 0.76079
2.7566 0.76060
2.7597 0.76041
2.7629 0.76021
2.7660 0.76002
2.7691 0.75984
2.7723 0.75965
2.7754 0.75946
2.7785 0.75928
2.7817 0.75909
2.7848 0.75891
2.7880 0.75873
2.7911 0.75855
2.7943 0.75837
2.7974 0.75819
2.8006 0.75802
2.8037 0.75785
2.8069 0.75767
2.8100 0.75750
2.8132 0.75733
2.8164 0.75716
2.8195 0.75700
2.8227 0.75683
2.8259 0.75667
2.8290 0.75650
2.8322 0.75634
2.8354 0.75618
2.8386 0.75602
2.8417 0.75587
2.8449 0.75571
2.8481 0.75556
2.8513 0.75541
2.8545 0.75525
2.8577 0.75511
2.8609 0.75496
2.8640 0.75481
2.8672 0.75467
2.8704 0.75452
2.8736 0.75438
2.8768 0.75424
2.8800 0.75410
2.8832 0.75396
2.8864 0.75383
2.8896 0.75369
2.8928 0.75356
2.8961 0.75343
2.8993 0.75330
2.9025 0.75317
2.9057 0.75305
2.9089 0.75292
2.9121 0.75280
2.9153 0.75268
2.9186 0.75256
2.9218 0.75244
2.9250 0.75232
2.9282 0.75221
2.9314 0.75209
2.9347 0.75198
2.9379 0.75187
2.9411 0.75176
2.9444 0.75166
2.9476 0.75155
2.9508 0.75145
2.9541 0.75135
2.9573 0.75125
2.9605 0.75115
2.9638 0.75105
2.9670 0.75095
2.9703 0.75086
2.9735 0.75077
2.9767 0.75068
2.9800 0.75059
2.9832 0.75050
2.9865 0.75042
2.9897 0.75033
2.9930 0.75025
2.9962 0.75017
2.9995 0.75009
3.0027 0.75002
3.0060 0.74994
3.0092 0.74987
3.0125 0.74980
3.0157 0.74973
3.0190 0.74966
3.0223 0.74959
3.0255 0.74953
3.0288 0.74947
3.0320 0.74940
3.0353 0.74935
3.0386 0.74929
3.0418 0.74923
3.0451 0.74918
3.0483 0.74912
3.0516 0.74907
3.0549 0.74903
3.0581 0.74898
3.0614 0.74893
3.0647 0.74889
3.0679 0.74885
3.0712 0.74881
3.0745 0.74877
3.0777 0.74873
3.0810 0.74870
3.0843 0.74866
3.0876 0.74863
3.0908 0.74860
3.0941 0.74858
3.0974 0.74855
3.1006 0.74853
3.1039 0.74850
3.1072 0.74848
3.1105 0.74846
3.1137 0.74845
3.1170 0.74843
3.1203 0.74842
3.1236 0.74841
3.1268 0.74840
3.1301 0.74839
3.1334 0.74838
3.1366 0.74838
3.1399 0.74837
3.1432 0.74837
3.1465 0.74837
3.1497 0.74838
3.1530 0.74838
3.1563 0.74839
3.1596 0.74840
3.1628 0.74841
3.1661 0.74842
3.1694 0.74843
3.1726 0.74845
3.1759 0.74846
3.1792 0.74848
3.1825 0.74850
3.1857 0.74853
3.1890 0.74855
3.1923 0.74858
3.1956 0.74860
3.1988 0.74863
3.2021 0.74866
3.2054 0.74870
3.2086 0.74873
3.2119 0.74877
3.2152 0.74881
3.2184 0.74885
3.2217 0.74889
3.2250 0.74893
3.2282 0.74898
3.2315 0.74902
3.2348 0.74907
3.2380 0.74912
3.2413 0.74918
3.2446 0.74923
3.2478 0.74929
3.2511 0.74934
3.2543 0.74940
3.2576 0.74946
3.2609 0.74953
3.2641 0.74959
3.2674 0.74966
3.2706 0.74973
3.2739 0.74980
3.2771 0.74987
3.2804 0.74994
3.2837 0.75002
3.2869 0.75009
3.2902 0.75017
3.2934 0.75025
3.2967 0.75033
3.2999 0.75042
3.3032 0.75050
3.3064 0.75059
3.3096 0.75068
3.3129 0.75077
3.3161 0.75086
3.3194 0.75095
3.3226 0.75105
3.3259 0.75115
3.3291 0.75124
3.3323 0.75134
3.3356 0.75145
3.3388 0.75155
3.3420 0.75166
3.3453 0.75176
3.3485 0.75187
3.3517 0.75198
3.3549 0.75209
3.3582 0.75221
3.3614 0.75232
3.3646 0.75244
3.3678 0.75256
3.3711 0.75268
3.3743 0.75280
3.3775 0.75292
3.3807 0.75305
3.3839 0.75317
3.3871 0.75330
3.3903 0.75343
3.3936 0.75356
3.3968 0.75369
3.4000 0.75383
3.4032 0.75396
3.4064 0.75410
3.4096 0.75424
3.4128 0.75438
3.4160 0.75452
3.4192 0.75466
3.4224 0.75481
3.4255 0.75496
3.4287 0.75510
3.4319 0.75525
3.4351 0.75540
3.4383 0.75556
3.4415 0.75571
3.4447 0.75587
3.4478 0.75602
3.4510 0.75618
3.4542 0.75634
3.4574 0.75650
3.4605 0.75667
3.4637 0.75683
3.4669 0.75700
3.4700 0.75716
3.4732 0.75733
3.4764 0.75750
3.4795 0.75767
3.4827 0.75785
3.4858 0.75802
3.4890 0.75820
3.4921 0.75837
3.4953 0.75855
3.4984 0.75873
3.5016 0.75891
3.5047 0.75909
3.5079 0.75928
3.5110 0.75946
3.5141 0.75965
3.5173 0.75984
3.5204 0.76003
3.5235 0.76022
3.5267 0.76041
3.5298 0.76060
3.5329 0.76080
3.5360 0.76099
3.5392 0.76119
3.5423 0.76139
3.5454 0.76159
3.5485 0.76179
3.5516 0.76199
3.5547 0.76219
3.5578 0.76240
3.5609 0.76260
3.5640 0.76281
3.5671 0.76302
3.5702 0.76323
3.5733 0.76344
3.5764 0.76365
3.5795 0.76386
3.5826 0.76408
3.5857 0.76429
3.5888 0.76451
3.5919 0.76473
3.5949 0.76495
3.5980 0.76517
3.6011 0.76539
3.6042 0.76561
3.6072 0.76583
3.6103 0.76606
3.6134 0.76629
3.6164 0.76651
3.6195 0.76674
3.6225 0.76697
3.6256 0.76720
3.6287 0.76743
3.6317 0.76766
3.6348 0.76790
3.6378 0.76813
3.6408 0.76837
3.6439 0.76861
3.6469 0.76884
3.6500 0.76908
3.6530 0.76932
3.6560 0.76956
3.6591 0.76981
3.6621 0.77005
3.6651 0.77029
3.6681 0.77054
3.6711 0.77078
3.6742 0.77103
3.6772 0.77128
3.6802 0.77153
3.6832 0.77178
3.6862 0.77203
3.6892 0.77228
3.6922 0.77253
3.6952 0.77279
3.6982 0.77304
3.7012 0.77330
3.7042 0.77355
3.7072 0.77381
3.7102 0.77407
3.7132 0.77433
3.7161 0.77459
3.7191 0.77485
3.7221 0.77511
3.7251 0.77538
3.7280 0.77564
3.7310 0.77591
3.7340 0.77617
3.7369 0.77644
3.7399 0.77671
3.7429 0.77697
3.7458 0.77724
3.7488 0.77751
3.7517 0.77778
3.7547 0.77806
3.7576 0.77833
3.7606 0.77860
3.7635 0.77888
3.7665 0.77915
3.7694 0.77943
3.7723 0.77970
3.7753 0.77998
3.7782 0.78026
3.7811 0.78054
3.7840 0.78082
3.7870 0.78110
3.7899 0.78138
3.7928 0.78166
3.7957 0.78194
3.7986 0.78223
3.8015 0.78251
3.8044 0.78279
3.8074 0.78308
3.8103 0.78337
3.8132 0.78365
3.8161 0.78394
3.8190 0.78423
3.8218 0.78452
3.8247 0.78481
3.8276 0.78510
3.8305 0.78539
3.8334 0.78568
3.8363 0.78597
3.8391 0.78627
3.8420 0.78656
3.8449 0.78685
3.8478 0.78715
3.8506 0.78745
3.8535 0.78774
3.8564 0.78804
3.8592 0.78834
3.8621 0.78863
3.8649 0.78893
3.8678 0.78923
3.8707 0.78953
3.8735 0.78983
3.8764 0.79013
3.8792 0.79044
3.8820 0.79074
3.8849 0.79104
3.8877 0.79134
3.8905 0.79165
3.8934 0.79195
3.8962 0.79226
3.8990 0.79256
3.9019 0.79287
3.9047 0.79318
3.9075 0.79348
3.9103 0.79379
3.9131 0.79410
3.9160 0.79441
3.9188 0.79472
3.9216 0.79503
3.9244 0.79534
3.9272 0.79565
3.9300 0.79596
3.9328 0.79627
3.9356 0.79659
3.9384 0.79690
3.9412 0.79721
3.9440 0.79753
3.9468 0.79784
3.9495 0.79816
3.9523 0.79847
3.9551 0.79879
3.9579 0.79910
3.9607 0.79942
3.9634 0.79974
3.9662 0.80005
3.9690 0.80037
3.9718 0.80069
3.9745 0.80101
3.9773 0.80133
3.9800 0.80165
3.9828 0.80197
3.9856 0.80229
3.9883 0.80261
3.9911 0.80293
3.9938 0.80325
3.9966 0.80357
3.9993 0.80389
4.0021 0.80422
4.0048 0.80454
4.0075 0.80486
4.0103 0.80519
4.0130 0.80551
4.0157 0.80584
4.0185 0.80616
4.0212 0.80649
4.0239 0.80681
4.0267 0.80714
4.0294 0.80746
4.0321 0.80779
4.0348 0.80812
4.0375 0.80845
4.0403 0.80877
4.0430 0.80910
4.0457 0.80943
4.0484 0.80976
4.0511 0.81009
4.0538 0.81042
4.0565 0.81075
4.0592 0.81108
4.0619 0.81141
4.0646 0.81174
4.0673 0.81207
4.0700 0.81240
4.0727 0.81273
4.0753 0.81306
4.0780 0.81339
4.0807 0.81373
4.0834 0.81406
4.0861 0.81439
4.0887 0.81472
4.0914 0.81506
4.0941 0.81539
4.0968 0.81572
4.0994 0.81606
4.1021 0.81639
4.1048 0.81673
4.1074 0.81706
4.1101 0.81740
4.1128 0.81773
4.1154 0.81807
4.1181 0.81840
4.1207 0.81874
4.1234 0.81907
4.1260 0.81941
4.1287 0.81975
4.1313 0.82008
4.1340 0.82042
4.1366 0.82076
4.1392 0.82109
4.1419 0.82143
4.1445 0.82177
4.1472 0.82211
4.1498 0.82244
4.1524 0.82278
4.1551 0.82312
4.1577 0.82346
4.1603 0.82380
4.1629 0.82414
4.1656 0.82448
4.1682 0.82482
4.1708 0.82516
4.1734 0.82550
4.1760 0.82584
4.1786 0.82617
4.1812 0.82652
4.1838 0.82686
4.1865 0.82720
4.1891 0.82754
4.1917 0.82788
4.1943 0.82822
4.1969 0.82856
4.1995 0.82890
4.2021 0.82924
4.2047 0.82958
4.2073 0.82992
4.2098 0.83027
4.2124 0.83061
4.2150 0.83095
4.2176 0.83129
4.2202 0.83163
4.2228 0.83198
4.2254 0.83232
4.2279 0.83266
4.2305 0.83300
4.2331 0.83335
4.2357 0.83369
4.2382 0.83403
4.2408 0.83437
4.2434 0.83472
4.2460 0.83506
4.2485 0.83540
4.2511 0.83575
4.2536 0.83609
4.2562 0.83643
4.2588 0.83678
4.2613 0.83712
4.2639 0.83746
4.2664 0.83781
4.2690 0.83815
4.2716 0.83849
4.2741 0.83884
4.2766 0.83918
4.2792 0.83953
4.2817 0.83987
4.2843 0.84022
4.2868 0.84056
4.2894 0.84090
4.2919 0.84125
4.2945 0.84159
4.2970 0.84194
4.2995 0.84228
4.3021 0.84263
4.3046 0.84297
4.3071 0.84331
4.3097 0.84366
4.3122 0.84400
4.3147 0.84435
4.3172 0.84469
4.3198 0.84504
4.3223 0.84538
4.3248 0.84572
4.3273 0.84607
4.3298 0.84641
4.3324 0.84676
4.3349 0.84711
4.3374 0.84745
4.3399 0.84780
4.3424 0.84814
4.3449 0.84849
4.3474 0.84883
4.3499 0.84918
4.3524 0.84952
4.3549 0.84987
4.3574 0.85021
4.3599 0.85056
4.3624 0.85090
4.3649 0.85125
4.3674 0.85159
4.3699 0.85194
4.3724 0.85228
4.3749 0.85263
4.3774 0.85297
4.3799 0.85332
4.3824 0.85366
4.3849 0.85400
4.3874 0.85435
4.3899 0.85469
4.3923 0.85504
4.3948 0.85538
4.3973 0.85573
4.3998 0.85607
4.4023 0.85641
4.4047 0.85676
4.4072 0.85710
4.4097 0.85745
4.4122 0.85779
4.4146 0.85814
4.4171 0.85848
4.4196 0.85882
4.4221 0.85917
4.4245 0.85951
4.4270 0.85986
4.4294 0.86020
4.4319 0.86055
4.4344 0.86089
4.4368 0.86123
4.4393 0.86158
4.4418 0.86192
4.4442 0.86226
4.4467 0.86261
4.4491 0.86295
4.4516 0.86329
4.4540 0.86364
4.4565 0.86398
4.4589 0.86432
4.4614 0.86467
4.4638 0.86501
4.4663 0.86535
4.4687 0.86570
4.4712 0.86604
4.4736 0.86638
4.4761 0.86672
4.4785 0.86707
4.4809 0.86741
4.4834 0.86775
4.4858 0.86809
4.4883 0.86843
4.4907 0.86878
4.4931 0.86912
4.4956 0.86946
4.4980 0.86980
4.5004 0.87014
4.5029 0.87049
4.5053 0.87083
4.5077 0.87117
4.5102 0.87151
4.5126 0.87185
4.5150 0.87219
4.5174 0.87253
4.5199 0.87287
4.5223 0.87321
4.5247 0.87355
4.5271 0.87389
4.5296 0.87424
4.5320 0.87458
4.5344 0.87492
4.5368 0.87526
4.5392 0.87560
4.5416 0.87593
4.5441 0.87627
4.5465 0.87661
4.5489 0.87695
4.5513 0.87729
4.5537 0.87763
4.5561 0.87797
4.5585 0.87831
4.5609 0.87865
4.5634 0.87899
4.5658 0.87932
4.5682 0.87966
4.5706 0.88000
4.5730 0.88034
4.5754 0.88068
4.5778 0.88101
4.5802 0.88135
4.5826 0.88169
4.5850 0.88203
4.5874 0.88237
4.5898 0.88270
4.5922 0.88304
4.5946 0.88338
4.5970 0.88371
4.5993 0.88405
4.6017 0.88439
4.6041 0.88472
4.6065 0.88506
4.6089 0.88539
4.6113 0.88573
4.6137 0.88606
4.6161 0.88640
4.6185 0.88673
4.6209 0.88707
4.6232 0.88740
4.6256 0.88774
4.6280 0.88807
4.6304 0.88841
4.6328 0.88874
4.6352 0.88908
4.6375 0.88941
4.6399 0.88974
4.6423 0.89008
4.6447 0.89041
4.6471 0.89074
4.6494 0.89108
4.6518 0.89141
4.6542 0.89174
4.6566 0.89207
4.6589 0.89241
4.6613 0.89274
4.6637 0.89307
4.6661 0.89340
4.6684 0.89373
4.6708 0.89406
4.6732 0.89439
4.6756 0.89473
4.6779 0.89506
4.6803 0.89539
4.6826 0.89572
4.6850 0.89605
4.6874 0.89638
4.6897 0.89671
4.6921 0.89704
4.6945 0.89737
4.6968 0.89770
4.6992 0.89802
4.7016 0.89835
4.7039 0.89868
4.7063 0.89901
4.7086 0.89934
4.7110 0.89967
4.7134 0.89999
4.7157 0.90032
4.7181 0.90065
4.7204 0.90098
4.7228 0.90130
4.7252 0.90163
4.7275 0.90196
4.7299 0.90228
4.7322 0.90261
4.7346 0.90294
4.7369 0.90326
4.7393 0.90359
4.7416 0.90391
4.7440 0.90424
4.7463 0.90456
4.7487 0.90489
4.7510 0.90521
4.7534 0.90553
4.7557 0.90586
4.7581 0.90618
4.7604 0.90650
4.7628 0.90683
4.7651 0.90715
4.7675 0.90747
4.7698 0.90780
4.7721 0.90812
4.7745 0.90844
4.7768 0.90876
4.7792 0.90908
4.7815 0.90940
4.7839 0.90973
4.7862 0.91005
4.7885 0.91037
4.7909 0.91069
4.7932 0.91101
4.7956 0.91133
4.7979 0.91165
4.8002 0.91197
4.8026 0.91229
4.8049 0.91260
4.8072 0.91292
4.8096 0.91324
4.8119 0.91356
4.8142 0.91388
4.8166 0.91420
4.8189 0.91451
4.8213 0.91483
4.8236 0.91515
4.8259 0.91546
4.8283 0.91578
4.8306 0.91610
4.8329 0.91641
4.8353 0.91673
4.8376 0.91704
4.8399 0.91736
4.8422 0.91767
4.8446 0.91799
4.8469 0.91830
4.8492 0.91862
4.8516 0.91893
4.8539 0.91924
4.8562 0.91956
4.8585 0.91987
4.8609 0.92018
4.8632 0.92050
4.8655 0.92081
4.8678 0.92112
4.8702 0.92143
4.8725 0.92174
4.8748 0.92206
4.8772 0.92237
4.8795 0.92268
4.8818 0.92299
4.8841 0.92330
4.8865 0.92361
4.8888 0.92392
4.8911 0.92423
4.8934 0.92453
4.8957 0.92484
4.8980 0.92515
4.9004 0.92546
4.9027 0.92577
4.9050 0.92608
4.9073 0.92638
4.9096 0.92669
4.9120 0.92700
4.9143 0.92730
4.9166 0.92761
4.9189 0.92792
4.9212 0.92822
4.9236 0.92853
4.9259 0.92883
4.9282 0.92914
4.9305 0.92944
4.9328 0.92974
4.9352 0.93005
4.9375 0.93035
4.9398 0.93066
4.9421 0.93096
4.9444 0.93126
4.9467 0.93156
4.9490 0.93187
4.9514 0.93217
4.9537 0.93247
4.9560 0.93277
4.9583 0.93307
4.9606 0.93337
4.9629 0.93367
4.9652 0.93397
4.9675 0.93427
4.9698 0.93457
4.9722 0.93487
4.9745 0.93517
4.9768 0.93547
4.9791 0.93577
4.9814 0.93606
4.9837 0.93636
4.9860 0.93666
4.9883 0.93695
4.9907 0.93725
4.9930 0.93755
4.9953 0.93784
4.9976 0.93814
4.9999 0.93843
5.0022 0.93873
5.0045 0.93902
5.0068 0.93932
5.0091 0.93961
5.0115 0.93991
5.0138 0.94020
5.0161 0.94049
5.0184 0.94079
5.0207 0.94108
5.0230 0.94137
5.0253 0.94166
5.0276 0.94195
5.0299 0.94224
5.0322 0.94254
5.0345 0.94283
5.0368 0.94312
5.0391 0.94341
5.0414 0.94370
5.0437 0.94398
5.0460 0.94427
5.0483 0.94456
5.0507 0.94485
5.0530 0.94514
5.0553 0.94542
5.0576 0.94571
5.0599 0.94600
5.0622 0.94628
5.0645 0.94657
5.0668 0.94686
5.0691 0.94714
5.0714 0.94743
5.0737 0.94771
5.0760 0.94800
5.0783 0.94828
5.0806 0.94856
5.0829 0.94885
5.0852 0.94913
5.0875 0.94941
5.0898 0.94969
5.0921 0.94998
5.0944 0.95026
5.0967 0.95054
5.0990 0.95082
5.1013 0.95110
5.1036 0.95138
5.1059 0.95166
5.1083 0.95194
5.1106 0.95222
5.1129 0.95250
5.1152 0.95278
5.1175 0.95305
5.1198 0.95333
5.1221 0.95361
5.1244 0.95389
5.1267 0.95416
5.1290 0.95444
5.1313 0.95471
5.1336 0.95499
5.1359 0.95526
5.1382 0.95554
5.1405 0.95581
5.1428 0.95609
5.1451 0.95636
5.1474 0.95663
5.1497 0.95691
5.1520 0.95718
5.1543 0.95745
5.1566 0.95772
5.1589 0.95799
5.1612 0.95827
5.1636 0.95854
5.1659 0.95881
5.1682 0.95908
5.1705 0.95935
5.1728 0.95961
5.1751 0.95988
5.1774 0.96015
5.1797 0.96042
5.1820 0.96069
5.1843 0.96095
5.1866 0.96122
5.1889 0.96149
5.1912 0.96175
5.1935 0.96202
5.1958 0.96228
5.1981 0.96255
5.2004 0.96281
5.2027 0.96308
5.2050 0.96334
5.2073 0.96360
5.2096 0.96387
5.2119 0.96413
5.2142 0.96439
5.2165 0.96465
5.2188 0.96491
5.2212 0.96518
5.2235 0.96544
5.2258 0.96570
5.2281 0.96596
5.2304 0.96622
5.2327 0.96647
5.2350 0.96673
5.2373 0.96699
5.2396 0.96725
5.2419 0.96751
5.2442 0.96776
5.2465 0.96802
5.2488 0.96827
5.2511 0.96853
5.2534 0.96879
5.2557 0.96904
5.2580 0.96929
5.2603 0.96955
5.2626 0.96980
5.2649 0.97005
5.2672 0.97031
5.2695 0.97056
5.2718 0.97081
5.2741 0.97106
5.2765 0.97131
5.2788 0.97157
5.2811 0.97182
5.2834 0.97206
5.2857 0.97231
5.2880 0.97256
5.2903 0.97281
5.2926 0.97306
5.2949 0.97331
5.2972 0.97355
5.2995 0.97380
5.3018 0.97405
5.3041 0.97429
5.3064 0.97454
5.3087 0.97478
5.3110 0.97503
5.3133 0.97527
5.3156 0.97552
5.3179 0.97576
5.3202 0.97600
5.3225 0.97625
5.3248 0.97649
5.3271 0.97673
5.3294 0.97697
5.3317 0.97721
5.3341 0.97745
5.3364 0.97769
5.3387 0.97793
5.3410 0.97817
5.3433 0.97841
5.3456 0.97865
5.3479 0.97888
5.3502 0.97912
5.3525 0.97936
5.3548 0.97959
5.3571 0.97983
5.3594 0.98007
5.3617 0.98030
5.3641 0.98053
5.3664 0.98077
5.3687 0.98100
5.3710 0.98123
5.3733 0.98147
5.3756 0.98170
5.3779 0.98193
5.3802 0.98216
5.3825 0.98239
5.3849 0.98262
5.3872 0.98285
5.3895 0.98308
5.3918 0.98331
5.3941 0.98354
5.3964 0.98377
5.3987 0.98400
5.4010 0.98422
5.4034 0.98445
5.4057 0.98468
5.4080 0.98490
5.4103 0.98513
5.4126 0.98535
5.4149 0.98558
5.4172 0.98580
5.4195 0.98602
5.4218 0.98625
5.4242 0.98647
5.4265 0.98669
5.4288 0.98691
5.4311 0.98713
5.4334 0.98736
5.4357 0.98758
5.4380 0.98779
5.4403 0.98801
5.4426 0.98823
5.4450 0.98845
5.4473 0.98867
5.4496 0.98889
5.4519 0.98910
5.4542 0.98932
5.4565 0.98953
5.4588 0.98975
5.4612 0.98996
5.4635 0.99018
5.4658 0.99039
5.4681 0.99061
5.4704 0.99082
5.4728 0.99103
5.4751 0.99124
5.4774 0.99146
5.4797 0.99167
5.4820 0.99188
5.4844 0.99209
5.4867 0.99230
5.4890 0.99250
5.4913 0.99271
5.4936 0.99292
5.4960 0.99313
5.4983 0.99333
5.5006 0.99354
5.5029 0.99375
5.5052 0.99395
5.5076 0.99416
5.5099 0.99436
5.5122 0.99456
5.5145 0.99477
5.5168 0.99497
5.5191 0.99517
5.5215 0.99537
5.5238 0.99558
5.5261 0.99578
5.5284 0.99598
5.5307 0.99618
5.5331 0.99638
5.5354 0.99657
5.5377 0.99677
5.5400 0.99697
5.5424 0.99717
5.5447 0.99736
5.5470 0.99756
5.5493 0.99776
5.5517 0.99795
5.5540 0.99815
5.5563 0.99834
5.5587 0.99853
5.5610 0.99872
5.5633 0.99892
5.5656 0.99911
5.5680 0.99930
5.5703 0.99949
5.5726 0.99968
5.5749 0.99987
5.5773 1.0001
5.5796 1.0002
5.5819 1.0004
5.5843 1.0006
5.5866 1.0008
5.5889 1.0010
5.5912 1.0012
5.5936 1.0014
5.5959 1.0016
5.5982 1.0017
5.6005 1.0019
5.6029 1.0021
5.6052 1.0023
5.6075 1.0025
5.6098 1.0027
5.6122 1.0028
5.6145 1.0030
5.6169 1.0032
5.6192 1.0034
5.6215 1.0036
5.6239 1.0037
5.6262 1.0039
5.6285 1.0041
5.6309 1.0043
5.6332 1.0044
5.6355 1.0046
5.6379 1.0048
5.6402 1.0050
5.6425 1.0051
5.6449 1.0053
5.6472 1.0055
5.6495 1.0057
5.6519 1.0058
5.6542 1.0060
5.6565 1.0062
5.6589 1.0063
5.6612 1.0065
5.6635 1.0067
5.6659 1.0069
5.6682 1.0070
5.6705 1.0072
5.6729 1.0074
5.6752 1.0075
5.6776 1.0077
5.6799 1.0079
5.6822 1.0080
5.6846 1.0082
5.6869 1.0083
5.6892 1.0085
5.6916 1.0087
5.6939 1.0088
5.6963 1.0090
5.6986 1.0092
5.7010 1.0093
5.7033 1.0095
5.7056 1.0096
5.7080 1.0098
5.7103 1.0099
5.7127 1.0101
5.7150 1.0103
5.7174 1.0104
5.7197 1.0106
5.7220 1.0107
5.7244 1.0109
5.7267 1.0110
5.7291 1.0112
5.7314 1.0113
5.7337 1.0115
5.7361 1.0116
5.7384 1.0118
5.7408 1.0119
5.7431 1.0121
5.7455 1.0122
5.7478 1.0124
5.7501 1.0125
5.7525 1.0127
5.7548 1.0128
5.7572 1.0130
5.7595 1.0131
5.7619 1.0133
5.7642 1.0134
5.7666 1.0136
5.7689 1.0137
5.7713 1.0138
5.7736 1.0140
5.7760 1.0141
5.7783 1.0143
5.7807 1.0144
5.7830 1.0145
5.7854 1.0147
5.7877 1.0148
5.7901 1.0150
5.7924 1.0151
5.7948 1.0152
5.7971 1.0154
5.7995 1.0155
5.8018 1.0156
5.8042 1.0158
5.8065 1.0159
5.8089 1.0160
5.8112 1.0162
5.8136 1.0163
5.8159 1.0164
5.8183 1.0166
5.8206 1.0167
5.8230 1.0168
5.8253 1.0170
5.8277 1.0171
5.8300 1.0172
5.8324 1.0173
5.8348 1.0175
5.8371 1.0176
5.8395 1.0177
5.8418 1.0178
5.8442 1.0180
5.8465 1.0181
5.8489 1.0182
5.8513 1.0183
5.8536 1.0184
5.8560 1.0186
5.8583 1.0187
5.8607 1.0188
5.8630 1.0189
5.8654 1.0190
5.8678 1.0192
5.8701 1.0193
5.8725 1.0194
5.8748 1.0195
5.8772 1.0196
5.8795 1.0197
5.8819 1.0198
5.8843 1.0200
5.8866 1.0201
5.8890 1.0202
5.8913 1.0203
5.8937 1.0204
5.8960 1.0205
5.8984 1.0206
5.9008 1.0207
5.9031 1.0208
5.9055 1.0210
5.9078 1.0211
5.9102 1.0212
5.9126 1.0213
5.9149 1.0214
5.9173 1.0215
5.9197 1.0216
5.9220 1.0217
5.9244 1.0218
5.9268 1.0219
5.9291 1.0220
5.9315 1.0221
5.9339 1.0222
5.9362 1.0223
5.9386 1.0224
5.9409 1.0225
5.9433 1.0226
5.9457 1.0227
5.9480 1.0228
5.9504 1.0229
5.9528 1.0230
5.9551 1.0231
5.9575 1.0232
5.9599 1.0232
5.9622 1.0233
5.9646 1.0234
5.9670 1.0235
5.9693 1.0236
5.9717 1.0237
5.9741 1.0238
5.9764 1.0239
5.9788 1.0240
5.9812 1.0240
5.9835 1.0241
5.9859 1.0242
5.9883 1.0243
5.9906 1.0244
5.9930 1.0245
5.9953 1.0246
5.9977 1.0246
6.0001 1.0247
6.0024 1.0248
6.0048 1.0249
6.0072 1.0250
6.0096 1.0250
6.0119 1.0251
6.0143 1.0252
6.0167 1.0253
6.0191 1.0253
6.0214 1.0254
6.0238 1.0255
6.0262 1.0256
6.0285 1.0256
6.0309 1.0257
6.0333 1.0258
6.0357 1.0259
6.0380 1.0259
6.0404 1.0260
6.0428 1.0261
6.0452 1.0261
6.0475 1.0262
6.0499 1.0263
6.0523 1.0263
6.0546 1.0264
6.0570 1.0265
6.0594 1.0265
6.0618 1.0266
6.0641 1.0267
6.0665 1.0267
6.0689 1.0268
6.0713 1.0268
6.0736 1.0269
6.0760 1.0270
6.0784 1.0270
6.0807 1.0271
6.0831 1.0271
6.0855 1.0272
6.0879 1.0273
6.0902 1.0273
6.0926 1.0274
6.0950 1.0274
6.0974 1.0275
6.0997 1.0275
6.1021 1.0276
6.1045 1.0276
6.1068 1.0277
6.1092 1.0277
6.1116 1.0278
6.1140 1.0278
6.1163 1.0279
6.1187 1.0279
6.1211 1.0280
6.1235 1.0280
6.1258 1.0281
6.1282 1.0281
6.1306 1.0282
6.1329 1.0282
6.1353 1.0283
6.1377 1.0283
6.1401 1.0283
6.1425 1.0284
6.1448 1.0284
6.1472 1.0285
6.1496 1.0285
6.1520 1.0285
6.1544 1.0286
6.1567 1.0286
6.1591 1.0287
6.1615 1.0287
6.1639 1.0287
6.1663 1.0288
6.1686 1.0288
6.1710 1.0288
6.1734 1.0289
6.1758 1.0289
6.1782 1.0289
6.1805 1.0289
6.1829 1.0290
6.1853 1.0290
6.1877 1.0290
6.1901 1.0291
6.1924 1.0291
6.1948 1.0291
6.1972 1.0291
6.1996 1.0292
6.2020 1.0292
6.2043 1.0292
6.2067 1.0292
6.2091 1.0293
6.2115 1.0293
6.2139 1.0293
6.2162 1.0293
6.2186 1.0293
6.2210 1.0294
6.2234 1.0294
6.2258 1.0294
6.2281 1.0294
6.2305 1.0294
6.2329 1.0294
6.2353 1.0295
6.2377 1.0295
6.2401 1.0295
6.2424 1.0295
6.2448 1.0295
6.2472 1.0295
6.2496 1.0295
6.2520 1.0295
6.2543 1.0295
6.2567 1.0296
6.2591 1.0296
6.2615 1.0296
6.2639 1.0296
6.2662 1.0296
6.2686 1.0296
6.2710 1.0296
6.2734 1.0296
6.2758 1.0296
6.2781 1.0296
6.2805 1.0296
6.2829 1.0296
6.2853 1.0296
6.2877 1.0296
6.2900 1.0296
6.2924 1.0296
6.2948 1.0296
6.2972 1.0296
6.2996 1.0296
6.3019 1.0296
6.3043 1.0296
6.3067 1.0296
6.3091 1.0296
6.3115 1.0296
6.3138 1.0295
6.3162 1.0295
6.3186 1.0295
6.3210 1.0295
6.3234 1.0295
6.3257 1.0295
6.3281 1.0295
6.3305 1.0295
6.3329 1.0295
6.3353 1.0294
6.3376 1.0294
6.3400 1.0294
6.3424 1.0294
6.3448 1.0294
6.3472 1.0294
6.3495 1.0293
6.3519 1.0293
6.3543 1.0293
6.3567 1.0293
6.3591 1.0293
6.3615 1.0292
6.3638 1.0292
6.3662 1.0292
6.3686 1.0292
6.3710 1.0291
6.3734 1.0291
6.3757 1.0291
6.3781 1.0291
6.3805 1.0290
6.3829 1.0290
6.3853 1.0290
6.3876 1.0290
6.3900 1.0289
6.3924 1.0289
6.3948 1.0289
6.3972 1.0288
6.3995 1.0288
6.4019 1.0288
6.4043 1.0287
6.4067 1.0287
6.4091 1.0287
6.4114 1.0286
6.4138 1.0286
6.4162 1.0285
6.4186 1.0285
6.4210 1.0285
6.4233 1.0284
6.4257 1.0284
6.4281 1.0283
6.4305 1.0283
6.4329 1.0283
6.4352 1.0282
6.4376 1.0282
6.4400 1.0281
6.4423 1.0281
6.4447 1.0280
6.4471 1.0280
6.4495 1.0279
6.4518 1.0279
6.4542 1.0279
6.4566 1.0278
6.4590 1.0278
6.4613 1.0277
6.4637 1.0277
6.4661 1.0276
6.4684 1.0275
6.4708 1.0275
6.4732 1.0274
6.4756 1.0274
6.4779 1.0273
6.4803 1.0273
6.4827 1.0272
6.4851 1.0272
6.4874 1.0271
6.4898 1.0270
6.4922 1.0270
6.4945 1.0269
6.4969 1.0269
6.4993 1.0268
6.5017 1.0267
6.5040 1.0267
6.5064 1.0266
6.5088 1.0266
6.5112 1.0265
6.5135 1.0264
6.5159 1.0264
6.5183 1.0263
6.5206 1.0262
6.5230 1.0262
6.5254 1.0261
6.5278 1.0260
6.5301 1.0259
6.5325 1.0259
6.5349 1.0258
6.5373 1.0257
6.5396 1.0257
6.5420 1.0256
6.5444 1.0255
6.5467 1.0254
6.5491 1.0254
6.5515 1.0253
6.5539 1.0252
6.5562 1.0251
6.5586 1.0251
6.5610 1.0250
6.5634 1.0249
6.5657 1.0248
6.5681 1.0247
6.5705 1.0247
6.5728 1.0246
6.5752 1.0245
6.5776 1.0244
6.5799 1.0243
6.5823 1.0242
6.5846 1.0242
6.5870 1.0241
6.5894 1.0240
6.5917 1.0239
6.5941 1.0238
6.5965 1.0237
6.5988 1.0236
6.6012 1.0235
6.6036 1.0234
6.6059 1.0234
6.6083 1.0233
6.6107 1.0232
6.6130 1.0231
6.6154 1.0230
6.6178 1.0229
6.6201 1.0228
6.6225 1.0227
6.6249 1.0226
6.6272 1.0225
6.6296 1.0224
6.6320 1.0223
6.6343 1.0222
6.6367 1.0221
6.6390 1.0220
6.6414 1.0219
6.6438 1.0218
6.6461 1.0217
6.6485 1.0216
6.6509 1.0215
6.6532 1.0214
6.6556 1.0213
6.6580 1.0212
6.6603 1.0211
6.6627 1.0210
6.6650 1.0209
6.6674 1.0208
6.6698 1.0207
6.6721 1.0206
6.6745 1.0204
6.6768 1.0203
6.6792 1.0202
6.6815 1.0201
6.6839 1.0200
6.6863 1.0199
6.6886 1.0198
6.6910 1.0197
6.6933 1.0195
6.6957 1.0194
6.6980 1.0193
6.7004 1.0192
6.7028 1.0191
6.7051 1.0190
6.7075 1.0188
6.7098 1.0187
6.7122 1.0186
6.7145 1.0185
6.7169 1.0184
6.7193 1.0182
6.7216 1.0181
6.7240 1.0180
6.7263 1.0179
6.7287 1.0178
6.7310 1.0176
6.7334 1.0175
6.7358 1.0174
6.7381 1.0173
6.7405 1.0171
6.7428 1.0170
6.7452 1.0169
6.7475 1.0167
6.7499 1.0166
6.7522 1.0165
6.7546 1.0163
6.7569 1.0162
6.7593 1.0161
6.7616 1.0160
6.7640 1.0158
6.7663 1.0157
6.7687 1.0156
6.7710 1.0154
6.7734 1.0153
6.7757 1.0151
6.7781 1.0150
6.7804 1.0149
6.7828 1.0147
6.7851 1.0146
6.7875 1.0145
6.7898 1.0143
6.7922 1.0142
6.7945 1.0140
6.7969 1.0139
6.7992 1.0137
6.8016 1.0136
6.8039 1.0135
6.8063 1.0133
6.8086 1.0132
6.8110 1.0130
6.8133 1.0129
6.8157 1.0127
6.8180 1.0126
6.8203 1.0124
6.8227 1.0123
6.8250 1.0121
6.8274 1.0120
6.8297 1.0118
6.8320 1.0117
6.8344 1.0115
6.8367 1.0114
6.8391 1.0112
6.8414 1.0111
6.8438 1.0109
6.8461 1.0108
6.8484 1.0106
6.8508 1.0105
6.8531 1.0103
6.8555 1.0102
6.8578 1.0100
6.8602 1.0098
6.8625 1.0097
6.8648 1.0095
6.8672 1.0094
6.8695 1.0092
6.8719 1.0090
6.8742 1.0089
6.8765 1.0087
6.8789 1.0086
6.8812 1.0084
6.8836 1.0082
6.8859 1.0081
6.8882 1.0079
6.8906 1.0077
6.8929 1.0076
6.8952 1.0074
6.8976 1.0072
6.8999 1.0071
6.9023 1.0069
6.9046 1.0067
6.9069 1.0066
6.9093 1.0064
6.9116 1.0062
6.9139 1.0061
6.9163 1.0059
6.9186 1.0057
6.9209 1.0055
6.9233 1.0054
6.9256 1.0052
6.9279 1.0050
6.9303 1.0049
6.9326 1.0047
6.9349 1.0045
6.9373 1.0043
6.9396 1.0042
6.9419 1.0040
6.9443 1.0038
6.9466 1.0036
6.9489 1.0034
6.9513 1.0033
6.9536 1.0031
6.9559 1.0029
6.9583 1.0027
6.9606 1.0025
6.9629 1.0024
6.9652 1.0022
6.9676 1.0020
6.9699 1.0018
6.9722 1.0016
6.9746 1.0014
6.9769 1.0013
6.9792 1.0011
6.9815 1.0009
6.9839 1.0007
6.9862 1.0005
6.9885 1.0003
6.9908 1.0001
6.9932 0.99994
6.9955 0.99975
6.9978 0.99956
7.0002 0.99937
7.0025 0.99918
7.0048 0.99899
7.0071 0.99879
7.0095 0.99860
7.0118 0.99841
7.0141 0.99821
7.0164 0.99802
7.0188 0.99782
7.0211 0.99763
7.0234 0.99743
7.0257 0.99724
7.0281 0.99704
7.0304 0.99684
7.0327 0.99664
7.0350 0.99645
7.0374 0.99625
7.0397 0.99605
7.0420 0.99585
7.0443 0.99565
7.0466 0.99545
7.0490 0.99524
7.0513 0.99504
7.0536 0.99484
7.0559 0.99464
7.0582 0.99443
7.0605 0.99423
7.0629 0.99403
7.0652 0.99382
7.0675 0.99361
7.0698 0.99341
7.0721 0.99320
7.0745 0.99299
7.0768 0.99279
7.0791 0.99258
7.0814 0.99237
7.0837 0.99216
7.0861 0.99195
7.0884 0.99174
7.0907 0.99153
7.0930 0.99132
7.0953 0.99111
7.0977 0.99090
7.1000 0.99068
7.1023 0.99047
7.1046 0.99026
7.1069 0.99004
7.1093 0.98983
7.1116 0.98961
7.1139 0.98940
7.1162 0.98918
7.1185 0.98897
7.1208 0.98875
7.1231 0.98853
7.1254 0.98832
7.1277 0.98810
7.1301 0.98788
7.1324 0.98766
7.1347 0.98744
7.1370 0.98722
7.1393 0.98700
7.1416 0.98678
7.1439 0.98656
7.1462 0.98633
7.1486 0.98611
7.1509 0.98589
7.1532 0.98567
7.1555 0.98544
7.1578 0.98522
7.1601 0.98499
7.1624 0.98477
7.1647 0.98454
7.1670 0.98432
7.1694 0.98409
7.1717 0.98386
7.1740 0.98363
7.1763 0.98341
7.1786 0.98318
7.1809 0.98295
7.1832 0.98272
7.1855 0.98249
7.1879 0.98226
7.1902 0.98203
7.1925 0.98180
7.1948 0.98156
7.1971 0.98133
7.1994 0.98110
7.2017 0.98086
7.2040 0.98063
7.2063 0.98040
7.2087 0.98016
7.2110 0.97993
7.2133 0.97969
7.2156 0.97945
7.2179 0.97922
7.2202 0.97898
7.2225 0.97874
7.2248 0.97851
7.2271 0.97827
7.2294 0.97803
7.2317 0.97779
7.2340 0.97755
7.2363 0.97731
7.2386 0.97707
7.2409 0.97683
7.2432 0.97659
7.2455 0.97635
7.2478 0.97610
7.2501 0.97586
7.2524 0.97562
7.2547 0.97537
7.2570 0.97513
7.2594 0.97489
7.2617 0.97464
7.2640 0.97440
7.2663 0.97415
7.2686 0.97390
7.2709 0.97366
7.2732 0.97341
7.2755 0.97316
7.2778 0.97291
7.2801 0.97267
7.2824 0.97242
7.2847 0.97217
7.2870 0.97192
7.2893 0.97167
7.2916 0.97142
7.2939 0.97117
7.2962 0.97092
7.2985 0.97066
7.3008 0.97041
7.3031 0.97016
7.3054 0.96991
7.3077 0.96965
7.3100 0.96940
7.3123 0.96915
7.3147 0.96889
7.3170 0.96864
7.3193 0.96838
7.3216 0.96813
7.3239 0.96787
7.3262 0.96761
7.3285 0.96736
7.3308 0.96710
7.3331 0.96684
7.3354 0.96658
7.3377 0.96632
7.3400 0.96607
7.3423 0.96581
7.3446 0.96555
7.3469 0.96529
7.3492 0.96503
7.3515 0.96476
7.3538 0.96450
7.3561 0.96424
7.3584 0.96398
7.3607 0.96372
7.3630 0.96345
7.3653 0.96319
7.3676 0.96293
7.3699 0.96266
7.3723 0.96240
7.3746 0.96213
7.3769 0.96187
7.3792 0.96160
7.3815 0.96134
7.3838 0.96107
7.3861 0.96080
7.3884 0.96054
7.3907 0.96027
7.3930 0.96000
7.3953 0.95973
7.3976 0.95946
7.3999 0.95919
7.4022 0.95892
7.4045 0.95865
7.4068 0.95838
7.4091 0.95811
7.4114 0.95784
7.4137 0.95757
7.4160 0.95730
7.4183 0.95703
7.4206 0.95675
7.4229 0.95648
7.4252 0.95621
7.4276 0.95593
7.4299 0.95566
7.4322 0.95539
7.4345 0.95511
7.4368 0.95483
7.4391 0.95456
7.4414 0.95428
7.4437 0.95401
7.4460 0.95373
7.4483 0.95345
7.4506 0.95318
7.4529 0.95290
7.4552 0.95262
7.4575 0.95234
7.4598 0.95206
7.4621 0.95178
7.4644 0.95150
7.4667 0.95123
7.4690 0.95094
7.4713 0.95066
7.4736 0.95038
7.4759 0.95010
7.4782 0.94982
7.4805 0.94954
7.4828 0.94926
7.4852 0.94897
7.4875 0.94869
7.4898 0.94841
7.4921 0.94812
7.4944 0.94784
7.4967 0.94756
7.4990 0.94727
7.5013 0.94699
7.5036 0.94670
7.5059 0.94641
7.5082 0.94613
7.5105 0.94584
7.5128 0.94555
7.5151 0.94527
7.5174 0.94498
7.5197 0.94469
7.5220 0.94440
7.5243 0.94412
7.5266 0.94383
7.5289 0.94354
7.5312 0.94325
7.5335 0.94296
7.5358 0.94267
7.5381 0.94238
7.5405 0.94209
7.5428 0.94180
7.5451 0.94150
7.5474 0.94121
7.5497 0.94092
7.5520 0.94063
7.5543 0.94034
7.5566 0.94004
7.5589 0.93975
7.5612 0.93946
7.5635 0.93916
7.5658 0.93887
7.5681 0.93857
7.5704 0.93828
7.5728 0.93798
7.5751 0.93769
7.5774 0.93739
7.5797 0.93709
7.5820 0.93680
7.5843 0.93650
7.5866 0.93620
7.5889 0.93591
7.5912 0.93561
7.5936 0.93531
7.5959 0.93501
7.5982 0.93471
7.6005 0.93441
7.6028 0.93411
7.6051 0.93381
7.6074 0.93351
7.6097 0.93321
7.6121 0.93291
7.6144 0.93261
7.6167 0.93231
7.6190 0.93201
7.6213 0.93171
7.6236 0.93141
7.6259 0.93110
7.6282 0.93080
7.6305 0.93050
7.6329 0.93019
7.6352 0.92989
7.6375 0.92959
7.6398 0.92928
7.6421 0.92898
7.6444 0.92867
7.6468 0.92837
7.6491 0.92806
7.6514 0.92776
7.6537 0.92745
7.6560 0.92715
7.6584 0.92684
7.6607 0.92653
7.6630 0.92622
7.6653 0.92592
7.6676 0.92561
7.6700 0.92530
7.6723 0.92499
7.6746 0.92469
7.6769 0.92438
7.6792 0.92407
7.6816 0.92376
7.6839 0.92345
7.6862 0.92314
7.6885 0.92283
7.6908 0.92252
7.6932 0.92221
7.6955 0.92190
7.6978 0.92159
7.7001 0.92127
7.7025 0.92096
7.7048 0.92065
7.7071 0.92034
7.7094 0.92003
7.7118 0.91971
7.7141 0.91940
7.7164 0.91909
7.7188 0.91877
7.7211 0.91846
7.7234 0.91815
7.7257 0.91783
7.7281 0.91752
7.7304 0.91720
7.7327 0.91689
7.7350 0.91657
7.7374 0.91625
7.7397 0.91594
7.7421 0.91562
7.7444 0.91531
7.7467 0.91499
7.7491 0.91467
7.7514 0.91436
7.7537 0.91404
7.7561 0.91372
7.7584 0.91340
7.7607 0.91308
7.7631 0.91277
7.7654 0.91245
7.7677 0.91213
7.7701 0.91181
7.7724 0.91149
7.7747 0.91117
7.7771 0.91085
7.7794 0.91053
7.7818 0.91021
7.7841 0.90989
7.7865 0.90957
7.7888 0.90925
7.7911 0.90893
7.7935 0.90860
7.7958 0.90828
7.7982 0.90796
7.8005 0.90764
7.8028 0.90732
7.8052 0.90699
7.8075 0.90667
7.8099 0.90635
7.8122 0.90602
7.8146 0.90570
7.8169 0.90538
7.8193 0.90505
7.8216 0.90473
7.8240 0.90440
7.8263 0.90408
7.8287 0.90375
7.8310 0.90343
7.8334 0.90310
7.8357 0.90278
7.8381 0.90245
7.8404 0.90213
7.8428 0.90180
7.8452 0.90147
7.8475 0.90115
7.8499 0.90082
7.8522 0.90049
7.8546 0.90017
7.8569 0.89984
7.8593 0.89951
7.8617 0.89918
7.8640 0.89886
7.8664 0.89853
7.8687 0.89820
7.8711 0.89787
7.8735 0.89754
7.8758 0.89721
7.8782 0.89688
7.8806 0.89655
7.8829 0.89622
7.8853 0.89589
7.8876 0.89556
7.8900 0.89523
7.8924 0.89490
7.8947 0.89457
7.8971 0.89424
7.8995 0.89391
7.9019 0.89358
7.9042 0.89325
7.9066 0.89292
7.9090 0.89259
7.9114 0.89225
7.9137 0.89192
7.9161 0.89159
7.9185 0.89126
7.9208 0.89092
7.9232 0.89059
7.9256 0.89026
7.9280 0.88993
7.9304 0.88959
7.9327 0.88926
7.9351 0.88892
7.9375 0.88859
7.9399 0.88826
7.9423 0.88792
7.9446 0.88759
7.9470 0.88725
7.9494 0.88692
7.9518 0.88658
7.9542 0.88625
7.9566 0.88591
7.9590 0.88558
7.9614 0.88524
7.9638 0.88491
7.9661 0.88457
7.9685 0.88424
7.9709 0.88390
7.9733 0.88356
7.9757 0.88323
7.9781 0.88289
7.9805 0.88255
7.9829 0.88222
7.9853 0.88188
7.9877 0.88154
7.9901 0.88121
7.9925 0.88087
7.9949 0.88053
7.9973 0.88019
7.9997 0.87986
8.0021 0.87952
8.0045 0.87918
8.0069 0.87884
8.0094 0.87850
8.0118 0.87816
8.0142 0.87782
8.0166 0.87749
8.0190 0.87715
8.0214 0.87681
8.0238 0.87647
8.0262 0.87613
8.0286 0.87579
8.0311 0.87545
8.0335 0.87511
8.0359 0.87477
8.0383 0.87443
8.0407 0.87409
8.0432 0.87375
8.0456 0.87341
8.0480 0.87307
8.0504 0.87273
8.0529 0.87239
8.0553 0.87205
8.0577 0.87171
8.0601 0.87137
8.0626 0.87103
8.0650 0.87068
8.0674 0.87034
8.0698 0.87000
8.0723 0.86966
8.0747 0.86932
8.0771 0.86898
8.0796 0.86864
8.0820 0.86829
8.0845 0.86795
8.0869 0.86761
8.0894 0.86727
8.0918 0.86693
8.0942 0.86658
8.0967 0.86624
8.0991 0.86590
8.1016 0.86556
8.1040 0.86521
8.1064 0.86487
8.1089 0.86453
8.1114 0.86419
8.1138 0.86384
8.1163 0.86350
8.1187 0.86316
8.1212 0.86281
8.1236 0.86247
8.1261 0.86213
8.1286 0.86178
8.1310 0.86144
8.1335 0.86110
8.1359 0.86075
8.1384 0.86041
8.1408 0.86007
8.1433 0.85972
8.1458 0.85938
8.1483 0.85904
8.1507 0.85869
8.1532 0.85835
8.1557 0.85800
8.1581 0.85766
8.1606 0.85732
8.1631 0.85697
8.1656 0.85663
8.1680 0.85628
8.1705 0.85594
8.1730 0.85559
8.1755 0.85525
8.1780 0.85491
8.1805 0.85456
8.1829 0.85422
8.1854 0.85387
8.1879 0.85353
8.1904 0.85318
8.1929 0.85284
8.1954 0.85250
8.1979 0.85215
8.2003 0.85181
8.2029 0.85146
8.2054 0.85112
8.2079 0.85077
8.2104 0.85043
8.2129 0.85009
8.2154 0.84974
8.2179 0.84940
8.2204 0.84905
8.2229 0.84871
8.2254 0.84836
8.2279 0.84802
8.2304 0.84768
8.2329 0.84733
8.2354 0.84699
8.2379 0.84664
8.2405 0.84630
8.2430 0.84595
8.2455 0.84561
8.2480 0.84527
8.2505 0.84492
8.2531 0.84458
8.2556 0.84423
8.2581 0.84389
8.2606 0.84354
8.2632 0.84320
8.2657 0.84286
8.2682 0.84251
8.2708 0.84217
8.2733 0.84182
8.2758 0.84148
8.2784 0.84113
8.2809 0.84079
8.2834 0.84045
8.2860 0.84010
8.2885 0.83976
8.2911 0.83941
8.2936 0.83907
8.2962 0.83873
8.2987 0.83838
8.3013 0.83804
8.3038 0.83770
8.3064 0.83735
8.3089 0.83701
8.3115 0.83667
8.3141 0.83632
8.3166 0.83598
8.3192 0.83564
8.3218 0.83529
8.3243 0.83495
8.3269 0.83461
8.3295 0.83427
8.3320 0.83392
8.3346 0.83358
8.3372 0.83324
8.3398 0.83290
8.3423 0.83255
8.3449 0.83221
8.3475 0.83187
8.3501 0.83153
8.3527 0.83119
8.3553 0.83085
8.3578 0.83050
8.3604 0.83016
8.3630 0.82982
8.3656 0.82948
8.3682 0.82914
8.3708 0.82880
8.3734 0.82846
8.3760 0.82812
8.3786 0.82778
8.3812 0.82744
8.3838 0.82710
8.3864 0.82676
8.3891 0.82642
8.3917 0.82608
8.3943 0.82574
8.3969 0.82540
8.3995 0.82506
8.4021 0.82472
8.4047 0.82438
8.4074 0.82404
8.4100 0.82370
8.4126 0.82336
8.4152 0.82303
8.4179 0.82269
8.4205 0.82235
8.4231 0.82201
8.4258 0.82168
8.4284 0.82134
8.4310 0.82100
8.4337 0.82066
8.4363 0.82033
8.4390 0.81999
8.4416 0.81965
8.4443 0.81932
8.4469 0.81898
8.4496 0.81865
8.4522 0.81831
8.4549 0.81798
8.4575 0.81764
8.4602 0.81731
8.4628 0.81697
8.4655 0.81664
8.4682 0.81631
8.4709 0.81597
8.4735 0.81564
8.4762 0.81530
8.4789 0.81497
8.4815 0.81464
8.4842 0.81431
8.4869 0.81397
8.4896 0.81364
8.4923 0.81331
8.4949 0.81298
8.4976 0.81265
8.5003 0.81232
8.5030 0.81199
8.5057 0.81166
8.5084 0.81133
8.5111 0.81100
8.5138 0.81067
8.5165 0.81034
8.5192 0.81001
8.5219 0.80968
8.5246 0.80935
8.5273 0.80902
8.5300 0.80870
8.5328 0.80837
8.5355 0.80804
8.5382 0.80772
8.5409 0.80739
8.5436 0.80707
8.5464 0.80674
8.5491 0.80641
8.5518 0.80609
8.5546 0.80577
8.5573 0.80544
8.5600 0.80512
8.5627 0.80479
8.5655 0.80447
8.5682 0.80415
8.5710 0.80383
8.5737 0.80350
8.5765 0.80318
8.5792 0.80286
8.5820 0.80254
8.5847 0.80222
8.5875 0.80190
8.5903 0.80158
8.5930 0.80126
8.5958 0.80094
8.5985 0.80062
8.6013 0.80031
8.6041 0.79999
8.6069 0.79967
8.6096 0.79936
8.6124 0.79904
8.6152 0.79873
8.6180 0.79841
8.6207 0.79810
8.6235 0.79778
8.6263 0.79747
8.6291 0.79715
8.6319 0.79684
8.6347 0.79653
8.6375 0.79622
8.6403 0.79590
8.6431 0.79559
8.6459 0.79528
8.6487 0.79497
8.6515 0.79466
8.6543 0.79435
8.6571 0.79405
8.6600 0.79374
8.6628 0.79343
8.6656 0.79312
8.6684 0.79282
8.6712 0.79251
8.6741 0.79221
8.6769 0.79190
8.6797 0.79160
8.6826 0.79130
8.6854 0.79099
8.6882 0.79069
8.6911 0.79039
8.6939 0.79009
8.6968 0.78979
8.6996 0.78949
8.7025 0.78919
8.7053 0.78889
8.7082 0.78859
8.7110 0.78829
8.7139 0.78800
8.7168 0.78770
8.7197 0.78740
8.7225 0.78711
8.7254 0.78681
8.7283 0.78652
8.7311 0.78623
8.7340 0.78593
8.7369 0.78564
8.7398 0.78535
8.7427 0.78506
8.7455 0.78477
8.7484 0.78448
8.7513 0.78419
8.7542 0.78391
8.7571 0.78362
8.7600 0.78333
8.7629 0.78305
8.7658 0.78276
8.7687 0.78248
8.7717 0.78219
8.7746 0.78191
8.7775 0.78163
8.7804 0.78135
8.7833 0.78107
8.7862 0.78079
8.7892 0.78051
8.7921 0.78023
8.7950 0.77995
8.7980 0.77967
8.8009 0.77940
8.8038 0.77912
8.8068 0.77885
8.8097 0.77857
8.8127 0.77830
8.8156 0.77803
8.8185 0.77776
8.8215 0.77749
8.8244 0.77722
8.8274 0.77695
8.8304 0.77668
8.8333 0.77642
8.8363 0.77615
8.8392 0.77588
8.8422 0.77562
8.8452 0.77536
8.8482 0.77509
8.8512 0.77483
8.8541 0.77457
8.8571 0.77431
8.8601 0.77405
8.8631 0.77379
8.8661 0.77354
8.8691 0.77328
8.8721 0.77302
8.8750 0.77277
8.8781 0.77252
8.8811 0.77226
8.8841 0.77201
8.8871 0.77176
8.8901 0.77151
8.8931 0.77126
8.8961 0.77101
8.8991 0.77077
8.9021 0.77052
8.9052 0.77028
8.9082 0.77003
8.9112 0.76979
8.9142 0.76955
8.9173 0.76931
8.9203 0.76907
8.9233 0.76883
8.9264 0.76859
8.9294 0.76836
8.9324 0.76812
8.9355 0.76789
8.9386 0.76765
8.9416 0.76742
8.9447 0.76719
8.9477 0.76696
8.9508 0.76673
8.9538 0.76650
8.9569 0.76628
8.9600 0.76605
8.9630 0.76583
8.9661 0.76560
8.9692 0.76538
8.9722 0.76516
8.9753 0.76494
8.9784 0.76472
8.9815 0.76451
8.9846 0.76429
8.9876 0.76407
8.9907 0.76386
8.9938 0.76365
8.9969 0.76344
9.0000 0.76323
9.0031 0.76302
9.0062 0.76281
9.0093 0.76260
9.0124 0.76240
9.0155 0.76219
9.0186 0.76199
9.0217 0.76179
9.0249 0.76159
9.0280 0.76139
9.0311 0.76119
9.0342 0.76100
9.0373 0.76080
9.0405 0.76061
9.0436 0.76041
9.0467 0.76022
9.0498 0.76003
9.0530 0.75984
9.0561 0.75966
9.0592 0.75947
9.0624 0.75929
9.0655 0.75910
9.0687 0.75892
9.0718 0.75874
9.0750 0.75856
9.0781 0.75838
9.0813 0.75821
9.0844 0.75803
9.0876 0.75786
9.0907 0.75768
9.0939 0.75751
9.0970 0.75734
9.1002 0.75718
9.1034 0.75701
9.1065 0.75684
9.1097 0.75668
9.1129 0.75652
9.1161 0.75636
9.1192 0.75620
9.1224 0.75604
9.1256 0.75588
9.1288 0.75573
9.1319 0.75557
9.1351 0.75542
9.1383 0.75527
9.1415 0.75512
9.1447 0.75498
9.1479 0.75483
9.1511 0.75468
9.1543 0.75454
9.1575 0.75440
9.1607 0.75426
9.1639 0.75412
9.1671 0.75398
9.1703 0.75385
9.1735 0.75372
9.1767 0.75358
9.1799 0.75345
9.1831 0.75332
9.1863 0.75320
9.1895 0.75307
9.1927 0.75295
9.1960 0.75282
9.1992 0.75270
9.2024 0.75258
9.2056 0.75246
9.2088 0.75235
9.2121 0.75223
9.2153 0.75212
9.2185 0.75201
9.2217 0.75190
9.2250 0.75179
9.2282 0.75168
9.2314 0.75158
9.2347 0.75148
9.2379 0.75137
9.2411 0.75127
9.2444 0.75117
9.2476 0.75108
9.2509 0.75098
9.2541 0.75089
9.2573 0.75080
9.2606 0.75071
9.2638 0.75062
9.2671 0.75053
9.2703 0.75045
9.2736 0.75037
9.2768 0.75028
9.2801 0.75020
9.2833 0.75013
9.2866 0.75005
9.2898 0.74998
9.2931 0.74990
9.2963 0.74983
9.2996 0.74976
9.3028 0.74969
9.3061 0.74963
9.3093 0.74956
9.3126 0.74950
9.3159 0.74944
9.3191 0.74938
9.3224 0.74932
9.3257 0.74927
9.3289 0.74921
9.3322 0.74916
9.3355 0.74911
9.3387 0.74906
9.3420 0.74902
9.3453 0.74897
9.3485 0.74893
9.3518 0.74889
9.3551 0.74885
9.3583 0.74881
9.3616 0.74877
9.3649 0.74874
9.3681 0.74870
9.3714 0.74867
9.3746 0.74864
9.3779 0.74862
9.3812 0.74859
9.3844 0.74857
9.3877 0.74855
9.3910 0.74853
9.3942 0.74851
9.3975 0.74849
9.4008 0.74848
9.4040 0.74846
9.4073 0.74845
9.4106 0.74844
9.4139 0.74843
9.4172 0.74843
9.4204 0.74842
9.4237 0.74842
9.4270 0.74842
9.4303 0.74842
9.4336 0.74843
9.4368 0.74843
9.4401 0.74844
9.4434 0.74845
9.4467 0.74846
9.4500 0.74847
9.4532 0.74848
9.4565 0.74850
9.4598 0.74851
9.4630 0.74853
9.4663 0.74855
9.4696 0.74858
9.4728 0.74860
9.4761 0.74863
9.4794 0.74866
9.4826 0.74869
9.4859 0.74872
9.4892 0.74875
9.4924 0.74879
9.4957 0.74882
9.4989 0.74886
9.5022 0.74890
9.5055 0.74894
9.5087 0.74899
9.5120 0.74903
9.5153 0.74908
9.5185 0.74913
9.5218 0.74918
9.5251 0.74923
9.5283 0.74929
9.5316 0.74934
9.5349 0.74940
9.5381 0.74946
9.5414 0.74952
9.5447 0.74959
9.5479 0.74965
9.5512 0.74972
9.5544 0.74979
9.5577 0.74986
9.5609 0.74993
9.5642 0.75000
9.5674 0.75008
9.5707 0.75016
9.5739 0.75023
9.5772 0.75031
9.5804 0.75040
9.5837 0.75048
9.5869 0.75057
9.5902 0.75065
9.5934 0.75074
9.5967 0.75083
9.5999 0.75093
9.6031 0.75102
9.6064 0.75111
9.6096 0.75121
9.6129 0.75131
9.6161 0.75141
9.6193 0.75151
9.6226 0.75162
9.6258 0.75172
9.6290 0.75183
9.6323 0.75194
9.6355 0.75205
9.6387 0.75216
9.6419 0.75228
9.6452 0.75239
9.6484 0.75251
9.6516 0.75263
9.6548 0.75275
9.6580 0.75287
9.6613 0.75299
9.6645 0.75312
9.6677 0.75324
9.6709 0.75337
9.6741 0.75350
9.6773 0.75363
9.6805 0.75377
9.6837 0.75390
9.6869 0.75404
9.6901 0.75417
9.6933 0.75431
9.6965 0.75445
9.6997 0.75460
9.7029 0.75474
9.7061 0.75488
9.7093 0.75503
9.7125 0.75518
9.7157 0.75533
9.7189 0.75548
9.7221 0.75563
9.7253 0.75579
9.7284 0.75594
9.7316 0.75610
9.7348 0.75626
9.7379 0.75642
9.7411 0.75658
9.7443 0.75674
9.7475 0.75691
9.7506 0.75707
9.7538 0.75724
9.7570 0.75741
9.7601 0.75758
9.7633 0.75775
9.7664 0.75792
9.7696 0.75810
9.7728 0.75827
9.7759 0.75845
9.7791 0.75863
9.7822 0.75881
9.7853 0.75899
9.7885 0.75917
9.7916 0.75936
9.7948 0.75954
9.7979 0.75973
9.8010 0.75992
9.8042 0.76011
9.8073 0.76030
9.8104 0.76049
9.8136 0.76068
9.8167 0.76088
9.8198 0.76107
9.8229 0.76127
9.8260 0.76147
9.8291 0.76167
9.8323 0.76187
9.8354 0.76207
9.8385 0.76227
9.8416 0.76248
9.8447 0.76268
9.8478 0.76289
9.8509 0.76310
9.8540 0.76331
9.8571 0.76352
9.8602 0.76373
9.8633 0.76395
9.8664 0.76416
9.8694 0.76438
9.8725 0.76459
9.8756 0.76481
9.8787 0.76503
9.8818 0.76525
9.8848 0.76547
9.8879 0.76570
9.8910 0.76592
9.8940 0.76614
9.8971 0.76637
9.9002 0.76660
9.9032 0.76683
9.9063 0.76706
9.9093 0.76729
9.9124 0.76752
9.9155 0.76775
9.9185 0.76798
9.9216 0.76822
9.9246 0.76845
9.9276 0.76869
9.9307 0.76893
9.9337 0.76917
9.9367 0.76941
9.9398 0.76965
9.9428 0.76989
9.9458 0.77014
9.9488 0.77038
9.9519 0.77063
9.9549 0.77087
9.9579 0.77112
9.9609 0.77137
9.9639 0.77162
9.9669 0.77187
9.9699 0.77212
9.9729 0.77237
9.9759 0.77262
9.9789 0.77287
9.9819 0.77313
9.9849 0.77339
9.9879 0.77364
9.9909 0.77390
9.9939 0.77416
9.9969 0.77442
9.9999 0.77468
10.003 0.77494
10.006 0.77520
10.009 0.77546
10.012 0.77573
10.015 0.77599
10.018 0.77626
10.021 0.77653
10.024 0.77679
10.027 0.77706
10.030 0.77733
10.033 0.77760
10.035 0.77787
10.038 0.77814
10.041 0.77842
10.044 0.77869
10.047 0.77896
10.050 0.77924
10.053 0.77952
10.056 0.77979
10.059 0.78007
10.062 0.78035
10.065 0.78063
10.068 0.78091
10.071 0.78119
10.074 0.78147
10.077 0.78175
10.079 0.78203
10.082 0.78232
10.085 0.78260
10.088 0.78288
10.091 0.78317
10.094 0.78346
10.097 0.78374
10.100 0.78403
10.103 0.78432
10.106 0.78461
10.108 0.78490
10.111 0.78519
10.114 0.78548
10.117 0.78577
10.120 0.78606
10.123 0.78636
10.126 0.78665
10.129 0.78695
10.131 0.78724
10.134 0.78754
10.137 0.78783
10.140 0.78813
10.143 0.78843
10.146 0.78872
10.149 0.78902
10.151 0.78932
10.154 0.78962
10.157 0.78992
10.160 0.79023
10.163 0.79053
10.166 0.79083
10.169 0.79113
10.171 0.79144
10.174 0.79174
10.177 0.79204
10.180 0.79235
10.183 0.79265
10.186 0.79296
10.188 0.79327
10.191 0.79358
10.194 0.79388
10.197 0.79419
10.200 0.79450
10.202 0.79481
10.205 0.79512
10.208 0.79543
10.211 0.79574
10.214 0.79605
10.216 0.79636
10.219 0.79668
10.222 0.79699
10.225 0.79730
10.228 0.79762
10.230 0.79793
10.233 0.79825
10.236 0.79856
10.239 0.79888
10.242 0.79920
10.244 0.79951
10.247 0.79983
10.250 0.80015
10.253 0.80046
10.255 0.80078
10.258 0.80110
10.261 0.80142
10.264 0.80174
10.266 0.80206
10.269 0.80238
10.272 0.80270
10.275 0.80302
10.277 0.80334
10.280 0.80367
10.283 0.80399
10.286 0.80431
10.288 0.80463
10.291 0.80496
10.294 0.80528
10.297 0.80561
10.299 0.80593
10.302 0.80626
10.305 0.80658
10.308 0.80691
10.310 0.80723
10.313 0.80756
10.316 0.80789
10.318 0.80821
10.321 0.80854
10.324 0.80887
10.327 0.80920
10.329 0.80952
10.332 0.80985
10.335 0.81018
10.337 0.81051
10.340 0.81084
10.343 0.81117
10.346 0.81150
10.348 0.81183
10.351 0.81216
10.354 0.81249
10.356 0.81282
10.359 0.81316
10.362 0.81349
10.364 0.81382
10.367 0.81415
10.370 0.81449
10.372 0.81482
10.375 0.81515
10.378 0.81549
10.380 0.81582
10.383 0.81615
10.386 0.81649
10.388 0.81682
10.391 0.81716
10.394 0.81749
10.396 0.81783
10.399 0.81816
10.402 0.81850
10.404 0.81883
10.407 0.81917
10.410 0.81950
10.412 0.81984
10.415 0.82018
10.418 0.82051
10.420 0.82085
10.423 0.82119
10.426 0.82153
10.428 0.82186
10.431 0.82220
10.433 0.82254
10.436 0.82288
10.439 0.82322
10.441 0.82355
10.444 0.82389
10.447 0.82423
10.449 0.82457
10.452 0.82491
10.454 0.82525
10.457 0.82559
10.460 0.82593
10.462 0.82627
10.465 0.82661
10.468 0.82695
10.470 0.82729
10.473 0.82763
10.475 0.82797
10.478 0.82831
10.481 0.82865
10.483 0.82899
10.486 0.82934
10.488 0.82968
10.491 0.83002
10.494 0.83036
10.496 0.83070
10.499 0.83104
10.501 0.83139
10.504 0.83173
10.506 0.83207
10.509 0.83241
10.512 0.83276
10.514 0.83310
10.517 0.83344
10.519 0.83378
10.522 0.83412
10.524 0.83447
10.527 0.83481
10.530 0.83515
10.532 0.83550
10.535 0.83584
10.537 0.83618
10.540 0.83653
10.542 0.83687
10.545 0.83721
10.548 0.83756
10.550 0.83790
10.553 0.83824
10.555 0.83859
10.558 0.83893
10.560 0.83928
10.563 0.83962
10.565 0.83997
10.568 0.84031
10.570 0.84065
10.573 0.84100
10.576 0.84134
10.578 0.84169
10.581 0.84203
10.583 0.84238
10.586 0.84272
10.588 0.84306
10.591 0.84341
10.593 0.84375
10.596 0.84410
10.598 0.84444
