x y
0.000000000000000 2.14000000000000
0.00245000000000000 2.1400
0.00490000000000000 2.1399
0.00735000000000000 2.1398
0.00980000000000000 2.1395
0.0122500000000000 2.1392
0.0147000000000000 2.1388
0.0171500000000000 2.1383
0.0196000000000000 2.1378
0.0220500000000000 2.1371
0.0245000000000000 2.1364
0.0269500000000000 2.1356
0.0294000000000000 2.1348
0.0318500000000000 2.1338
0.0343000000000000 2.1328
0.0367500000000000 2.1317
0.0392000000000000 2.1306
0.0416500000000000 2.1293
0.0441000000000000 2.1280
0.0465500000000000 2.1267
0.0490000000000000 2.1252
0.0514500000000000 2.1237
0.0539000000000000 2.1222
0.0563500000000000 2.1205
0.0588000000000000 2.1188
0.0612500000000000 2.1171
0.0637000000000000 2.1153
0.0661500000000000 2.1134
0.0686000000000000 2.1115
0.0710500000000000 2.1095
0.0735000000000000 2.1075
0.0759500000000000 2.1054
0.0784000000000000 2.1033
0.0808500000000000 2.1011
0.0833000000000000 2.0989
0.0857500000000000 2.0966
0.0882000000000000 2.0943
0.0906500000000000 2.0919
0.0931000000000000 2.0895
0.0955500000000000 2.0870
0.0980000000000000 2.0845
0.100450000000000 2.0820
0.102900000000000 2.0795
0.105350000000000 2.0769
0.107800000000000 2.0742
0.110250000000000 2.0715
0.112700000000000 2.0688
0.115150000000000 2.0661
0.117600000000000 2.0634
0.120050000000000 2.0606
0.122500000000000 2.0577
0.124950000000000 2.0549
0.127400000000000 2.0520
0.129850000000000 2.0491
0.132300000000000 2.0462
0.134750000000000 2.0432
0.137200000000000 2.0403
0.139650000000000 2.0373
0.142100000000000 2.0343
0.144550000000000 2.0312
0.147000000000000 2.0282
0.149450000000000 2.0251
0.151900000000000 2.0220
0.154350000000000 2.0189
0.156800000000000 2.0158
0.159250000000000 2.0126
0.161700000000000 2.0095
0.164150000000000 2.0063
0.166600000000000 2.0031
0.169050000000000 1.9999
0.171500000000000 1.9967
0.173950000000000 1.9935
0.176400000000000 1.9902
0.178850000000000 1.9870
0.181300000000000 1.9837
0.183750000000000 1.9804
0.186200000000000 1.9771
0.188650000000000 1.9738
0.191100000000000 1.9705
0.193550000000000 1.9672
0.196000000000000 1.9639
0.198450000000000 1.9606
0.200900000000000 1.9572
0.203350000000000 1.9539
0.205800000000000 1.9505
0.208250000000000 1.9472
0.210700000000000 1.9438
0.213150000000000 1.9404
0.215600000000000 1.9371
0.218050000000000 1.9337
0.220500000000000 1.9303
0.222950000000000 1.9269
0.225400000000000 1.9235
0.227850000000000 1.9201
0.230300000000000 1.9167
0.232750000000000 1.9132
0.235200000000000 1.9098
0.237650000000000 1.9064
0.240100000000000 1.9030
0.242550000000000 1.8995
0.245000000000000 1.8961
0.247450000000000 1.8927
0.249900000000000 1.8892
0.252350000000000 1.8858
0.254800000000000 1.8823
0.257250000000000 1.8789
0.259700000000000 1.8754
0.262150000000000 1.8720
0.264600000000000 1.8685
0.267050000000000 1.8650
0.269500000000000 1.8616
0.271950000000000 1.8581
0.274400000000000 1.8546
0.276850000000000 1.8512
0.279300000000000 1.8477
0.281750000000000 1.8442
0.284200000000000 1.8408
0.286650000000000 1.8373
0.289100000000000 1.8338
0.291550000000000 1.8303
0.294000000000000 1.8268
0.296450000000000 1.8234
0.298900000000000 1.8199
0.301350000000000 1.8164
0.303800000000000 1.8129
0.306250000000000 1.8094
0.308700000000000 1.8060
0.311150000000000 1.8025
0.313600000000000 1.7990
0.316050000000000 1.7955
0.318500000000000 1.7920
0.320950000000000 1.7885
0.323400000000000 1.7851
0.325850000000000 1.7816
0.328300000000000 1.7781
0.330750000000000 1.7746
0.333200000000000 1.7711
0.335650000000000 1.7676
0.338100000000000 1.7642
0.340550000000000 1.7607
0.343000000000000 1.7572
0.345450000000000 1.7537
0.347900000000000 1.7502
0.350350000000000 1.7467
0.352800000000000 1.7432
0.355250000000000 1.7398
0.357700000000000 1.7363
0.360150000000000 1.7328
0.362600000000000 1.7293
0.365050000000000 1.7258
0.367500000000000 1.7223
0.369950000000000 1.7189
0.372400000000000 1.7154
0.374850000000000 1.7119
0.377300000000000 1.7084
0.379750000000000 1.7049
0.382200000000000 1.7014
0.384650000000000 1.6980
0.387100000000000 1.6945
0.389550000000000 1.6910
0.392000000000000 1.6875
0.394450000000000 1.6840
0.396900000000000 1.6806
0.399350000000000 1.6771
0.401800000000000 1.6736
0.404250000000000 1.6701
0.406700000000000 1.6667
0.409150000000000 1.6632
0.411600000000000 1.6597
0.414050000000000 1.6562
0.416500000000000 1.6528
0.418950000000000 1.6493
0.421400000000000 1.6458
0.423850000000000 1.6423
0.426300000000000 1.6389
0.428750000000000 1.6354
0.431200000000000 1.6319
0.433650000000000 1.6285
0.436100000000000 1.6250
0.438550000000000 1.6215
0.441000000000000 1.6180
0.443450000000000 1.6146
0.445900000000000 1.6111
0.448350000000000 1.6076
0.450800000000000 1.6042
0.453250000000000 1.6007
0.455700000000000 1.5972
0.458150000000000 1.5938
0.460600000000000 1.5903
0.463050000000000 1.5868
0.465500000000000 1.5834
0.467950000000000 1.5799
0.470400000000000 1.5765
0.472850000000000 1.5730
0.475300000000000 1.5695
0.477750000000000 1.5661
0.480200000000000 1.5626
0.482650000000000 1.5591
0.485100000000000 1.5557
0.487550000000000 1.5522
0.490000000000000 1.5488
0.492450000000000 1.5453
0.494900000000000 1.5418
0.497350000000000 1.5384
0.499800000000000 1.5349
0.502250000000000 1.5315
0.504700000000000 1.5280
0.507150000000000 1.5246
0.509600000000000 1.5211
0.512050000000000 1.5176
0.514500000000000 1.5142
0.516950000000000 1.5107
0.519400000000000 1.5073
0.521850000000000 1.5038
0.524300000000000 1.5004
0.526750000000000 1.4969
0.529200000000000 1.4935
0.531650000000000 1.4900
0.534100000000000 1.4865
0.536550000000000 1.4831
0.539000000000000 1.4796
0.541450000000000 1.4762
0.543900000000000 1.4727
0.546350000000000 1.4693
0.548800000000000 1.4658
0.551250000000000 1.4624
0.553700000000000 1.4589
0.556150000000000 1.4555
0.558600000000000 1.4520
0.561050000000000 1.4486
0.563500000000000 1.4451
0.565950000000000 1.4417
0.568400000000000 1.4382
0.570850000000000 1.4348
0.573300000000000 1.4313
0.575750000000000 1.4278
0.578200000000000 1.4244
0.580650000000000 1.4209
0.583100000000000 1.4175
0.585550000000000 1.4140
0.588000000000000 1.4106
0.590450000000000 1.4071
0.592900000000000 1.4037
0.595350000000000 1.4002
0.597800000000000 1.3968
0.600250000000000 1.3933
0.602700000000000 1.3899
0.605150000000000 1.3864
0.607600000000000 1.3830
0.610050000000000 1.3795
0.612500000000000 1.3761
0.614950000000000 1.3726
0.617400000000000 1.3692
0.619850000000000 1.3657
0.622300000000000 1.3622
0.624750000000000 1.3588
0.627200000000000 1.3553
0.629650000000000 1.3519
0.632100000000000 1.3484
0.634550000000000 1.3450
0.637000000000000 1.3415
0.639450000000000 1.3381
0.641900000000000 1.3346
0.644350000000000 1.3311
0.646800000000000 1.3277
0.649250000000000 1.3242
0.651700000000000 1.3208
0.654150000000000 1.3173
0.656600000000000 1.3139
0.659050000000000 1.3104
0.661500000000000 1.3069
0.663950000000000 1.3035
0.666400000000000 1.3000
0.668850000000000 1.2966
0.671300000000000 1.2931
0.673750000000000 1.2896
0.676200000000000 1.2862
0.678650000000000 1.2827
0.681100000000000 1.2792
0.683550000000000 1.2758
0.686000000000000 1.2723
0.688450000000000 1.2688
0.690900000000000 1.2654
0.693350000000000 1.2619
0.695800000000000 1.2584
0.698250000000000 1.2550
0.700700000000000 1.2515
0.703150000000000 1.2480
0.705600000000000 1.2446
0.708050000000000 1.2411
0.710500000000000 1.2376
0.712950000000000 1.2342
0.715400000000000 1.2307
0.717850000000000 1.2272
0.720300000000000 1.2237
0.722750000000000 1.2203
0.725200000000000 1.2168
0.727650000000000 1.2133
0.730100000000000 1.2098
0.732550000000000 1.2064
0.735000000000000 1.2029
0.737450000000000 1.1994
0.739900000000000 1.1959
0.742350000000000 1.1924
0.744800000000000 1.1889
0.747250000000000 1.1855
0.749700000000000 1.1820
0.752150000000000 1.1785
0.754600000000000 1.1750
0.757050000000000 1.1715
0.759500000000000 1.1680
0.761950000000000 1.1645
0.764400000000000 1.1611
0.766850000000000 1.1576
0.769300000000000 1.1541
0.771750000000000 1.1506
0.774200000000000 1.1471
0.776650000000000 1.1436
0.779100000000000 1.1401
0.781550000000000 1.1366
0.784000000000000 1.1331
0.786450000000000 1.1296
0.788900000000000 1.1261
0.791350000000000 1.1226
0.793800000000000 1.1191
0.796250000000000 1.1156
0.798700000000000 1.1121
0.801150000000000 1.1086
0.803600000000000 1.1051
0.806050000000000 1.1016
0.808500000000000 1.0981
0.810950000000000 1.0945
0.813400000000000 1.0910
0.815850000000000 1.0875
0.818300000000000 1.0840
0.820750000000000 1.0805
0.823200000000000 1.0770
0.825650000000000 1.0735
0.828100000000000 1.0699
0.830550000000000 1.0664
0.833000000000000 1.0629
0.835450000000000 1.0594
0.837900000000000 1.0558
0.840350000000000 1.0523
0.842800000000000 1.0488
0.845250000000000 1.0453
0.847700000000000 1.0417
0.850150000000000 1.0382
0.852600000000000 1.0347
0.855050000000000 1.0311
0.857500000000000 1.0276
0.859950000000000 1.0241
0.862400000000000 1.0205
0.864850000000000 1.0170
0.867300000000000 1.0134
0.869750000000000 1.0099
0.872200000000000 1.0063
0.874650000000000 1.0028
0.877100000000000 0.99925
0.879550000000000 0.99571
0.882000000000000 0.99216
0.884450000000000 0.98860
0.886900000000000 0.98505
0.889350000000000 0.98149
0.891800000000000 0.97794
0.894250000000000 0.97438
0.896700000000000 0.97082
0.899150000000000 0.96726
0.901600000000000 0.96370
0.904050000000000 0.96013
0.906500000000000 0.95657
0.908950000000000 0.95300
0.911400000000000 0.94943
0.913850000000000 0.94586
0.916300000000000 0.94229
0.918750000000000 0.93871
0.921200000000000 0.93514
0.923650000000000 0.93156
0.926100000000000 0.92798
0.928550000000000 0.92440
0.931000000000000 0.92082
0.933450000000000 0.91723
0.935900000000000 0.91365
0.938350000000000 0.91006
0.940800000000000 0.90647
0.943250000000000 0.90288
0.945700000000000 0.89929
0.948150000000000 0.89569
0.950600000000000 0.89210
0.953050000000000 0.88850
0.955500000000000 0.88490
0.957950000000000 0.88130
0.960400000000000 0.87770
0.962850000000000 0.87409
0.965300000000000 0.87048
0.967750000000000 0.86687
0.970200000000000 0.86326
0.972650000000000 0.85965
0.975100000000000 0.85604
0.977550000000000 0.85242
0.980000000000000 0.84881
0.982450000000000 0.84519
0.984900000000000 0.84157
0.987350000000000 0.83794
0.989800000000000 0.83432
0.992250000000000 0.83069
0.994700000000000 0.82706
0.997150000000000 0.82343
0.999600000000000 0.81980
1.00205000000000 0.81616
1.00450000000000 0.81253
1.00695000000000 0.80889
1.00940000000000 0.80525
1.01185000000000 0.80161
1.01430000000000 0.79796
1.01675000000000 0.79432
1.01920000000000 0.79067
1.02165000000000 0.78702
1.02410000000000 0.78337
1.02655000000000 0.77971
1.02900000000000 0.77606
1.03145000000000 0.77240
1.03390000000000 0.76874
1.03635000000000 0.76508
1.03880000000000 0.76142
1.04125000000000 0.75775
1.04370000000000 0.75409
1.04615000000000 0.75042
1.04860000000000 0.74675
1.05105000000000 0.74307
1.05350000000000 0.73940
1.05595000000000 0.73572
1.05840000000000 0.73205
1.06085000000000 0.72836
1.06330000000000 0.72468
1.06575000000000 0.72100
1.06820000000000 0.71731
1.07065000000000 0.71362
1.07310000000000 0.70993
1.07555000000000 0.70624
1.07800000000000 0.70254
1.08045000000000 0.69885
1.08290000000000 0.69515
1.08535000000000 0.69145
1.08780000000000 0.68775
1.09025000000000 0.68404
1.09270000000000 0.68034
1.09515000000000 0.67663
1.09760000000000 0.67292
1.10005000000000 0.66920
1.10250000000000 0.66549
1.10495000000000 0.66177
1.10740000000000 0.65806
1.10985000000000 0.65434
1.11230000000000 0.65061
1.11475000000000 0.64689
1.11720000000000 0.64316
1.11965000000000 0.63943
1.12210000000000 0.63570
1.12455000000000 0.63197
1.12700000000000 0.62824
1.12945000000000 0.62450
1.13190000000000 0.62076
1.13435000000000 0.61702
1.13680000000000 0.61328
1.13925000000000 0.60953
1.14170000000000 0.60579
1.14415000000000 0.60204
1.14660000000000 0.59829
1.14905000000000 0.59454
1.15150000000000 0.59078
1.15395000000000 0.58702
1.15640000000000 0.58327
1.15885000000000 0.57951
1.16130000000000 0.57574
1.16375000000000 0.57198
1.16620000000000 0.56821
1.16865000000000 0.56445
1.17110000000000 0.56068
1.17355000000000 0.55690
1.17600000000000 0.55313
1.17845000000000 0.54935
1.18090000000000 0.54558
1.18335000000000 0.54180
1.18580000000000 0.53801
1.18825000000000 0.53423
1.19070000000000 0.53044
1.19315000000000 0.52666
1.19560000000000 0.52287
1.19805000000000 0.51907
1.20050000000000 0.51528
1.20295000000000 0.51148
1.20540000000000 0.50769
1.20785000000000 0.50389
1.21030000000000 0.50009
1.21275000000000 0.49628
1.21520000000000 0.49248
1.21765000000000 0.48867
1.22010000000000 0.48486
1.22255000000000 0.48105
1.22500000000000 0.47724
1.22745000000000 0.47343
1.22990000000000 0.46961
1.23235000000000 0.46579
1.23480000000000 0.46197
1.23725000000000 0.45815
1.23970000000000 0.45433
1.24215000000000 0.45050
1.24460000000000 0.44668
1.24705000000000 0.44285
1.24950000000000 0.43902
1.25195000000000 0.43519
1.25440000000000 0.43135
1.25685000000000 0.42752
1.25930000000000 0.42368
1.26175000000000 0.41984
1.26420000000000 0.41600
1.26665000000000 0.41216
1.26910000000000 0.40831
1.27155000000000 0.40447
1.27400000000000 0.40062
1.27645000000000 0.39677
1.27890000000000 0.39292
1.28135000000000 0.38907
1.28380000000000 0.38521
1.28625000000000 0.38136
1.28870000000000 0.37750
1.29115000000000 0.37364
1.29360000000000 0.36978
1.29605000000000 0.36592
1.29850000000000 0.36205
1.30095000000000 0.35819
1.30340000000000 0.35432
1.30585000000000 0.35045
1.30830000000000 0.34658
1.31075000000000 0.34271
1.31320000000000 0.33884
1.31565000000000 0.33496
1.31810000000000 0.33109
1.32055000000000 0.32721
1.32300000000000 0.32333
1.32545000000000 0.31945
1.32790000000000 0.31557
1.33035000000000 0.31169
1.33280000000000 0.30780
1.33525000000000 0.30392
1.33770000000000 0.30003
1.34015000000000 0.29614
1.34260000000000 0.29225
1.34505000000000 0.28836
1.34750000000000 0.28447
1.34995000000000 0.28057
1.35240000000000 0.27668
1.35485000000000 0.27278
1.35730000000000 0.26888
1.35975000000000 0.26498
1.36220000000000 0.26108
1.36465000000000 0.25718
1.36710000000000 0.25328
1.36955000000000 0.24937
1.37200000000000 0.24547
1.37445000000000 0.24156
1.37690000000000 0.23766
1.37935000000000 0.23375
1.38180000000000 0.22984
1.38425000000000 0.22593
1.38670000000000 0.22202
1.38915000000000 0.21810
1.39160000000000 0.21419
1.39405000000000 0.21027
1.39650000000000 0.20636
1.39895000000000 0.20244
1.40140000000000 0.19852
1.40385000000000 0.19461
1.40630000000000 0.19069
1.40875000000000 0.18677
1.41120000000000 0.18284
1.41365000000000 0.17892
1.41610000000000 0.17500
1.41855000000000 0.17107
1.42100000000000 0.16715
1.42345000000000 0.16322
1.42590000000000 0.15930
1.42835000000000 0.15537
1.43080000000000 0.15144
1.43325000000000 0.14751
1.43570000000000 0.14358
1.43815000000000 0.13965
1.44060000000000 0.13572
1.44305000000000 0.13179
1.44550000000000 0.12786
1.44795000000000 0.12393
1.45040000000000 0.11999
1.45285000000000 0.11606
1.45530000000000 0.11212
1.45775000000000 0.10819
1.46020000000000 0.10425
1.46265000000000 0.10032
1.46510000000000 0.096380
1.46755000000000 0.092443
1.47000000000000 0.088505
1.47245000000000 0.084567
1.47490000000000 0.080628
1.47735000000000 0.076689
1.47980000000000 0.072750
1.48225000000000 0.068810
1.48470000000000 0.064870
1.48715000000000 0.060930
1.48960000000000 0.056989
1.49205000000000 0.053048
1.49450000000000 0.049107
1.49695000000000 0.045165
1.49940000000000 0.041224
1.50185000000000 0.037282
1.50430000000000 0.033340
1.50675000000000 0.029397
1.50920000000000 0.025455
1.51165000000000 0.021512
1.51410000000000 0.017570
1.51655000000000 0.013627
1.51900000000000 0.0096842
1.52145000000000 0.0057413
1.52390000000000 0.0017984
1.52635000000000 -0.0021445
1.52880000000000 -0.0060873
1.53125000000000 -0.010030
1.53370000000000 -0.013973
1.53615000000000 -0.017916
1.53860000000000 -0.021858
1.54105000000000 -0.025801
1.54350000000000 -0.029743
1.54595000000000 -0.033686
1.54840000000000 -0.037628
1.55085000000000 -0.041570
1.55330000000000 -0.045511
1.55575000000000 -0.049453
1.55820000000000 -0.053394
1.56065000000000 -0.057335
1.56310000000000 -0.061276
1.56555000000000 -0.065216
1.56800000000000 -0.069156
1.57045000000000 -0.073096
1.57290000000000 -0.077035
1.57535000000000 -0.080974
1.57780000000000 -0.084912
1.58025000000000 -0.088850
1.58270000000000 -0.092788
1.58515000000000 -0.096725
1.58760000000000 -0.10066
1.59005000000000 -0.10460
1.59250000000000 -0.10853
1.59495000000000 -0.11247
1.59740000000000 -0.11640
1.59985000000000 -0.12034
1.60230000000000 -0.12427
1.60475000000000 -0.12820
1.60720000000000 -0.13214
1.60965000000000 -0.13607
1.61210000000000 -0.14000
1.61455000000000 -0.14393
1.61700000000000 -0.14786
1.61945000000000 -0.15179
1.62190000000000 -0.15571
1.62435000000000 -0.15964
1.62680000000000 -0.16357
1.62925000000000 -0.16749
1.63170000000000 -0.17142
1.63415000000000 -0.17534
1.63660000000000 -0.17927
1.63905000000000 -0.18319
1.64150000000000 -0.18711
1.64395000000000 -0.19103
1.64640000000000 -0.19495
1.64885000000000 -0.19887
1.65130000000000 -0.20279
1.65375000000000 -0.20670
1.65620000000000 -0.21062
1.65865000000000 -0.21453
1.66110000000000 -0.21845
1.66355000000000 -0.22236
1.66600000000000 -0.22627
1.66845000000000 -0.23018
1.67090000000000 -0.23409
1.67335000000000 -0.23800
1.67580000000000 -0.24191
1.67825000000000 -0.24581
1.68070000000000 -0.24972
1.68315000000000 -0.25362
1.68560000000000 -0.25752
1.68805000000000 -0.26143
1.69050000000000 -0.26533
1.69295000000000 -0.26922
1.69540000000000 -0.27312
1.69785000000000 -0.27702
1.70030000000000 -0.28091
1.70275000000000 -0.28481
1.70520000000000 -0.28870
1.70765000000000 -0.29259
1.71010000000000 -0.29648
1.71255000000000 -0.30037
1.71500000000000 -0.30426
1.71745000000000 -0.30814
1.71990000000000 -0.31203
1.72235000000000 -0.31591
1.72480000000000 -0.31979
1.72725000000000 -0.32367
1.72970000000000 -0.32755
1.73215000000000 -0.33143
1.73460000000000 -0.33530
1.73705000000000 -0.33918
1.73950000000000 -0.34305
1.74195000000000 -0.34692
1.74440000000000 -0.35079
1.74685000000000 -0.35466
1.74930000000000 -0.35853
1.75175000000000 -0.36239
1.75420000000000 -0.36625
1.75665000000000 -0.37012
1.75910000000000 -0.37398
1.76155000000000 -0.37783
1.76400000000000 -0.38169
1.76645000000000 -0.38555
1.76890000000000 -0.38940
1.77135000000000 -0.39325
1.77380000000000 -0.39710
1.77625000000000 -0.40095
1.77870000000000 -0.40480
1.78115000000000 -0.40865
1.78360000000000 -0.41249
1.78605000000000 -0.41633
1.78850000000000 -0.42017
1.79095000000000 -0.42401
1.79340000000000 -0.42785
1.79585000000000 -0.43168
1.79830000000000 -0.43552
1.80075000000000 -0.43935
1.80320000000000 -0.44318
1.80565000000000 -0.44701
1.80810000000000 -0.45083
1.81055000000000 -0.45466
1.81300000000000 -0.45848
1.81545000000000 -0.46230
1.81790000000000 -0.46612
1.82035000000000 -0.46994
1.82280000000000 -0.47375
1.82525000000000 -0.47757
1.82770000000000 -0.48138
1.83015000000000 -0.48519
1.83260000000000 -0.48900
1.83505000000000 -0.49280
1.83750000000000 -0.49661
1.83995000000000 -0.50041
1.84240000000000 -0.50421
1.84485000000000 -0.50801
1.84730000000000 -0.51180
1.84975000000000 -0.51560
1.85220000000000 -0.51939
1.85465000000000 -0.52318
1.85710000000000 -0.52697
1.85955000000000 -0.53076
1.86200000000000 -0.53454
1.86445000000000 -0.53833
1.86690000000000 -0.54211
1.86935000000000 -0.54589
1.87180000000000 -0.54967
1.87425000000000 -0.55344
1.87670000000000 -0.55721
1.87915000000000 -0.56099
1.88160000000000 -0.56476
1.88405000000000 -0.56852
1.88650000000000 -0.57229
1.88895000000000 -0.57605
1.89140000000000 -0.57982
1.89385000000000 -0.58358
1.89630000000000 -0.58733
1.89875000000000 -0.59109
1.90120000000000 -0.59484
1.90365000000000 -0.59859
1.90610000000000 -0.60234
1.90855000000000 -0.60609
1.91100000000000 -0.60984
1.91345000000000 -0.61358
1.91590000000000 -0.61732
1.91835000000000 -0.62106
1.92080000000000 -0.62480
1.92325000000000 -0.62854
1.92570000000000 -0.63227
1.92815000000000 -0.63600
1.93060000000000 -0.63973
1.93305000000000 -0.64346
1.93550000000000 -0.64719
1.93795000000000 -0.65091
1.94040000000000 -0.65463
1.94285000000000 -0.65835
1.94530000000000 -0.66207
1.94775000000000 -0.66578
1.95020000000000 -0.66950
1.95265000000000 -0.67321
1.95510000000000 -0.67692
1.95755000000000 -0.68063
1.96000000000000 -0.68433
1.96245000000000 -0.68804
1.96490000000000 -0.69174
1.96735000000000 -0.69544
1.96980000000000 -0.69913
1.97225000000000 -0.70283
1.97470000000000 -0.70652
1.97715000000000 -0.71022
1.97960000000000 -0.71391
1.98205000000000 -0.71759
1.98450000000000 -0.72128
1.98695000000000 -0.72496
1.98940000000000 -0.72864
1.99185000000000 -0.73232
1.99430000000000 -0.73600
1.99675000000000 -0.73968
1.99920000000000 -0.74335
2.00165000000000 -0.74702
2.00410000000000 -0.75069
2.00655000000000 -0.75436
2.00900000000000 -0.75803
2.01145000000000 -0.76169
2.01390000000000 -0.76535
2.01635000000000 -0.76901
2.01880000000000 -0.77267
2.02125000000000 -0.77633
2.02370000000000 -0.77998
2.02615000000000 -0.78363
2.02860000000000 -0.78728
2.03105000000000 -0.79093
2.03350000000000 -0.79458
2.03595000000000 -0.79822
2.03840000000000 -0.80187
2.04085000000000 -0.80551
2.04330000000000 -0.80915
2.04575000000000 -0.81279
2.04820000000000 -0.81642
2.05065000000000 -0.82005
2.05310000000000 -0.82369
2.05555000000000 -0.82732
2.05800000000000 -0.83094
2.06045000000000 -0.83457
2.06290000000000 -0.83819
2.06535000000000 -0.84181
2.06780000000000 -0.84544
2.07025000000000 -0.84905
2.07270000000000 -0.85267
2.07515000000000 -0.85628
2.07760000000000 -0.85990
2.08005000000000 -0.86351
2.08250000000000 -0.86712
2.08495000000000 -0.87072
2.08740000000000 -0.87433
2.08985000000000 -0.87793
2.09230000000000 -0.88153
2.09475000000000 -0.88513
2.09720000000000 -0.88873
2.09965000000000 -0.89233
2.10210000000000 -0.89592
2.10455000000000 -0.89952
2.10700000000000 -0.90311
2.10945000000000 -0.90670
2.11190000000000 -0.91029
2.11435000000000 -0.91387
2.11680000000000 -0.91746
2.11925000000000 -0.92104
2.12170000000000 -0.92462
2.12415000000000 -0.92820
2.12660000000000 -0.93178
2.12905000000000 -0.93535
2.13150000000000 -0.93893
2.13395000000000 -0.94250
2.13640000000000 -0.94607
2.13885000000000 -0.94964
2.14130000000000 -0.95321
2.14375000000000 -0.95677
2.14620000000000 -0.96034
2.14865000000000 -0.96390
2.15110000000000 -0.96746
2.15355000000000 -0.97102
2.15600000000000 -0.97458
2.15845000000000 -0.97814
2.16090000000000 -0.98169
2.16335000000000 -0.98524
2.16580000000000 -0.98880
2.16825000000000 -0.99235
2.17070000000000 -0.99590
2.17315000000000 -0.99944
2.17560000000000 -1.0030
2.17805000000000 -1.0065
2.18050000000000 -1.0101
2.18295000000000 -1.0136
2.18540000000000 -1.0172
2.18785000000000 -1.0207
2.19030000000000 -1.0242
2.19275000000000 -1.0278
2.19520000000000 -1.0313
2.19765000000000 -1.0348
2.20010000000000 -1.0384
2.20255000000000 -1.0419
2.20500000000000 -1.0454
2.20745000000000 -1.0490
2.20990000000000 -1.0525
2.21235000000000 -1.0560
2.21480000000000 -1.0595
2.21725000000000 -1.0630
2.21970000000000 -1.0666
2.22215000000000 -1.0701
2.22460000000000 -1.0736
2.22705000000000 -1.0771
2.22950000000000 -1.0806
2.23195000000000 -1.0841
2.23440000000000 -1.0877
2.23685000000000 -1.0912
2.23930000000000 -1.0947
2.24175000000000 -1.0982
2.24420000000000 -1.1017
2.24665000000000 -1.1052
2.24910000000000 -1.1087
2.25155000000000 -1.1122
2.25400000000000 -1.1157
2.25645000000000 -1.1192
2.25890000000000 -1.1227
2.26135000000000 -1.1262
2.26380000000000 -1.1297
2.26625000000000 -1.1332
2.26870000000000 -1.1367
2.27115000000000 -1.1402
2.27360000000000 -1.1437
2.27605000000000 -1.1472
2.27850000000000 -1.1507
2.28095000000000 -1.1542
2.28340000000000 -1.1577
2.28585000000000 -1.1612
2.28830000000000 -1.1646
2.29075000000000 -1.1681
2.29320000000000 -1.1716
2.29565000000000 -1.1751
2.29810000000000 -1.1786
2.30055000000000 -1.1821
2.30300000000000 -1.1856
2.30545000000000 -1.1890
2.30790000000000 -1.1925
2.31035000000000 -1.1960
2.31280000000000 -1.1995
2.31525000000000 -1.2030
2.31770000000000 -1.2064
2.32015000000000 -1.2099
2.32260000000000 -1.2134
2.32505000000000 -1.2169
2.32750000000000 -1.2203
2.32995000000000 -1.2238
2.33240000000000 -1.2273
2.33485000000000 -1.2307
2.33730000000000 -1.2342
2.33975000000000 -1.2377
2.34220000000000 -1.2412
2.34465000000000 -1.2446
2.34710000000000 -1.2481
2.34955000000000 -1.2516
2.35200000000000 -1.2550
2.35445000000000 -1.2585
2.35690000000000 -1.2620
2.35935000000000 -1.2654
2.36180000000000 -1.2689
2.36425000000000 -1.2723
2.36670000000000 -1.2758
2.36915000000000 -1.2793
2.37160000000000 -1.2827
2.37405000000000 -1.2862
2.37650000000000 -1.2897
2.37895000000000 -1.2931
2.38140000000000 -1.2966
2.38385000000000 -1.3000
2.38630000000000 -1.3035
2.38875000000000 -1.3070
2.39120000000000 -1.3104
2.39365000000000 -1.3139
2.39610000000000 -1.3173
2.39855000000000 -1.3208
2.40100000000000 -1.3242
2.40345000000000 -1.3277
2.40590000000000 -1.3311
2.40835000000000 -1.3346
2.41080000000000 -1.3381
2.41325000000000 -1.3415
2.41570000000000 -1.3450
2.41815000000000 -1.3484
2.42060000000000 -1.3519
2.42305000000000 -1.3553
2.42550000000000 -1.3588
2.42795000000000 -1.3622
2.43040000000000 -1.3657
2.43285000000000 -1.3691
2.43530000000000 -1.3726
2.43775000000000 -1.3760
2.44020000000000 -1.3795
2.44265000000000 -1.3829
2.44510000000000 -1.3864
2.44755000000000 -1.3898
2.45000000000000 -1.3933
2.45245000000000 -1.3967
2.45490000000000 -1.4002
2.45735000000000 -1.4036
2.45980000000000 -1.4071
2.46225000000000 -1.4105
2.46470000000000 -1.4140
2.46715000000000 -1.4174
2.46960000000000 -1.4209
2.47205000000000 -1.4243
2.47450000000000 -1.4278
2.47695000000000 -1.4312
2.47940000000000 -1.4347
2.48185000000000 -1.4381
2.48430000000000 -1.4416
2.48675000000000 -1.4450
2.48920000000000 -1.4485
2.49165000000000 -1.4519
2.49410000000000 -1.4554
2.49655000000000 -1.4588
2.49900000000000 -1.4623
2.50145000000000 -1.4657
2.50390000000000 -1.4692
2.50635000000000 -1.4726
2.50880000000000 -1.4761
2.51125000000000 -1.4796
2.51370000000000 -1.4830
2.51615000000000 -1.4865
2.51860000000000 -1.4899
2.52105000000000 -1.4934
2.52350000000000 -1.4968
2.52595000000000 -1.5003
2.52840000000000 -1.5037
2.53085000000000 -1.5072
2.53330000000000 -1.5106
2.53575000000000 -1.5141
2.53820000000000 -1.5175
2.54065000000000 -1.5210
2.54310000000000 -1.5244
2.54555000000000 -1.5279
2.54800000000000 -1.5314
2.55045000000000 -1.5348
2.55290000000000 -1.5383
2.55535000000000 -1.5417
2.55780000000000 -1.5452
2.56025000000000 -1.5486
2.56270000000000 -1.5521
2.56515000000000 -1.5556
2.56760000000000 -1.5590
2.57005000000000 -1.5625
2.57250000000000 -1.5659
2.57495000000000 -1.5694
2.57740000000000 -1.5729
2.57985000000000 -1.5763
2.58230000000000 -1.5798
2.58475000000000 -1.5832
2.58720000000000 -1.5867
2.58965000000000 -1.5902
2.59210000000000 -1.5936
2.59455000000000 -1.5971
2.59700000000000 -1.6006
2.59945000000000 -1.6040
2.60190000000000 -1.6075
2.60435000000000 -1.6110
2.60680000000000 -1.6144
2.60925000000000 -1.6179
2.61170000000000 -1.6214
2.61415000000000 -1.6248
2.61660000000000 -1.6283
2.61905000000000 -1.6318
2.62150000000000 -1.6353
2.62395000000000 -1.6387
2.62640000000000 -1.6422
2.62885000000000 -1.6457
2.63130000000000 -1.6491
2.63375000000000 -1.6526
2.63620000000000 -1.6561
2.63865000000000 -1.6596
2.64110000000000 -1.6630
2.64355000000000 -1.6665
2.64600000000000 -1.6700
2.64845000000000 -1.6735
2.65090000000000 -1.6770
2.65335000000000 -1.6804
2.65580000000000 -1.6839
2.65825000000000 -1.6874
2.66070000000000 -1.6909
2.66315000000000 -1.6944
2.66560000000000 -1.6978
2.66805000000000 -1.7013
2.67050000000000 -1.7048
2.67295000000000 -1.7083
2.67540000000000 -1.7118
2.67785000000000 -1.7153
2.68030000000000 -1.7187
2.68275000000000 -1.7222
2.68520000000000 -1.7257
2.68765000000000 -1.7292
2.69010000000000 -1.7327
2.69255000000000 -1.7362
2.69500000000000 -1.7397
2.69745000000000 -1.7431
2.69990000000000 -1.7466
2.70235000000000 -1.7501
2.70480000000000 -1.7536
2.70725000000000 -1.7571
2.70970000000000 -1.7606
2.71215000000000 -1.7641
2.71460000000000 -1.7676
2.71705000000000 -1.7711
2.71950000000000 -1.7746
2.72195000000000 -1.7780
2.72440000000000 -1.7815
2.72685000000000 -1.7850
2.72930000000000 -1.7885
2.73175000000000 -1.7920
2.73420000000000 -1.7955
2.73665000000000 -1.7990
2.73910000000000 -1.8025
2.74155000000000 -1.8060
2.74400000000000 -1.8095
2.74645000000000 -1.8129
2.74890000000000 -1.8164
2.75135000000000 -1.8199
2.75380000000000 -1.8234
2.75625000000000 -1.8269
2.75870000000000 -1.8304
2.76115000000000 -1.8339
2.76360000000000 -1.8374
2.76605000000000 -1.8408
2.76850000000000 -1.8443
2.77095000000000 -1.8478
2.77340000000000 -1.8513
2.77585000000000 -1.8548
2.77830000000000 -1.8583
2.78075000000000 -1.8617
2.78320000000000 -1.8652
2.78565000000000 -1.8687
2.78810000000000 -1.8722
2.79055000000000 -1.8756
2.79300000000000 -1.8791
2.79545000000000 -1.8826
2.79790000000000 -1.8860
2.80035000000000 -1.8895
2.80280000000000 -1.8930
2.80525000000000 -1.8964
2.80770000000000 -1.8999
2.81015000000000 -1.9033
2.81260000000000 -1.9068
2.81505000000000 -1.9102
2.81750000000000 -1.9137
2.81995000000000 -1.9171
2.82240000000000 -1.9206
2.82485000000000 -1.9240
2.82730000000000 -1.9274
2.82975000000000 -1.9308
2.83220000000000 -1.9343
2.83465000000000 -1.9377
2.83710000000000 -1.9411
2.83955000000000 -1.9445
2.84200000000000 -1.9479
2.84445000000000 -1.9513
2.84690000000000 -1.9547
2.84935000000000 -1.9581
2.85180000000000 -1.9614
2.85425000000000 -1.9648
2.85670000000000 -1.9682
2.85915000000000 -1.9715
2.86160000000000 -1.9749
2.86405000000000 -1.9782
2.86650000000000 -1.9815
2.86895000000000 -1.9849
2.87140000000000 -1.9882
2.87385000000000 -1.9915
2.87630000000000 -1.9948
2.87875000000000 -1.9980
2.88120000000000 -2.0013
2.88365000000000 -2.0046
2.88610000000000 -2.0078
2.88855000000000 -2.0111
2.89100000000000 -2.0143
2.89345000000000 -2.0175
2.89590000000000 -2.0207
2.89835000000000 -2.0239
2.90080000000000 -2.0270
2.90325000000000 -2.0302
2.90570000000000 -2.0333
2.90815000000000 -2.0364
2.91060000000000 -2.0395
2.91305000000000 -2.0426
2.91550000000000 -2.0457
2.91795000000000 -2.0487
2.92040000000000 -2.0517
2.92285000000000 -2.0547
2.92530000000000 -2.0577
2.92775000000000 -2.0606
2.93020000000000 -2.0636
2.93265000000000 -2.0665
2.93510000000000 -2.0693
2.93755000000000 -2.0722
2.94000000000000 -2.0750
2.94245000000000 -2.0778
2.94490000000000 -2.0806
2.94735000000000 -2.0833
2.94980000000000 -2.0860
2.95225000000000 -2.0887
2.95470000000000 -2.0913
2.95715000000000 -2.0939
2.95960000000000 -2.0965
2.96205000000000 -2.0990
2.96450000000000 -2.1015
2.96695000000000 -2.1039
2.96940000000000 -2.1063
2.97185000000000 -2.1087
2.97430000000000 -2.1110
2.97675000000000 -2.1132
2.97920000000000 -2.1154
2.98165000000000 -2.1176
2.98410000000000 -2.1197
2.98655000000000 -2.1218
2.98900000000000 -2.1238
2.99145000000000 -2.1258
2.99390000000000 -2.1277
2.99635000000000 -2.1295
2.99880000000000 -2.1313
3.00125000000000 -2.1330
3.00370000000000 -2.1347
3.00615000000000 -2.1363
3.00860000000000 -2.1378
3.01105000000000 -2.1393
3.01350000000000 -2.1407
3.01595000000000 -2.1420
3.01840000000000 -2.1433
3.02085000000000 -2.1444
3.02330000000000 -2.1456
3.02575000000000 -2.1466
3.02820000000000 -2.1476
3.03065000000000 -2.1485
3.03310000000000 -2.1493
3.03555000000000 -2.1500
3.03800000000000 -2.1507
3.04045000000000 -2.1512
3.04290000000000 -2.1517
3.04535000000000 -2.1521
3.04780000000000 -2.1525
3.05025000000000 -2.1527
3.05270000000000 -2.1529
3.05515000000000 -2.1530
3.05760000000000 -2.1530
3.06005000000000 -2.1529
3.06250000000000 -2.1528
3.06495000000000 -2.1525
3.06740000000000 -2.1522
3.06985000000000 -2.1518
3.07230000000000 -2.1513
3.07475000000000 -2.1507
3.07720000000000 -2.1501
3.07965000000000 -2.1494
3.08210000000000 -2.1486
3.08455000000000 -2.1477
3.08700000000000 -2.1467
3.08945000000000 -2.1457
3.09190000000000 -2.1446
3.09435000000000 -2.1434
3.09680000000000 -2.1421
3.09925000000000 -2.1408
3.10170000000000 -2.1394
3.10415000000000 -2.1380
3.10660000000000 -2.1364
3.10905000000000 -2.1348
3.11150000000000 -2.1332
3.11395000000000 -2.1315
3.11640000000000 -2.1297
3.11885000000000 -2.1278
3.12130000000000 -2.1259
3.12375000000000 -2.1240
3.12620000000000 -2.1219
3.12865000000000 -2.1199
3.13110000000000 -2.1178
3.13355000000000 -2.1156
3.13600000000000 -2.1134
3.13845000000000 -2.1111
3.14090000000000 -2.1088
3.14335000000000 -2.1064
3.14580000000000 -2.1040
3.14825000000000 -2.1016
3.15070000000000 -2.0991
3.15315000000000 -2.0965
3.15560000000000 -2.0940
3.15805000000000 -2.0914
3.16050000000000 -2.0887
3.16295000000000 -2.0860
3.16540000000000 -2.0833
3.16785000000000 -2.0806
3.17030000000000 -2.0778
3.17275000000000 -2.0750
3.17520000000000 -2.0722
3.17765000000000 -2.0693
3.18010000000000 -2.0664
3.18255000000000 -2.0635
3.18500000000000 -2.0606
3.18745000000000 -2.0576
3.18990000000000 -2.0546
3.19235000000000 -2.0516
3.19480000000000 -2.0486
3.19725000000000 -2.0455
3.19970000000000 -2.0425
3.20215000000000 -2.0394
3.20460000000000 -2.0363
3.20705000000000 -2.0331
3.20950000000000 -2.0300
3.21195000000000 -2.0268
3.21440000000000 -2.0237
3.21685000000000 -2.0205
3.21930000000000 -2.0173
3.22175000000000 -2.0140
3.22420000000000 -2.0108
3.22665000000000 -2.0076
3.22910000000000 -2.0043
3.23155000000000 -2.0010
3.23400000000000 -1.9977
3.23645000000000 -1.9944
3.23890000000000 -1.9911
3.24135000000000 -1.9878
3.24380000000000 -1.9845
3.24625000000000 -1.9812
3.24870000000000 -1.9778
3.25115000000000 -1.9745
3.25360000000000 -1.9711
3.25605000000000 -1.9678
3.25850000000000 -1.9644
3.26095000000000 -1.9610
3.26340000000000 -1.9576
3.26585000000000 -1.9542
3.26830000000000 -1.9508
3.27075000000000 -1.9474
3.27320000000000 -1.9440
3.27565000000000 -1.9406
3.27810000000000 -1.9372
3.28055000000000 -1.9338
3.28300000000000 -1.9303
3.28545000000000 -1.9269
3.28790000000000 -1.9234
3.29035000000000 -1.9200
3.29280000000000 -1.9166
3.29525000000000 -1.9131
3.29770000000000 -1.9097
3.30015000000000 -1.9062
3.30260000000000 -1.9027
3.30505000000000 -1.8993
3.30750000000000 -1.8958
3.30995000000000 -1.8923
3.31240000000000 -1.8889
3.31485000000000 -1.8854
3.31730000000000 -1.8819
3.31975000000000 -1.8785
3.32220000000000 -1.8750
3.32465000000000 -1.8715
3.32710000000000 -1.8680
3.32955000000000 -1.8645
3.33200000000000 -1.8611
3.33445000000000 -1.8576
3.33690000000000 -1.8541
3.33935000000000 -1.8506
3.34180000000000 -1.8471
3.34425000000000 -1.8436
3.34670000000000 -1.8401
3.34915000000000 -1.8366
3.35160000000000 -1.8331
3.35405000000000 -1.8296
3.35650000000000 -1.8262
3.35895000000000 -1.8227
3.36140000000000 -1.8192
3.36385000000000 -1.8157
3.36630000000000 -1.8122
3.36875000000000 -1.8087
3.37120000000000 -1.8052
3.37365000000000 -1.8017
3.37610000000000 -1.7982
3.37855000000000 -1.7947
3.38100000000000 -1.7912
3.38345000000000 -1.7877
3.38590000000000 -1.7842
3.38835000000000 -1.7807
3.39080000000000 -1.7772
3.39325000000000 -1.7737
3.39570000000000 -1.7702
3.39815000000000 -1.7667
3.40060000000000 -1.7632
3.40305000000000 -1.7598
3.40550000000000 -1.7563
3.40795000000000 -1.7528
3.41040000000000 -1.7493
3.41285000000000 -1.7458
3.41530000000000 -1.7423
3.41775000000000 -1.7388
3.42020000000000 -1.7353
3.42265000000000 -1.7318
3.42510000000000 -1.7283
3.42755000000000 -1.7248
3.43000000000000 -1.7214
3.43245000000000 -1.7179
3.43490000000000 -1.7144
3.43735000000000 -1.7109
3.43980000000000 -1.7074
3.44225000000000 -1.7039
3.44470000000000 -1.7004
3.44715000000000 -1.6969
3.44960000000000 -1.6935
3.45205000000000 -1.6900
3.45450000000000 -1.6865
3.45695000000000 -1.6830
3.45940000000000 -1.6795
3.46185000000000 -1.6761
3.46430000000000 -1.6726
3.46675000000000 -1.6691
3.46920000000000 -1.6656
3.47165000000000 -1.6621
3.47410000000000 -1.6587
3.47655000000000 -1.6552
3.47900000000000 -1.6517
3.48145000000000 -1.6482
3.48390000000000 -1.6448
3.48635000000000 -1.6413
3.48880000000000 -1.6378
3.49125000000000 -1.6343
3.49370000000000 -1.6309
3.49615000000000 -1.6274
3.49860000000000 -1.6239
3.50105000000000 -1.6205
3.50350000000000 -1.6170
3.50595000000000 -1.6135
3.50840000000000 -1.6101
3.51085000000000 -1.6066
3.51330000000000 -1.6031
3.51575000000000 -1.5997
3.51820000000000 -1.5962
3.52065000000000 -1.5927
3.52310000000000 -1.5893
3.52555000000000 -1.5858
3.52800000000000 -1.5823
3.53045000000000 -1.5789
3.53290000000000 -1.5754
3.53535000000000 -1.5720
3.53780000000000 -1.5685
3.54025000000000 -1.5650
3.54270000000000 -1.5616
3.54515000000000 -1.5581
3.54760000000000 -1.5547
3.55005000000000 -1.5512
3.55250000000000 -1.5477
3.55495000000000 -1.5443
3.55740000000000 -1.5408
3.55985000000000 -1.5374
3.56230000000000 -1.5339
3.56475000000000 -1.5305
3.56720000000000 -1.5270
3.56965000000000 -1.5235
3.57210000000000 -1.5201
3.57455000000000 -1.5166
3.57700000000000 -1.5132
3.57945000000000 -1.5097
3.58190000000000 -1.5063
3.58435000000000 -1.5028
3.58680000000000 -1.4994
3.58925000000000 -1.4959
3.59170000000000 -1.4925
3.59415000000000 -1.4890
3.59660000000000 -1.4856
3.59905000000000 -1.4821
3.60150000000000 -1.4787
3.60395000000000 -1.4752
3.60640000000000 -1.4718
3.60885000000000 -1.4683
3.61130000000000 -1.4649
3.61375000000000 -1.4614
3.61620000000000 -1.4580
3.61865000000000 -1.4545
3.62110000000000 -1.4511
3.62355000000000 -1.4476
3.62600000000000 -1.4442
3.62845000000000 -1.4407
3.63090000000000 -1.4373
3.63335000000000 -1.4338
3.63580000000000 -1.4304
3.63825000000000 -1.4269
3.64070000000000 -1.4235
3.64315000000000 -1.4200
3.64560000000000 -1.4166
3.64805000000000 -1.4132
3.65050000000000 -1.4097
3.65295000000000 -1.4063
3.65540000000000 -1.4028
3.65785000000000 -1.3994
3.66030000000000 -1.3959
3.66275000000000 -1.3925
3.66520000000000 -1.3890
3.66765000000000 -1.3856
3.67010000000000 -1.3821
3.67255000000000 -1.3787
3.67500000000000 -1.3752
3.67745000000000 -1.3718
3.67990000000000 -1.3683
3.68235000000000 -1.3649
3.68480000000000 -1.3614
3.68725000000000 -1.3580
3.68970000000000 -1.3545
3.69215000000000 -1.3511
3.69460000000000 -1.3476
3.69705000000000 -1.3442
3.69950000000000 -1.3407
3.70195000000000 -1.3373
3.70440000000000 -1.3338
3.70685000000000 -1.3304
3.70930000000000 -1.3269
3.71175000000000 -1.3235
3.71420000000000 -1.3200
3.71665000000000 -1.3166
3.71910000000000 -1.3131
3.72155000000000 -1.3097
3.72400000000000 -1.3062
3.72645000000000 -1.3028
3.72890000000000 -1.2993
3.73135000000000 -1.2959
3.73380000000000 -1.2924
3.73625000000000 -1.2889
3.73870000000000 -1.2855
3.74115000000000 -1.2820
3.74360000000000 -1.2786
3.74605000000000 -1.2751
3.74850000000000 -1.2717
3.75095000000000 -1.2682
3.75340000000000 -1.2647
3.75585000000000 -1.2613
3.75830000000000 -1.2578
3.76075000000000 -1.2544
3.76320000000000 -1.2509
3.76565000000000 -1.2474
3.76810000000000 -1.2440
3.77055000000000 -1.2405
3.77300000000000 -1.2370
3.77545000000000 -1.2336
3.77790000000000 -1.2301
3.78035000000000 -1.2267
3.78280000000000 -1.2232
3.78525000000000 -1.2197
3.78770000000000 -1.2162
3.79015000000000 -1.2128
3.79260000000000 -1.2093
3.79505000000000 -1.2058
3.79750000000000 -1.2024
3.79995000000000 -1.1989
3.80240000000000 -1.1954
3.80485000000000 -1.1919
3.80730000000000 -1.1885
3.80975000000000 -1.1850
3.81220000000000 -1.1815
3.81465000000000 -1.1780
3.81710000000000 -1.1746
3.81955000000000 -1.1711
3.82200000000000 -1.1676
3.82445000000000 -1.1641
3.82690000000000 -1.1606
3.82935000000000 -1.1572
3.83180000000000 -1.1537
3.83425000000000 -1.1502
3.83670000000000 -1.1467
3.83915000000000 -1.1432
3.84160000000000 -1.1397
3.84405000000000 -1.1362
3.84650000000000 -1.1327
3.84895000000000 -1.1292
3.85140000000000 -1.1258
3.85385000000000 -1.1223
3.85630000000000 -1.1188
3.85875000000000 -1.1153
3.86120000000000 -1.1118
3.86365000000000 -1.1083
3.86610000000000 -1.1048
3.86855000000000 -1.1013
3.87100000000000 -1.0978
3.87345000000000 -1.0943
3.87590000000000 -1.0908
3.87835000000000 -1.0873
3.88080000000000 -1.0838
3.88325000000000 -1.0803
3.88570000000000 -1.0767
3.88815000000000 -1.0732
3.89060000000000 -1.0697
3.89305000000000 -1.0662
3.89550000000000 -1.0627
3.89795000000000 -1.0592
3.90040000000000 -1.0557
3.90285000000000 -1.0521
3.90530000000000 -1.0486
3.90775000000000 -1.0451
3.91020000000000 -1.0416
3.91265000000000 -1.0381
3.91510000000000 -1.0345
3.91755000000000 -1.0310
3.92000000000000 -1.0275
3.92245000000000 -1.0240
3.92490000000000 -1.0204
3.92735000000000 -1.0169
3.92980000000000 -1.0134
3.93225000000000 -1.0098
3.93470000000000 -1.0063
3.93715000000000 -1.0028
3.93960000000000 -0.99922
3.94205000000000 -0.99568
3.94450000000000 -0.99214
3.94695000000000 -0.98859
3.94940000000000 -0.98505
3.95185000000000 -0.98150
3.95430000000000 -0.97796
3.95675000000000 -0.97441
3.95920000000000 -0.97086
3.96165000000000 -0.96731
3.96410000000000 -0.96375
3.96655000000000 -0.96020
3.96900000000000 -0.95664
3.97145000000000 -0.95308
3.97390000000000 -0.94952
3.97635000000000 -0.94596
3.97880000000000 -0.94240
3.98125000000000 -0.93883
3.98370000000000 -0.93527
3.98615000000000 -0.93170
3.98860000000000 -0.92813
3.99105000000000 -0.92456
3.99350000000000 -0.92099
3.99595000000000 -0.91741
3.99840000000000 -0.91384
4.00085000000000 -0.91026
4.00330000000000 -0.90668
4.00575000000000 -0.90310
4.00820000000000 -0.89952
4.01065000000000 -0.89593
4.01310000000000 -0.89235
4.01555000000000 -0.88876
4.01800000000000 -0.88517
4.02045000000000 -0.88158
4.02290000000000 -0.87798
4.02535000000000 -0.87439
4.02780000000000 -0.87079
4.03025000000000 -0.86720
4.03270000000000 -0.86360
4.03515000000000 -0.85999
4.03760000000000 -0.85639
4.04005000000000 -0.85278
4.04250000000000 -0.84918
4.04495000000000 -0.84557
4.04740000000000 -0.84196
4.04985000000000 -0.83834
4.05230000000000 -0.83473
4.05475000000000 -0.83111
4.05720000000000 -0.82750
4.05965000000000 -0.82388
4.06210000000000 -0.82025
4.06455000000000 -0.81663
4.06700000000000 -0.81300
4.06945000000000 -0.80938
4.07190000000000 -0.80575
4.07435000000000 -0.80212
4.07680000000000 -0.79848
4.07925000000000 -0.79485
4.08170000000000 -0.79121
4.08415000000000 -0.78757
4.08660000000000 -0.78393
4.08905000000000 -0.78029
4.09150000000000 -0.77665
4.09395000000000 -0.77300
4.09640000000000 -0.76935
4.09885000000000 -0.76571
4.10130000000000 -0.76205
4.10375000000000 -0.75840
4.10620000000000 -0.75474
4.10865000000000 -0.75109
4.11110000000000 -0.74743
4.11355000000000 -0.74377
4.11600000000000 -0.74010
4.11845000000000 -0.73644
4.12090000000000 -0.73277
4.12335000000000 -0.72910
4.12580000000000 -0.72543
4.12825000000000 -0.72176
4.13070000000000 -0.71808
4.13315000000000 -0.71441
4.13560000000000 -0.71073
4.13805000000000 -0.70704
4.14050000000000 -0.70336
4.14295000000000 -0.69968
4.14540000000000 -0.69599
4.14785000000000 -0.69230
4.15030000000000 -0.68861
4.15275000000000 -0.68492
4.15520000000000 -0.68122
4.15765000000000 -0.67753
4.16010000000000 -0.67383
4.16255000000000 -0.67013
4.16500000000000 -0.66643
4.16745000000000 -0.66272
4.16990000000000 -0.65901
4.17235000000000 -0.65530
4.17480000000000 -0.65159
4.17725000000000 -0.64788
4.17970000000000 -0.64417
4.18215000000000 -0.64045
4.18460000000000 -0.63673
4.18705000000000 -0.63301
4.18950000000000 -0.62929
4.19195000000000 -0.62557
4.19440000000000 -0.62184
4.19685000000000 -0.61811
4.19930000000000 -0.61438
4.20175000000000 -0.61065
4.20420000000000 -0.60692
4.20665000000000 -0.60318
4.20910000000000 -0.59944
4.21155000000000 -0.59570
4.21400000000000 -0.59196
4.21645000000000 -0.58821
4.21890000000000 -0.58447
4.22135000000000 -0.58072
4.22380000000000 -0.57697
4.22625000000000 -0.57322
4.22870000000000 -0.56946
4.23115000000000 -0.56571
4.23360000000000 -0.56195
4.23605000000000 -0.55819
4.23850000000000 -0.55443
4.24095000000000 -0.55067
4.24340000000000 -0.54690
4.24585000000000 -0.54314
4.24830000000000 -0.53937
4.25075000000000 -0.53560
4.25320000000000 -0.53182
4.25565000000000 -0.52805
4.25810000000000 -0.52427
4.26055000000000 -0.52049
4.26300000000000 -0.51671
4.26545000000000 -0.51293
4.26790000000000 -0.50915
4.27035000000000 -0.50536
4.27280000000000 -0.50157
4.27525000000000 -0.49778
4.27770000000000 -0.49399
4.28015000000000 -0.49020
4.28260000000000 -0.48640
4.28505000000000 -0.48260
4.28750000000000 -0.47881
4.28995000000000 -0.47501
4.29240000000000 -0.47120
4.29485000000000 -0.46740
4.29730000000000 -0.46359
4.29975000000000 -0.45978
4.30220000000000 -0.45597
4.30465000000000 -0.45216
4.30710000000000 -0.44835
4.30955000000000 -0.44453
4.31200000000000 -0.44072
4.31445000000000 -0.43690
4.31690000000000 -0.43308
4.31935000000000 -0.42926
4.32180000000000 -0.42543
4.32425000000000 -0.42161
4.32670000000000 -0.41778
4.32915000000000 -0.41395
4.33160000000000 -0.41012
4.33405000000000 -0.40629
4.33650000000000 -0.40245
4.33895000000000 -0.39862
4.34140000000000 -0.39478
4.34385000000000 -0.39094
4.34630000000000 -0.38710
4.34875000000000 -0.38326
4.35120000000000 -0.37942
4.35365000000000 -0.37557
4.35610000000000 -0.37172
4.35855000000000 -0.36788
4.36100000000000 -0.36403
4.36345000000000 -0.36017
4.36590000000000 -0.35632
4.36835000000000 -0.35247
4.37080000000000 -0.34861
4.37325000000000 -0.34475
4.37570000000000 -0.34089
4.37815000000000 -0.33703
4.38060000000000 -0.33317
4.38305000000000 -0.32931
4.38550000000000 -0.32544
4.38795000000000 -0.32158
4.39040000000000 -0.31771
4.39285000000000 -0.31384
4.39530000000000 -0.30997
4.39775000000000 -0.30610
4.40020000000000 -0.30223
4.40265000000000 -0.29835
4.40510000000000 -0.29447
4.40755000000000 -0.29060
4.41000000000000 -0.28672
4.41245000000000 -0.28284
4.41490000000000 -0.27896
4.41735000000000 -0.27508
4.41980000000000 -0.27119
4.42225000000000 -0.26731
4.42470000000000 -0.26342
4.42715000000000 -0.25953
4.42960000000000 -0.25564
4.43205000000000 -0.25176
4.43450000000000 -0.24786
4.43695000000000 -0.24397
4.43940000000000 -0.24008
4.44185000000000 -0.23619
4.44430000000000 -0.23229
4.44675000000000 -0.22839
4.44920000000000 -0.22450
4.45165000000000 -0.22060
4.45410000000000 -0.21670
4.45655000000000 -0.21280
4.45900000000000 -0.20890
4.46145000000000 -0.20499
4.46390000000000 -0.20109
4.46635000000000 -0.19719
4.46880000000000 -0.19328
4.47125000000000 -0.18937
4.47370000000000 -0.18547
4.47615000000000 -0.18156
4.47860000000000 -0.17765
4.48105000000000 -0.17374
4.48350000000000 -0.16983
4.48595000000000 -0.16592
4.48840000000000 -0.16201
4.49085000000000 -0.15809
4.49330000000000 -0.15418
4.49575000000000 -0.15026
4.49820000000000 -0.14635
4.50065000000000 -0.14243
4.50310000000000 -0.13852
4.50555000000000 -0.13460
4.50800000000000 -0.13068
4.51045000000000 -0.12676
4.51290000000000 -0.12284
4.51535000000000 -0.11892
4.51780000000000 -0.11500
4.52025000000000 -0.11108
4.52270000000000 -0.10716
4.52515000000000 -0.10324
4.52760000000000 -0.099315
4.53005000000000 -0.095392
4.53250000000000 -0.091468
4.53495000000000 -0.087544
4.53740000000000 -0.083620
4.53985000000000 -0.079695
4.54230000000000 -0.075770
4.54475000000000 -0.071844
4.54720000000000 -0.067918
4.54965000000000 -0.063992
4.55210000000000 -0.060065
4.55455000000000 -0.056138
4.55700000000000 -0.052211
4.55945000000000 -0.048284
4.56190000000000 -0.044356
4.56435000000000 -0.040428
4.56680000000000 -0.036500
4.56925000000000 -0.032572
4.57170000000000 -0.028644
4.57415000000000 -0.024715
4.57660000000000 -0.020786
4.57905000000000 -0.016858
4.58150000000000 -0.012929
4.58395000000000 -0.0089998
4.58640000000000 -0.0050708
4.58885000000000 -0.0011418
4.59130000000000 0.0027873
4.59375000000000 0.0067163
4.59620000000000 0.010645
4.59865000000000 0.014574
4.60110000000000 0.018503
4.60355000000000 0.022432
4.60600000000000 0.026360
4.60845000000000 0.030289
4.61090000000000 0.034217
4.61335000000000 0.038145
4.61580000000000 0.042073
4.61825000000000 0.046001
4.62070000000000 0.049929
4.62315000000000 0.053856
4.62560000000000 0.057783
4.62805000000000 0.061710
4.63050000000000 0.065636
4.63295000000000 0.069563
4.63540000000000 0.073488
4.63785000000000 0.077414
4.64030000000000 0.081339
4.64275000000000 0.085263
4.64520000000000 0.089188
4.64765000000000 0.093112
4.65010000000000 0.097035
4.65255000000000 0.10096
4.65500000000000 0.10488
4.65745000000000 0.10880
4.65990000000000 0.11272
4.66235000000000 0.11664
4.66480000000000 0.12056
4.66725000000000 0.12448
4.66970000000000 0.12840
4.67215000000000 0.13232
4.67460000000000 0.13624
4.67705000000000 0.14016
4.67950000000000 0.14407
4.68195000000000 0.14799
4.68440000000000 0.15190
4.68685000000000 0.15582
4.68930000000000 0.15973
4.69175000000000 0.16364
4.69420000000000 0.16756
4.69665000000000 0.17147
4.69910000000000 0.17538
4.70155000000000 0.17929
4.70400000000000 0.18320
4.70645000000000 0.18710
4.70890000000000 0.19101
4.71135000000000 0.19492
4.71380000000000 0.19882
4.71625000000000 0.20272
4.71870000000000 0.20663
4.72115000000000 0.21053
4.72360000000000 0.21443
4.72605000000000 0.21833
4.72850000000000 0.22223
4.73095000000000 0.22613
4.73340000000000 0.23003
4.73585000000000 0.23392
4.73830000000000 0.23782
4.74075000000000 0.24171
4.74320000000000 0.24560
4.74565000000000 0.24949
4.74810000000000 0.25338
4.75055000000000 0.25727
4.75300000000000 0.26116
4.75545000000000 0.26505
4.75790000000000 0.26893
4.76035000000000 0.27282
4.76280000000000 0.27670
4.76525000000000 0.28058
4.76770000000000 0.28446
4.77015000000000 0.28834
4.77260000000000 0.29222
4.77505000000000 0.29610
4.77750000000000 0.29997
4.77995000000000 0.30385
4.78240000000000 0.30772
4.78485000000000 0.31159
4.78730000000000 0.31546
4.78975000000000 0.31933
4.79220000000000 0.32320
4.79465000000000 0.32706
4.79710000000000 0.33093
4.79955000000000 0.33479
4.80200000000000 0.33865
4.80445000000000 0.34251
4.80690000000000 0.34637
4.80935000000000 0.35023
4.81180000000000 0.35408
4.81425000000000 0.35793
4.81670000000000 0.36179
4.81915000000000 0.36564
4.82160000000000 0.36949
4.82405000000000 0.37333
4.82650000000000 0.37718
4.82895000000000 0.38103
4.83140000000000 0.38487
4.83385000000000 0.38871
4.83630000000000 0.39255
4.83875000000000 0.39639
4.84120000000000 0.40022
4.84365000000000 0.40406
4.84610000000000 0.40789
4.84855000000000 0.41172
4.85100000000000 0.41555
4.85345000000000 0.41938
4.85590000000000 0.42321
4.85835000000000 0.42703
4.86080000000000 0.43085
4.86325000000000 0.43467
4.86570000000000 0.43849
4.86815000000000 0.44231
4.87060000000000 0.44613
4.87305000000000 0.44994
4.87550000000000 0.45375
4.87795000000000 0.45756
4.88040000000000 0.46137
4.88285000000000 0.46518
4.88530000000000 0.46899
4.88775000000000 0.47279
4.89020000000000 0.47659
4.89265000000000 0.48039
4.89510000000000 0.48419
4.89755000000000 0.48799
4.90000000000000 0.49178
4.90245000000000 0.49557
4.90490000000000 0.49936
4.90735000000000 0.50315
4.90980000000000 0.50694
4.91225000000000 0.51072
4.91470000000000 0.51451
4.91715000000000 0.51829
4.91960000000000 0.52207
4.92205000000000 0.52584
4.92450000000000 0.52962
4.92695000000000 0.53339
4.92940000000000 0.53717
4.93185000000000 0.54094
4.93430000000000 0.54470
4.93675000000000 0.54847
4.93920000000000 0.55223
4.94165000000000 0.55600
4.94410000000000 0.55976
4.94655000000000 0.56351
4.94900000000000 0.56727
4.95145000000000 0.57103
4.95390000000000 0.57478
4.95635000000000 0.57853
4.95880000000000 0.58228
4.96125000000000 0.58603
4.96370000000000 0.58977
4.96615000000000 0.59351
4.96860000000000 0.59725
4.97105000000000 0.60099
4.97350000000000 0.60473
4.97595000000000 0.60846
4.97840000000000 0.61220
4.98085000000000 0.61593
4.98330000000000 0.61965
4.98575000000000 0.62338
4.98820000000000 0.62711
4.99065000000000 0.63083
4.99310000000000 0.63455
4.99555000000000 0.63827
4.99800000000000 0.64199
5.00045000000000 0.64570
5.00290000000000 0.64942
5.00535000000000 0.65313
5.00780000000000 0.65683
5.01025000000000 0.66054
5.01270000000000 0.66425
5.01515000000000 0.66795
5.01760000000000 0.67165
5.02005000000000 0.67535
5.02250000000000 0.67905
5.02495000000000 0.68274
5.02740000000000 0.68644
5.02985000000000 0.69013
5.03230000000000 0.69382
5.03475000000000 0.69750
5.03720000000000 0.70119
5.03965000000000 0.70487
5.04210000000000 0.70855
5.04455000000000 0.71223
5.04700000000000 0.71591
5.04945000000000 0.71959
5.05190000000000 0.72326
5.05435000000000 0.72693
5.05680000000000 0.73060
5.05925000000000 0.73427
5.06170000000000 0.73794
5.06415000000000 0.74160
5.06660000000000 0.74526
5.06905000000000 0.74892
5.07150000000000 0.75258
5.07395000000000 0.75624
5.07640000000000 0.75989
5.07885000000000 0.76354
5.08130000000000 0.76719
5.08375000000000 0.77084
5.08620000000000 0.77449
5.08865000000000 0.77813
5.09110000000000 0.78178
5.09355000000000 0.78542
5.09600000000000 0.78906
5.09845000000000 0.79270
5.10090000000000 0.79633
5.10335000000000 0.79996
5.10580000000000 0.80360
5.10825000000000 0.80723
5.11070000000000 0.81085
5.11315000000000 0.81448
5.11560000000000 0.81810
5.11805000000000 0.82172
5.12050000000000 0.82535
5.12295000000000 0.82896
5.12540000000000 0.83258
5.12785000000000 0.83619
5.13030000000000 0.83981
5.13275000000000 0.84342
5.13520000000000 0.84703
5.13765000000000 0.85063
5.14010000000000 0.85424
5.14255000000000 0.85784
5.14500000000000 0.86144
5.14745000000000 0.86504
5.14990000000000 0.86864
5.15235000000000 0.87224
5.15480000000000 0.87583
5.15725000000000 0.87943
5.15970000000000 0.88302
5.16215000000000 0.88661
5.16460000000000 0.89019
5.16705000000000 0.89378
5.16950000000000 0.89736
5.17195000000000 0.90095
5.17440000000000 0.90453
5.17685000000000 0.90811
5.17930000000000 0.91168
5.18175000000000 0.91526
5.18420000000000 0.91883
5.18665000000000 0.92241
5.18910000000000 0.92598
5.19155000000000 0.92955
5.19400000000000 0.93311
5.19645000000000 0.93668
5.19890000000000 0.94024
5.20135000000000 0.94381
5.20380000000000 0.94737
5.20625000000000 0.95093
5.20870000000000 0.95448
5.21115000000000 0.95804
5.21360000000000 0.96160
5.21605000000000 0.96515
5.21850000000000 0.96870
5.22095000000000 0.97225
5.22340000000000 0.97580
5.22585000000000 0.97935
5.22830000000000 0.98289
5.23075000000000 0.98643
5.23320000000000 0.98998
5.23565000000000 0.99352
5.23810000000000 0.99706
5.24055000000000 1.0006
5.24300000000000 1.0041
5.24545000000000 1.0077
5.24790000000000 1.0112
5.25035000000000 1.0147
5.25280000000000 1.0183
5.25525000000000 1.0218
5.25770000000000 1.0253
5.26015000000000 1.0288
5.26260000000000 1.0324
5.26505000000000 1.0359
5.26750000000000 1.0394
5.26995000000000 1.0429
5.27240000000000 1.0465
5.27485000000000 1.0500
5.27730000000000 1.0535
5.27975000000000 1.0570
5.28220000000000 1.0605
5.28465000000000 1.0640
5.28710000000000 1.0675
5.28955000000000 1.0711
5.29200000000000 1.0746
5.29445000000000 1.0781
5.29690000000000 1.0816
5.29935000000000 1.0851
5.30180000000000 1.0886
5.30425000000000 1.0921
5.30670000000000 1.0956
5.30915000000000 1.0991
5.31160000000000 1.1026
5.31405000000000 1.1061
5.31650000000000 1.1096
5.31895000000000 1.1131
5.32140000000000 1.1166
5.32385000000000 1.1201
5.32630000000000 1.1236
5.32875000000000 1.1271
5.33120000000000 1.1305
5.33365000000000 1.1340
5.33610000000000 1.1375
5.33855000000000 1.1410
5.34100000000000 1.1445
5.34345000000000 1.1480
5.34590000000000 1.1515
5.34835000000000 1.1549
5.35080000000000 1.1584
5.35325000000000 1.1619
5.35570000000000 1.1654
5.35815000000000 1.1689
5.36060000000000 1.1723
5.36305000000000 1.1758
5.36550000000000 1.1793
5.36795000000000 1.1828
5.37040000000000 1.1863
5.37285000000000 1.1897
5.37530000000000 1.1932
5.37775000000000 1.1967
5.38020000000000 1.2001
5.38265000000000 1.2036
5.38510000000000 1.2071
5.38755000000000 1.2105
5.39000000000000 1.2140
5.39245000000000 1.2175
5.39490000000000 1.2209
5.39735000000000 1.2244
5.39980000000000 1.2279
5.40225000000000 1.2313
5.40470000000000 1.2348
5.40715000000000 1.2383
5.40960000000000 1.2417
5.41205000000000 1.2452
5.41450000000000 1.2487
5.41695000000000 1.2521
5.41940000000000 1.2556
5.42185000000000 1.2590
5.42430000000000 1.2625
5.42675000000000 1.2659
5.42920000000000 1.2694
5.43165000000000 1.2729
5.43410000000000 1.2763
5.43655000000000 1.2798
5.43900000000000 1.2832
5.44145000000000 1.2867
5.44390000000000 1.2901
5.44635000000000 1.2936
5.44880000000000 1.2970
5.45125000000000 1.3005
5.45370000000000 1.3039
5.45615000000000 1.3074
5.45860000000000 1.3109
5.46105000000000 1.3143
5.46350000000000 1.3178
5.46595000000000 1.3212
5.46840000000000 1.3247
5.47085000000000 1.3281
5.47330000000000 1.3316
5.47575000000000 1.3350
5.47820000000000 1.3384
5.48065000000000 1.3419
5.48310000000000 1.3453
5.48555000000000 1.3488
5.48800000000000 1.3522
5.49045000000000 1.3557
5.49290000000000 1.3591
5.49535000000000 1.3626
5.49780000000000 1.3660
5.50025000000000 1.3695
5.50270000000000 1.3729
5.50515000000000 1.3764
5.50760000000000 1.3798
5.51005000000000 1.3833
5.51250000000000 1.3867
5.51495000000000 1.3901
5.51740000000000 1.3936
5.51985000000000 1.3970
5.52230000000000 1.4005
5.52475000000000 1.4039
5.52720000000000 1.4074
5.52965000000000 1.4108
5.53210000000000 1.4143
5.53455000000000 1.4177
5.53700000000000 1.4212
5.53945000000000 1.4246
5.54190000000000 1.4280
5.54435000000000 1.4315
5.54680000000000 1.4349
5.54925000000000 1.4384
5.55170000000000 1.4418
5.55415000000000 1.4453
5.55660000000000 1.4487
5.55905000000000 1.4522
5.56150000000000 1.4556
5.56395000000000 1.4591
5.56640000000000 1.4625
5.56885000000000 1.4659
5.57130000000000 1.4694
5.57375000000000 1.4728
5.57620000000000 1.4763
5.57865000000000 1.4797
5.58110000000000 1.4832
5.58355000000000 1.4866
5.58600000000000 1.4901
5.58845000000000 1.4935
5.59090000000000 1.4970
5.59335000000000 1.5004
5.59580000000000 1.5039
5.59825000000000 1.5073
5.60070000000000 1.5108
5.60315000000000 1.5142
5.60560000000000 1.5177
5.60805000000000 1.5211
5.61050000000000 1.5246
5.61295000000000 1.5280
5.61540000000000 1.5315
5.61785000000000 1.5349
5.62030000000000 1.5384
5.62275000000000 1.5419
5.62520000000000 1.5453
5.62765000000000 1.5488
5.63010000000000 1.5522
5.63255000000000 1.5557
5.63500000000000 1.5591
5.63745000000000 1.5626
5.63990000000000 1.5660
5.64235000000000 1.5695
5.64480000000000 1.5730
5.64725000000000 1.5764
5.64970000000000 1.5799
5.65215000000000 1.5833
5.65460000000000 1.5868
5.65705000000000 1.5903
5.65950000000000 1.5937
5.66195000000000 1.5972
5.66440000000000 1.6007
5.66685000000000 1.6041
5.66930000000000 1.6076
5.67175000000000 1.6111
5.67420000000000 1.6145
5.67665000000000 1.6180
5.67910000000000 1.6215
5.68155000000000 1.6249
5.68400000000000 1.6284
5.68645000000000 1.6319
5.68890000000000 1.6353
5.69135000000000 1.6388
5.69380000000000 1.6423
5.69625000000000 1.6458
5.69870000000000 1.6492
5.70115000000000 1.6527
5.70360000000000 1.6562
5.70605000000000 1.6597
5.70850000000000 1.6631
5.71095000000000 1.6666
5.71340000000000 1.6701
5.71585000000000 1.6736
5.71830000000000 1.6771
5.72075000000000 1.6805
5.72320000000000 1.6840
5.72565000000000 1.6875
5.72810000000000 1.6910
5.73055000000000 1.6945
5.73300000000000 1.6980
5.73545000000000 1.7014
5.73790000000000 1.7049
5.74035000000000 1.7084
5.74280000000000 1.7119
5.74525000000000 1.7154
5.74770000000000 1.7189
5.75015000000000 1.7224
5.75260000000000 1.7259
5.75505000000000 1.7293
5.75750000000000 1.7328
5.75995000000000 1.7363
5.76240000000000 1.7398
5.76485000000000 1.7433
5.76730000000000 1.7468
5.76975000000000 1.7503
5.77220000000000 1.7538
5.77465000000000 1.7573
5.77710000000000 1.7608
5.77955000000000 1.7643
5.78200000000000 1.7678
5.78445000000000 1.7713
5.78690000000000 1.7748
5.78935000000000 1.7783
5.79180000000000 1.7818
5.79425000000000 1.7853
5.79670000000000 1.7888
5.79915000000000 1.7923
5.80160000000000 1.7958
5.80405000000000 1.7993
5.80650000000000 1.8028
5.80895000000000 1.8063
5.81140000000000 1.8098
5.81385000000000 1.8133
5.81630000000000 1.8168
5.81875000000000 1.8203
5.82120000000000 1.8238
5.82365000000000 1.8273
5.82610000000000 1.8308
5.82855000000000 1.8343
5.83100000000000 1.8378
5.83345000000000 1.8413
5.83590000000000 1.8448
5.83835000000000 1.8483
5.84080000000000 1.8518
5.84325000000000 1.8553
5.84570000000000 1.8588
5.84815000000000 1.8623
5.85060000000000 1.8658
5.85305000000000 1.8693
5.85550000000000 1.8728
5.85795000000000 1.8763
5.86040000000000 1.8798
5.86285000000000 1.8833
5.86530000000000 1.8867
5.86775000000000 1.8902
5.87020000000000 1.8937
5.87265000000000 1.8972
5.87510000000000 1.9007
5.87755000000000 1.9042
5.88000000000000 1.9076
5.88245000000000 1.9111
5.88490000000000 1.9146
5.88735000000000 1.9181
5.88980000000000 1.9215
5.89225000000000 1.9250
5.89470000000000 1.9284
5.89715000000000 1.9319
5.89960000000000 1.9354
5.90205000000000 1.9388
5.90450000000000 1.9423
5.90695000000000 1.9457
5.90940000000000 1.9491
5.91185000000000 1.9526
5.91430000000000 1.9560
5.91675000000000 1.9594
5.91920000000000 1.9628
5.92165000000000 1.9663
5.92410000000000 1.9697
5.92655000000000 1.9731
5.92900000000000 1.9765
5.93145000000000 1.9798
5.93390000000000 1.9832
5.93635000000000 1.9866
5.93880000000000 1.9900
5.94125000000000 1.9933
5.94370000000000 1.9967
5.94615000000000 2.0000
5.94860000000000 2.0033
5.95105000000000 2.0066
5.95350000000000 2.0099
5.95595000000000 2.0132
5.95840000000000 2.0165
5.96085000000000 2.0198
5.96330000000000 2.0231
5.96575000000000 2.0263
5.96820000000000 2.0296
5.97065000000000 2.0328
5.97310000000000 2.0360
5.97555000000000 2.0392
5.97800000000000 2.0424
5.98045000000000 2.0455
5.98290000000000 2.0487
5.98535000000000 2.0518
5.98780000000000 2.0549
5.99025000000000 2.0580
5.99270000000000 2.0611
5.99515000000000 2.0641
5.99760000000000 2.0672
6.00005000000000 2.0702
6.00250000000000 2.0731
6.00495000000000 2.0761
6.00740000000000 2.0790
6.00985000000000 2.0819
6.01230000000000 2.0848
6.01475000000000 2.0877
6.01720000000000 2.0905
6.01965000000000 2.0933
6.02210000000000 2.0961
6.02455000000000 2.0988
6.02700000000000 2.1015
6.02945000000000 2.1041
6.03190000000000 2.1068
6.03435000000000 2.1094
6.03680000000000 2.1119
6.03925000000000 2.1144
6.04170000000000 2.1169
6.04415000000000 2.1193
6.04660000000000 2.1217
6.04905000000000 2.1240
6.05150000000000 2.1263
6.05395000000000 2.1286
6.05640000000000 2.1308
6.05885000000000 2.1329
6.06130000000000 2.1350
6.06375000000000 2.1370
6.06620000000000 2.1390
6.06865000000000 2.1409
6.07110000000000 2.1428
6.07355000000000 2.1446
6.07600000000000 2.1463
6.07845000000000 2.1480
6.08090000000000 2.1496
6.08335000000000 2.1511
6.08580000000000 2.1526
6.08825000000000 2.1540
6.09070000000000 2.1553
6.09315000000000 2.1566
6.09560000000000 2.1578
6.09805000000000 2.1589
6.10050000000000 2.1599
6.10295000000000 2.1609
6.10540000000000 2.1618
6.10785000000000 2.1626
6.11030000000000 2.1633
6.11275000000000 2.1639
6.11520000000000 2.1645
6.11765000000000 2.1650
6.12010000000000 2.1654
6.12255000000000 2.1657
6.12500000000000 2.1659
6.12745000000000 2.1660
6.12990000000000 2.1661
6.13235000000000 2.1661
6.13480000000000 2.1660
6.13725000000000 2.1658
6.13970000000000 2.1655
6.14215000000000 2.1651
6.14460000000000 2.1647
6.14705000000000 2.1641
