x y
0.000000000000000 4.14000000000000
0.00245000000000000 4.1400
0.00490000000000000 4.1401
0.00735000000000000 4.1402
0.00980000000000000 4.1405
0.0122500000000000 4.1408
0.0147000000000000 4.1412
0.0171500000000000 4.1417
0.0196000000000000 4.1423
0.0220500000000000 4.1429
0.0245000000000000 4.1436
0.0269500000000000 4.1444
0.0294000000000000 4.1453
0.0318500000000000 4.1462
0.0343000000000000 4.1472
0.0367500000000000 4.1483
0.0392000000000000 4.1495
0.0416500000000000 4.1507
0.0441000000000000 4.1520
0.0465500000000000 4.1534
0.0490000000000000 4.1549
0.0514500000000000 4.1564
0.0539000000000000 4.1579
0.0563500000000000 4.1596
0.0588000000000000 4.1613
0.0612500000000000 4.1630
0.0637000000000000 4.1649
0.0661500000000000 4.1667
0.0686000000000000 4.1687
0.0710500000000000 4.1707
0.0735000000000000 4.1727
0.0759500000000000 4.1748
0.0784000000000000 4.1769
0.0808500000000000 4.1791
0.0833000000000000 4.1814
0.0857500000000000 4.1837
0.0882000000000000 4.1860
0.0906500000000000 4.1884
0.0931000000000000 4.1908
0.0955500000000000 4.1932
0.0980000000000000 4.1957
0.100450000000000 4.1983
0.102900000000000 4.2009
0.105350000000000 4.2035
0.107800000000000 4.2061
0.110250000000000 4.2088
0.112700000000000 4.2115
0.115150000000000 4.2142
0.117600000000000 4.2170
0.120050000000000 4.2198
0.122500000000000 4.2227
0.124950000000000 4.2255
0.127400000000000 4.2284
0.129850000000000 4.2313
0.132300000000000 4.2342
0.134750000000000 4.2372
0.137200000000000 4.2402
0.139650000000000 4.2432
0.142100000000000 4.2462
0.144550000000000 4.2493
0.147000000000000 4.2523
0.149450000000000 4.2554
0.151900000000000 4.2585
0.154350000000000 4.2616
0.156800000000000 4.2648
0.159250000000000 4.2679
0.161700000000000 4.2711
0.164150000000000 4.2743
0.166600000000000 4.2775
0.169050000000000 4.2807
0.171500000000000 4.2839
0.173950000000000 4.2871
0.176400000000000 4.2904
0.178850000000000 4.2936
0.181300000000000 4.2969
0.183750000000000 4.3002
0.186200000000000 4.3035
0.188650000000000 4.3068
0.191100000000000 4.3101
0.193550000000000 4.3134
0.196000000000000 4.3167
0.198450000000000 4.3201
0.200900000000000 4.3234
0.203350000000000 4.3268
0.205800000000000 4.3301
0.208250000000000 4.3335
0.210700000000000 4.3369
0.213150000000000 4.3402
0.215600000000000 4.3436
0.218050000000000 4.3470
0.220500000000000 4.3504
0.222950000000000 4.3538
0.225400000000000 4.3572
0.227850000000000 4.3606
0.230300000000000 4.3641
0.232750000000000 4.3675
0.235200000000000 4.3709
0.237650000000000 4.3743
0.240100000000000 4.3778
0.242550000000000 4.3812
0.245000000000000 4.3847
0.247450000000000 4.3881
0.249900000000000 4.3915
0.252350000000000 4.3950
0.254800000000000 4.3984
0.257250000000000 4.4019
0.259700000000000 4.4054
0.262150000000000 4.4088
0.264600000000000 4.4123
0.267050000000000 4.4157
0.269500000000000 4.4192
0.271950000000000 4.4227
0.274400000000000 4.4262
0.276850000000000 4.4296
0.279300000000000 4.4331
0.281750000000000 4.4366
0.284200000000000 4.4401
0.286650000000000 4.4435
0.289100000000000 4.4470
0.291550000000000 4.4505
0.294000000000000 4.4540
0.296450000000000 4.4575
0.298900000000000 4.4609
0.301350000000000 4.4644
0.303800000000000 4.4679
0.306250000000000 4.4714
0.308700000000000 4.4749
0.311150000000000 4.4784
0.313600000000000 4.4818
0.316050000000000 4.4853
0.318500000000000 4.4888
0.320950000000000 4.4923
0.323400000000000 4.4958
0.325850000000000 4.4993
0.328300000000000 4.5028
0.330750000000000 4.5063
0.333200000000000 4.5097
0.335650000000000 4.5132
0.338100000000000 4.5167
0.340550000000000 4.5202
0.343000000000000 4.5237
0.345450000000000 4.5272
0.347900000000000 4.5307
0.350350000000000 4.5341
0.352800000000000 4.5376
0.355250000000000 4.5411
0.357700000000000 4.5446
0.360150000000000 4.5481
0.362600000000000 4.5516
0.365050000000000 4.5551
0.367500000000000 4.5586
0.369950000000000 4.5620
0.372400000000000 4.5655
0.374850000000000 4.5690
0.377300000000000 4.5725
0.379750000000000 4.5760
0.382200000000000 4.5795
0.384650000000000 4.5829
0.387100000000000 4.5864
0.389550000000000 4.5899
0.392000000000000 4.5934
0.394450000000000 4.5969
0.396900000000000 4.6003
0.399350000000000 4.6038
0.401800000000000 4.6073
0.404250000000000 4.6108
0.406700000000000 4.6143
0.409150000000000 4.6177
0.411600000000000 4.6212
0.414050000000000 4.6247
0.416500000000000 4.6282
0.418950000000000 4.6316
0.421400000000000 4.6351
0.423850000000000 4.6386
0.426300000000000 4.6421
0.428750000000000 4.6455
0.431200000000000 4.6490
0.433650000000000 4.6525
0.436100000000000 4.6559
0.438550000000000 4.6594
0.441000000000000 4.6629
0.443450000000000 4.6664
0.445900000000000 4.6698
0.448350000000000 4.6733
0.450800000000000 4.6768
0.453250000000000 4.6802
0.455700000000000 4.6837
0.458150000000000 4.6872
0.460600000000000 4.6906
0.463050000000000 4.6941
0.465500000000000 4.6975
0.467950000000000 4.7010
0.470400000000000 4.7045
0.472850000000000 4.7079
0.475300000000000 4.7114
0.477750000000000 4.7149
0.480200000000000 4.7183
0.482650000000000 4.7218
0.485100000000000 4.7253
0.487550000000000 4.7287
0.490000000000000 4.7322
0.492450000000000 4.7356
0.494900000000000 4.7391
0.497350000000000 4.7425
0.499800000000000 4.7460
0.502250000000000 4.7495
0.504700000000000 4.7529
0.507150000000000 4.7564
0.509600000000000 4.7598
0.512050000000000 4.7633
0.514500000000000 4.7667
0.516950000000000 4.7702
0.519400000000000 4.7737
0.521850000000000 4.7771
0.524300000000000 4.7806
0.526750000000000 4.7840
0.529200000000000 4.7875
0.531650000000000 4.7909
0.534100000000000 4.7944
0.536550000000000 4.7978
0.539000000000000 4.8013
0.541450000000000 4.8048
0.543900000000000 4.8082
0.546350000000000 4.8117
0.548800000000000 4.8151
0.551250000000000 4.8186
0.553700000000000 4.8220
0.556150000000000 4.8255
0.558600000000000 4.8289
0.561050000000000 4.8324
0.563500000000000 4.8358
0.565950000000000 4.8393
0.568400000000000 4.8427
0.570850000000000 4.8462
0.573300000000000 4.8496
0.575750000000000 4.8531
0.578200000000000 4.8565
0.580650000000000 4.8599
0.583100000000000 4.8634
0.585550000000000 4.8668
0.588000000000000 4.8703
0.590450000000000 4.8737
0.592900000000000 4.8772
0.595350000000000 4.8806
0.597800000000000 4.8841
0.600250000000000 4.8875
0.602700000000000 4.8910
0.605150000000000 4.8944
0.607600000000000 4.8979
0.610050000000000 4.9013
0.612500000000000 4.9048
0.614950000000000 4.9082
0.617400000000000 4.9117
0.619850000000000 4.9151
0.622300000000000 4.9186
0.624750000000000 4.9221
0.627200000000000 4.9255
0.629650000000000 4.9290
0.632100000000000 4.9324
0.634550000000000 4.9359
0.637000000000000 4.9393
0.639450000000000 4.9428
0.641900000000000 4.9462
0.644350000000000 4.9497
0.646800000000000 4.9532
0.649250000000000 4.9566
0.651700000000000 4.9601
0.654150000000000 4.9635
0.656600000000000 4.9670
0.659050000000000 4.9704
0.661500000000000 4.9739
0.663950000000000 4.9773
0.666400000000000 4.9808
0.668850000000000 4.9843
0.671300000000000 4.9877
0.673750000000000 4.9912
0.676200000000000 4.9946
0.678650000000000 4.9981
0.681100000000000 5.0016
0.683550000000000 5.0050
0.686000000000000 5.0085
0.688450000000000 5.0120
0.690900000000000 5.0154
0.693350000000000 5.0189
0.695800000000000 5.0224
0.698250000000000 5.0258
0.700700000000000 5.0293
0.703150000000000 5.0327
0.705600000000000 5.0362
0.708050000000000 5.0397
0.710500000000000 5.0432
0.712950000000000 5.0466
0.715400000000000 5.0501
0.717850000000000 5.0536
0.720300000000000 5.0570
0.722750000000000 5.0605
0.725200000000000 5.0640
0.727650000000000 5.0675
0.730100000000000 5.0709
0.732550000000000 5.0744
0.735000000000000 5.0779
0.737450000000000 5.0814
0.739900000000000 5.0848
0.742350000000000 5.0883
0.744800000000000 5.0918
0.747250000000000 5.0953
0.749700000000000 5.0988
0.752150000000000 5.1022
0.754600000000000 5.1057
0.757050000000000 5.1092
0.759500000000000 5.1127
0.761950000000000 5.1162
0.764400000000000 5.1197
0.766850000000000 5.1232
0.769300000000000 5.1266
0.771750000000000 5.1301
0.774200000000000 5.1336
0.776650000000000 5.1371
0.779100000000000 5.1406
0.781550000000000 5.1441
0.784000000000000 5.1476
0.786450000000000 5.1511
0.788900000000000 5.1546
0.791350000000000 5.1581
0.793800000000000 5.1616
0.796250000000000 5.1651
0.798700000000000 5.1686
0.801150000000000 5.1721
0.803600000000000 5.1756
0.806050000000000 5.1791
0.808500000000000 5.1826
0.810950000000000 5.1861
0.813400000000000 5.1896
0.815850000000000 5.1931
0.818300000000000 5.1967
0.820750000000000 5.2002
0.823200000000000 5.2037
0.825650000000000 5.2072
0.828100000000000 5.2107
0.830550000000000 5.2142
0.833000000000000 5.2178
0.835450000000000 5.2213
0.837900000000000 5.2248
0.840350000000000 5.2283
0.842800000000000 5.2318
0.845250000000000 5.2354
0.847700000000000 5.2389
0.850150000000000 5.2424
0.852600000000000 5.2459
0.855050000000000 5.2495
0.857500000000000 5.2530
0.859950000000000 5.2565
0.862400000000000 5.2601
0.864850000000000 5.2636
0.867300000000000 5.2672
0.869750000000000 5.2707
0.872200000000000 5.2742
0.874650000000000 5.2778
0.877100000000000 5.2813
0.879550000000000 5.2849
0.882000000000000 5.2884
0.884450000000000 5.2920
0.886900000000000 5.2955
0.889350000000000 5.2991
0.891800000000000 5.3026
0.894250000000000 5.3062
0.896700000000000 5.3097
0.899150000000000 5.3133
0.901600000000000 5.3169
0.904050000000000 5.3204
0.906500000000000 5.3240
0.908950000000000 5.3275
0.911400000000000 5.3311
0.913850000000000 5.3347
0.916300000000000 5.3382
0.918750000000000 5.3418
0.921200000000000 5.3454
0.923650000000000 5.3490
0.926100000000000 5.3525
0.928550000000000 5.3561
0.931000000000000 5.3597
0.933450000000000 5.3633
0.935900000000000 5.3669
0.938350000000000 5.3704
0.940800000000000 5.3740
0.943250000000000 5.3776
0.945700000000000 5.3812
0.948150000000000 5.3848
0.950600000000000 5.3884
0.953050000000000 5.3920
0.955500000000000 5.3956
0.957950000000000 5.3992
0.960400000000000 5.4028
0.962850000000000 5.4064
0.965300000000000 5.4100
0.967750000000000 5.4136
0.970200000000000 5.4172
0.972650000000000 5.4208
0.975100000000000 5.4244
0.977550000000000 5.4280
0.980000000000000 5.4316
0.982450000000000 5.4352
0.984900000000000 5.4389
0.987350000000000 5.4425
0.989800000000000 5.4461
0.992250000000000 5.4497
0.994700000000000 5.4534
0.997150000000000 5.4570
0.999600000000000 5.4606
1.00205000000000 5.4642
1.00450000000000 5.4679
1.00695000000000 5.4715
1.00940000000000 5.4751
1.01185000000000 5.4788
1.01430000000000 5.4824
1.01675000000000 5.4861
1.01920000000000 5.4897
1.02165000000000 5.4934
1.02410000000000 5.4970
1.02655000000000 5.5006
1.02900000000000 5.5043
1.03145000000000 5.5080
1.03390000000000 5.5116
1.03635000000000 5.5153
1.03880000000000 5.5189
1.04125000000000 5.5226
1.04370000000000 5.5263
1.04615000000000 5.5299
1.04860000000000 5.5336
1.05105000000000 5.5373
1.05350000000000 5.5409
1.05595000000000 5.5446
1.05840000000000 5.5483
1.06085000000000 5.5519
1.06330000000000 5.5556
1.06575000000000 5.5593
1.06820000000000 5.5630
1.07065000000000 5.5667
1.07310000000000 5.5704
1.07555000000000 5.5740
1.07800000000000 5.5777
1.08045000000000 5.5814
1.08290000000000 5.5851
1.08535000000000 5.5888
1.08780000000000 5.5925
1.09025000000000 5.5962
1.09270000000000 5.5999
1.09515000000000 5.6036
1.09760000000000 5.6073
1.10005000000000 5.6110
1.10250000000000 5.6147
1.10495000000000 5.6185
1.10740000000000 5.6222
1.10985000000000 5.6259
1.11230000000000 5.6296
1.11475000000000 5.6333
1.11720000000000 5.6370
1.11965000000000 5.6408
1.12210000000000 5.6445
1.12455000000000 5.6482
1.12700000000000 5.6520
1.12945000000000 5.6557
1.13190000000000 5.6594
1.13435000000000 5.6632
1.13680000000000 5.6669
1.13925000000000 5.6706
1.14170000000000 5.6744
1.14415000000000 5.6781
1.14660000000000 5.6819
1.14905000000000 5.6856
1.15150000000000 5.6894
1.15395000000000 5.6931
1.15640000000000 5.6969
1.15885000000000 5.7006
1.16130000000000 5.7044
1.16375000000000 5.7081
1.16620000000000 5.7119
1.16865000000000 5.7157
1.17110000000000 5.7194
1.17355000000000 5.7232
1.17600000000000 5.7270
1.17845000000000 5.7307
1.18090000000000 5.7345
1.18335000000000 5.7383
1.18580000000000 5.7421
1.18825000000000 5.7458
1.19070000000000 5.7496
1.19315000000000 5.7534
1.19560000000000 5.7572
1.19805000000000 5.7610
1.20050000000000 5.7648
1.20295000000000 5.7686
1.20540000000000 5.7724
1.20785000000000 5.7761
1.21030000000000 5.7799
1.21275000000000 5.7837
1.21520000000000 5.7875
1.21765000000000 5.7913
1.22010000000000 5.7952
1.22255000000000 5.7990
1.22500000000000 5.8028
1.22745000000000 5.8066
1.22990000000000 5.8104
1.23235000000000 5.8142
1.23480000000000 5.8180
1.23725000000000 5.8218
1.23970000000000 5.8256
1.24215000000000 5.8295
1.24460000000000 5.8333
1.24705000000000 5.8371
1.24950000000000 5.8409
1.25195000000000 5.8448
1.25440000000000 5.8486
1.25685000000000 5.8524
1.25930000000000 5.8563
1.26175000000000 5.8601
1.26420000000000 5.8639
1.26665000000000 5.8678
1.26910000000000 5.8716
1.27155000000000 5.8754
1.27400000000000 5.8793
1.27645000000000 5.8831
1.27890000000000 5.8870
1.28135000000000 5.8908
1.28380000000000 5.8947
1.28625000000000 5.8985
1.28870000000000 5.9024
1.29115000000000 5.9062
1.29360000000000 5.9101
1.29605000000000 5.9139
1.29850000000000 5.9178
1.30095000000000 5.9217
1.30340000000000 5.9255
1.30585000000000 5.9294
1.30830000000000 5.9333
1.31075000000000 5.9371
1.31320000000000 5.9410
1.31565000000000 5.9449
1.31810000000000 5.9487
1.32055000000000 5.9526
1.32300000000000 5.9565
1.32545000000000 5.9604
1.32790000000000 5.9642
1.33035000000000 5.9681
1.33280000000000 5.9720
1.33525000000000 5.9759
1.33770000000000 5.9798
1.34015000000000 5.9836
1.34260000000000 5.9875
1.34505000000000 5.9914
1.34750000000000 5.9953
1.34995000000000 5.9992
1.35240000000000 6.0031
1.35485000000000 6.0070
1.35730000000000 6.0109
1.35975000000000 6.0148
1.36220000000000 6.0187
1.36465000000000 6.0226
1.36710000000000 6.0265
1.36955000000000 6.0303
1.37200000000000 6.0342
1.37445000000000 6.0381
1.37690000000000 6.0421
1.37935000000000 6.0460
1.38180000000000 6.0499
1.38425000000000 6.0538
1.38670000000000 6.0577
1.38915000000000 6.0616
1.39160000000000 6.0655
1.39405000000000 6.0694
1.39650000000000 6.0733
1.39895000000000 6.0772
1.40140000000000 6.0811
1.40385000000000 6.0851
1.40630000000000 6.0890
1.40875000000000 6.0929
1.41120000000000 6.0968
1.41365000000000 6.1007
1.41610000000000 6.1046
1.41855000000000 6.1086
1.42100000000000 6.1125
1.42345000000000 6.1164
1.42590000000000 6.1203
1.42835000000000 6.1243
1.43080000000000 6.1282
1.43325000000000 6.1321
1.43570000000000 6.1360
1.43815000000000 6.1400
1.44060000000000 6.1439
1.44305000000000 6.1478
1.44550000000000 6.1517
1.44795000000000 6.1557
1.45040000000000 6.1596
1.45285000000000 6.1635
1.45530000000000 6.1675
1.45775000000000 6.1714
1.46020000000000 6.1753
1.46265000000000 6.1792
1.46510000000000 6.1832
1.46755000000000 6.1871
1.47000000000000 6.1910
1.47245000000000 6.1950
1.47490000000000 6.1989
1.47735000000000 6.2029
1.47980000000000 6.2068
1.48225000000000 6.2107
1.48470000000000 6.2147
1.48715000000000 6.2186
1.48960000000000 6.2225
1.49205000000000 6.2265
1.49450000000000 6.2304
1.49695000000000 6.2344
1.49940000000000 6.2383
1.50185000000000 6.2422
1.50430000000000 6.2462
1.50675000000000 6.2501
1.50920000000000 6.2540
1.51165000000000 6.2580
1.51410000000000 6.2619
1.51655000000000 6.2658
1.51900000000000 6.2698
1.52145000000000 6.2737
1.52390000000000 6.2777
1.52635000000000 6.2816
1.52880000000000 6.2855
1.53125000000000 6.2895
1.53370000000000 6.2934
1.53615000000000 6.2973
1.53860000000000 6.3013
1.54105000000000 6.3052
1.54350000000000 6.3092
1.54595000000000 6.3131
1.54840000000000 6.3170
1.55085000000000 6.3210
1.55330000000000 6.3249
1.55575000000000 6.3288
1.55820000000000 6.3328
1.56065000000000 6.3367
1.56310000000000 6.3406
1.56555000000000 6.3446
1.56800000000000 6.3485
1.57045000000000 6.3525
1.57290000000000 6.3564
1.57535000000000 6.3603
1.57780000000000 6.3643
1.58025000000000 6.3682
1.58270000000000 6.3721
1.58515000000000 6.3761
1.58760000000000 6.3800
1.59005000000000 6.3839
1.59250000000000 6.3879
1.59495000000000 6.3918
1.59740000000000 6.3957
1.59985000000000 6.3997
1.60230000000000 6.4036
1.60475000000000 6.4075
1.60720000000000 6.4115
1.60965000000000 6.4154
1.61210000000000 6.4193
1.61455000000000 6.4232
1.61700000000000 6.4272
1.61945000000000 6.4311
1.62190000000000 6.4350
1.62435000000000 6.4389
1.62680000000000 6.4429
1.62925000000000 6.4468
1.63170000000000 6.4507
1.63415000000000 6.4546
1.63660000000000 6.4585
1.63905000000000 6.4625
1.64150000000000 6.4664
1.64395000000000 6.4703
1.64640000000000 6.4742
1.64885000000000 6.4781
1.65130000000000 6.4821
1.65375000000000 6.4860
1.65620000000000 6.4899
1.65865000000000 6.4938
1.66110000000000 6.4977
1.66355000000000 6.5016
1.66600000000000 6.5055
1.66845000000000 6.5094
1.67090000000000 6.5133
1.67335000000000 6.5173
1.67580000000000 6.5212
1.67825000000000 6.5251
1.68070000000000 6.5290
1.68315000000000 6.5329
1.68560000000000 6.5368
1.68805000000000 6.5407
1.69050000000000 6.5446
1.69295000000000 6.5485
1.69540000000000 6.5524
1.69785000000000 6.5563
1.70030000000000 6.5601
1.70275000000000 6.5640
1.70520000000000 6.5679
1.70765000000000 6.5718
1.71010000000000 6.5757
1.71255000000000 6.5796
1.71500000000000 6.5835
1.71745000000000 6.5874
1.71990000000000 6.5912
1.72235000000000 6.5951
1.72480000000000 6.5990
1.72725000000000 6.6029
1.72970000000000 6.6068
1.73215000000000 6.6106
1.73460000000000 6.6145
1.73705000000000 6.6184
1.73950000000000 6.6223
1.74195000000000 6.6261
1.74440000000000 6.6300
1.74685000000000 6.6339
1.74930000000000 6.6377
1.75175000000000 6.6416
1.75420000000000 6.6454
1.75665000000000 6.6493
1.75910000000000 6.6532
1.76155000000000 6.6570
1.76400000000000 6.6609
1.76645000000000 6.6647
1.76890000000000 6.6686
1.77135000000000 6.6724
1.77380000000000 6.6763
1.77625000000000 6.6801
1.77870000000000 6.6840
1.78115000000000 6.6878
1.78360000000000 6.6917
1.78605000000000 6.6955
1.78850000000000 6.6993
1.79095000000000 6.7032
1.79340000000000 6.7070
1.79585000000000 6.7109
1.79830000000000 6.7147
1.80075000000000 6.7185
1.80320000000000 6.7224
1.80565000000000 6.7262
1.80810000000000 6.7300
1.81055000000000 6.7338
1.81300000000000 6.7376
1.81545000000000 6.7415
1.81790000000000 6.7453
1.82035000000000 6.7491
1.82280000000000 6.7529
1.82525000000000 6.7567
1.82770000000000 6.7605
1.83015000000000 6.7643
1.83260000000000 6.7682
1.83505000000000 6.7720
1.83750000000000 6.7758
1.83995000000000 6.7796
1.84240000000000 6.7834
1.84485000000000 6.7872
1.84730000000000 6.7910
1.84975000000000 6.7947
1.85220000000000 6.7985
1.85465000000000 6.8023
1.85710000000000 6.8061
1.85955000000000 6.8099
1.86200000000000 6.8137
1.86445000000000 6.8175
1.86690000000000 6.8213
1.86935000000000 6.8250
1.87180000000000 6.8288
1.87425000000000 6.8326
1.87670000000000 6.8364
1.87915000000000 6.8401
1.88160000000000 6.8439
1.88405000000000 6.8477
1.88650000000000 6.8514
1.88895000000000 6.8552
1.89140000000000 6.8589
1.89385000000000 6.8627
1.89630000000000 6.8665
1.89875000000000 6.8702
1.90120000000000 6.8740
1.90365000000000 6.8777
1.90610000000000 6.8815
1.90855000000000 6.8852
1.91100000000000 6.8890
1.91345000000000 6.8927
1.91590000000000 6.8964
1.91835000000000 6.9002
1.92080000000000 6.9039
1.92325000000000 6.9077
1.92570000000000 6.9114
1.92815000000000 6.9151
1.93060000000000 6.9189
1.93305000000000 6.9226
1.93550000000000 6.9263
1.93795000000000 6.9300
1.94040000000000 6.9338
1.94285000000000 6.9375
1.94530000000000 6.9412
1.94775000000000 6.9449
1.95020000000000 6.9486
1.95265000000000 6.9523
1.95510000000000 6.9560
1.95755000000000 6.9597
1.96000000000000 6.9634
1.96245000000000 6.9671
1.96490000000000 6.9708
1.96735000000000 6.9745
1.96980000000000 6.9782
1.97225000000000 6.9819
1.97470000000000 6.9856
1.97715000000000 6.9893
1.97960000000000 6.9930
1.98205000000000 6.9967
1.98450000000000 7.0004
1.98695000000000 7.0041
1.98940000000000 7.0078
1.99185000000000 7.0114
1.99430000000000 7.0151
1.99675000000000 7.0188
1.99920000000000 7.0225
2.00165000000000 7.0261
2.00410000000000 7.0298
2.00655000000000 7.0335
2.00900000000000 7.0371
2.01145000000000 7.0408
2.01390000000000 7.0444
2.01635000000000 7.0481
2.01880000000000 7.0518
2.02125000000000 7.0554
2.02370000000000 7.0591
2.02615000000000 7.0627
2.02860000000000 7.0664
2.03105000000000 7.0700
2.03350000000000 7.0737
2.03595000000000 7.0773
2.03840000000000 7.0810
2.04085000000000 7.0846
2.04330000000000 7.0882
2.04575000000000 7.0919
2.04820000000000 7.0955
2.05065000000000 7.0991
2.05310000000000 7.1028
2.05555000000000 7.1064
2.05800000000000 7.1100
2.06045000000000 7.1136
2.06290000000000 7.1173
2.06535000000000 7.1209
2.06780000000000 7.1245
2.07025000000000 7.1281
2.07270000000000 7.1317
2.07515000000000 7.1354
2.07760000000000 7.1390
2.08005000000000 7.1426
2.08250000000000 7.1462
2.08495000000000 7.1498
2.08740000000000 7.1534
2.08985000000000 7.1570
2.09230000000000 7.1606
2.09475000000000 7.1642
2.09720000000000 7.1678
2.09965000000000 7.1714
2.10210000000000 7.1750
2.10455000000000 7.1786
2.10700000000000 7.1822
2.10945000000000 7.1858
2.11190000000000 7.1894
2.11435000000000 7.1929
2.11680000000000 7.1965
2.11925000000000 7.2001
2.12170000000000 7.2037
2.12415000000000 7.2073
2.12660000000000 7.2108
2.12905000000000 7.2144
2.13150000000000 7.2180
2.13395000000000 7.2216
2.13640000000000 7.2251
2.13885000000000 7.2287
2.14130000000000 7.2323
2.14375000000000 7.2358
2.14620000000000 7.2394
2.14865000000000 7.2430
2.15110000000000 7.2465
2.15355000000000 7.2501
2.15600000000000 7.2536
2.15845000000000 7.2572
2.16090000000000 7.2608
2.16335000000000 7.2643
2.16580000000000 7.2679
2.16825000000000 7.2714
2.17070000000000 7.2750
2.17315000000000 7.2785
2.17560000000000 7.2821
2.17805000000000 7.2856
2.18050000000000 7.2891
2.18295000000000 7.2927
2.18540000000000 7.2962
2.18785000000000 7.2998
2.19030000000000 7.3033
2.19275000000000 7.3068
2.19520000000000 7.3104
2.19765000000000 7.3139
2.20010000000000 7.3174
2.20255000000000 7.3210
2.20500000000000 7.3245
2.20745000000000 7.3280
2.20990000000000 7.3315
2.21235000000000 7.3351
2.21480000000000 7.3386
2.21725000000000 7.3421
2.21970000000000 7.3456
2.22215000000000 7.3491
2.22460000000000 7.3527
2.22705000000000 7.3562
2.22950000000000 7.3597
2.23195000000000 7.3632
2.23440000000000 7.3667
2.23685000000000 7.3702
2.23930000000000 7.3737
2.24175000000000 7.3772
2.24420000000000 7.3808
2.24665000000000 7.3843
2.24910000000000 7.3878
2.25155000000000 7.3913
2.25400000000000 7.3948
2.25645000000000 7.3983
2.25890000000000 7.4018
2.26135000000000 7.4053
2.26380000000000 7.4088
2.26625000000000 7.4123
2.26870000000000 7.4158
2.27115000000000 7.4193
2.27360000000000 7.4227
2.27605000000000 7.4262
2.27850000000000 7.4297
2.28095000000000 7.4332
2.28340000000000 7.4367
2.28585000000000 7.4402
2.28830000000000 7.4437
2.29075000000000 7.4472
2.29320000000000 7.4507
2.29565000000000 7.4541
2.29810000000000 7.4576
2.30055000000000 7.4611
2.30300000000000 7.4646
2.30545000000000 7.4681
2.30790000000000 7.4715
2.31035000000000 7.4750
2.31280000000000 7.4785
2.31525000000000 7.4820
2.31770000000000 7.4855
2.32015000000000 7.4889
2.32260000000000 7.4924
2.32505000000000 7.4959
2.32750000000000 7.4994
2.32995000000000 7.5028
2.33240000000000 7.5063
2.33485000000000 7.5098
2.33730000000000 7.5132
2.33975000000000 7.5167
2.34220000000000 7.5202
2.34465000000000 7.5237
2.34710000000000 7.5271
2.34955000000000 7.5306
2.35200000000000 7.5340
2.35445000000000 7.5375
2.35690000000000 7.5410
2.35935000000000 7.5444
2.36180000000000 7.5479
2.36425000000000 7.5514
2.36670000000000 7.5548
2.36915000000000 7.5583
2.37160000000000 7.5618
2.37405000000000 7.5652
2.37650000000000 7.5687
2.37895000000000 7.5721
2.38140000000000 7.5756
2.38385000000000 7.5790
2.38630000000000 7.5825
2.38875000000000 7.5860
2.39120000000000 7.5894
2.39365000000000 7.5929
2.39610000000000 7.5963
2.39855000000000 7.5998
2.40100000000000 7.6032
2.40345000000000 7.6067
2.40590000000000 7.6101
2.40835000000000 7.6136
2.41080000000000 7.6171
2.41325000000000 7.6205
2.41570000000000 7.6240
2.41815000000000 7.6274
2.42060000000000 7.6309
2.42305000000000 7.6343
2.42550000000000 7.6378
2.42795000000000 7.6412
2.43040000000000 7.6447
2.43285000000000 7.6481
2.43530000000000 7.6516
2.43775000000000 7.6550
2.44020000000000 7.6585
2.44265000000000 7.6619
2.44510000000000 7.6654
2.44755000000000 7.6688
2.45000000000000 7.6723
2.45245000000000 7.6757
2.45490000000000 7.6792
2.45735000000000 7.6826
2.45980000000000 7.6861
2.46225000000000 7.6895
2.46470000000000 7.6929
2.46715000000000 7.6964
2.46960000000000 7.6998
2.47205000000000 7.7033
2.47450000000000 7.7067
2.47695000000000 7.7102
2.47940000000000 7.7136
2.48185000000000 7.7171
2.48430000000000 7.7205
2.48675000000000 7.7240
2.48920000000000 7.7274
2.49165000000000 7.7309
2.49410000000000 7.7343
2.49655000000000 7.7378
2.49900000000000 7.7412
2.50145000000000 7.7447
2.50390000000000 7.7481
2.50635000000000 7.7516
2.50880000000000 7.7550
2.51125000000000 7.7585
2.51370000000000 7.7619
2.51615000000000 7.7654
2.51860000000000 7.7688
2.52105000000000 7.7723
2.52350000000000 7.7757
2.52595000000000 7.7792
2.52840000000000 7.7826
2.53085000000000 7.7861
2.53330000000000 7.7895
2.53575000000000 7.7930
2.53820000000000 7.7964
2.54065000000000 7.7999
2.54310000000000 7.8033
2.54555000000000 7.8068
2.54800000000000 7.8103
2.55045000000000 7.8137
2.55290000000000 7.8172
2.55535000000000 7.8206
2.55780000000000 7.8241
2.56025000000000 7.8275
2.56270000000000 7.8310
2.56515000000000 7.8344
2.56760000000000 7.8379
2.57005000000000 7.8414
2.57250000000000 7.8448
2.57495000000000 7.8483
2.57740000000000 7.8517
2.57985000000000 7.8552
2.58230000000000 7.8587
2.58475000000000 7.8621
2.58720000000000 7.8656
2.58965000000000 7.8691
2.59210000000000 7.8725
2.59455000000000 7.8760
2.59700000000000 7.8794
2.59945000000000 7.8829
2.60190000000000 7.8864
2.60435000000000 7.8898
2.60680000000000 7.8933
2.60925000000000 7.8968
2.61170000000000 7.9002
2.61415000000000 7.9037
2.61660000000000 7.9072
2.61905000000000 7.9107
2.62150000000000 7.9141
2.62395000000000 7.9176
2.62640000000000 7.9211
2.62885000000000 7.9245
2.63130000000000 7.9280
2.63375000000000 7.9315
2.63620000000000 7.9350
2.63865000000000 7.9384
2.64110000000000 7.9419
2.64355000000000 7.9454
2.64600000000000 7.9489
2.64845000000000 7.9523
2.65090000000000 7.9558
2.65335000000000 7.9593
2.65580000000000 7.9628
2.65825000000000 7.9663
2.66070000000000 7.9697
2.66315000000000 7.9732
2.66560000000000 7.9767
2.66805000000000 7.9802
2.67050000000000 7.9837
2.67295000000000 7.9871
2.67540000000000 7.9906
2.67785000000000 7.9941
2.68030000000000 7.9976
2.68275000000000 8.0011
2.68520000000000 8.0046
2.68765000000000 8.0081
2.69010000000000 8.0116
2.69255000000000 8.0150
2.69500000000000 8.0185
2.69745000000000 8.0220
2.69990000000000 8.0255
2.70235000000000 8.0290
2.70480000000000 8.0325
2.70725000000000 8.0360
2.70970000000000 8.0395
2.71215000000000 8.0430
2.71460000000000 8.0465
2.71705000000000 8.0500
2.71950000000000 8.0535
2.72195000000000 8.0570
2.72440000000000 8.0605
2.72685000000000 8.0640
2.72930000000000 8.0675
2.73175000000000 8.0710
2.73420000000000 8.0744
2.73665000000000 8.0779
2.73910000000000 8.0814
2.74155000000000 8.0849
2.74400000000000 8.0884
2.74645000000000 8.0919
2.74890000000000 8.0954
2.75135000000000 8.0989
2.75380000000000 8.1024
2.75625000000000 8.1059
2.75870000000000 8.1094
2.76115000000000 8.1129
2.76360000000000 8.1164
2.76605000000000 8.1199
2.76850000000000 8.1234
2.77095000000000 8.1269
2.77340000000000 8.1304
2.77585000000000 8.1339
2.77830000000000 8.1373
2.78075000000000 8.1408
2.78320000000000 8.1443
2.78565000000000 8.1478
2.78810000000000 8.1512
2.79055000000000 8.1547
2.79300000000000 8.1582
2.79545000000000 8.1617
2.79790000000000 8.1652
2.80035000000000 8.1686
2.80280000000000 8.1721
2.80525000000000 8.1756
2.80770000000000 8.1790
2.81015000000000 8.1825
2.81260000000000 8.1860
2.81505000000000 8.1894
2.81750000000000 8.1929
2.81995000000000 8.1963
2.82240000000000 8.1998
2.82485000000000 8.2032
2.82730000000000 8.2067
2.82975000000000 8.2101
2.83220000000000 8.2135
2.83465000000000 8.2170
2.83710000000000 8.2204
2.83955000000000 8.2238
2.84200000000000 8.2272
2.84445000000000 8.2307
2.84690000000000 8.2341
2.84935000000000 8.2375
2.85180000000000 8.2408
2.85425000000000 8.2442
2.85670000000000 8.2476
2.85915000000000 8.2510
2.86160000000000 8.2544
2.86405000000000 8.2577
2.86650000000000 8.2611
2.86895000000000 8.2644
2.87140000000000 8.2678
2.87385000000000 8.2711
2.87630000000000 8.2744
2.87875000000000 8.2777
2.88120000000000 8.2810
2.88365000000000 8.2843
2.88610000000000 8.2876
2.88855000000000 8.2908
2.89100000000000 8.2941
2.89345000000000 8.2973
2.89590000000000 8.3006
2.89835000000000 8.3038
2.90080000000000 8.3070
2.90325000000000 8.3102
2.90570000000000 8.3133
2.90815000000000 8.3165
2.91060000000000 8.3196
2.91305000000000 8.3228
2.91550000000000 8.3259
2.91795000000000 8.3289
2.92040000000000 8.3320
2.92285000000000 8.3351
2.92530000000000 8.3381
2.92775000000000 8.3411
2.93020000000000 8.3441
2.93265000000000 8.3470
2.93510000000000 8.3500
2.93755000000000 8.3529
2.94000000000000 8.3558
2.94245000000000 8.3586
2.94490000000000 8.3614
2.94735000000000 8.3642
2.94980000000000 8.3670
2.95225000000000 8.3698
2.95470000000000 8.3725
2.95715000000000 8.3751
2.95960000000000 8.3778
2.96205000000000 8.3804
2.96450000000000 8.3829
2.96695000000000 8.3855
2.96940000000000 8.3880
2.97185000000000 8.3904
2.97430000000000 8.3928
2.97675000000000 8.3952
2.97920000000000 8.3975
2.98165000000000 8.3998
2.98410000000000 8.4020
2.98655000000000 8.4042
2.98900000000000 8.4063
2.99145000000000 8.4084
2.99390000000000 8.4104
2.99635000000000 8.4123
2.99880000000000 8.4142
3.00125000000000 8.4161
3.00370000000000 8.4179
3.00615000000000 8.4196
3.00860000000000 8.4213
3.01105000000000 8.4229
3.01350000000000 8.4244
3.01595000000000 8.4259
3.01840000000000 8.4273
3.02085000000000 8.4286
3.02330000000000 8.4299
3.02575000000000 8.4311
3.02820000000000 8.4322
3.03065000000000 8.4332
3.03310000000000 8.4342
3.03555000000000 8.4351
3.03800000000000 8.4359
3.04045000000000 8.4366
3.04290000000000 8.4373
3.04535000000000 8.4378
3.04780000000000 8.4383
3.05025000000000 8.4387
3.05270000000000 8.4390
3.05515000000000 8.4393
3.05760000000000 8.4395
3.06005000000000 8.4395
3.06250000000000 8.4395
3.06495000000000 8.4394
3.06740000000000 8.4393
3.06985000000000 8.4390
3.07230000000000 8.4387
3.07475000000000 8.4383
3.07720000000000 8.4378
3.07965000000000 8.4372
3.08210000000000 8.4365
3.08455000000000 8.4358
3.08700000000000 8.4350
3.08945000000000 8.4341
3.09190000000000 8.4331
3.09435000000000 8.4320
3.09680000000000 8.4309
3.09925000000000 8.4297
3.10170000000000 8.4285
3.10415000000000 8.4271
3.10660000000000 8.4257
3.10905000000000 8.4242
3.11150000000000 8.4227
3.11395000000000 8.4211
3.11640000000000 8.4194
3.11885000000000 8.4176
3.12130000000000 8.4158
3.12375000000000 8.4140
3.12620000000000 8.4121
3.12865000000000 8.4101
3.13110000000000 8.4081
3.13355000000000 8.4060
3.13600000000000 8.4038
3.13845000000000 8.4016
3.14090000000000 8.3994
3.14335000000000 8.3971
3.14580000000000 8.3948
3.14825000000000 8.3924
3.15070000000000 8.3900
3.15315000000000 8.3875
3.15560000000000 8.3850
3.15805000000000 8.3824
3.16050000000000 8.3799
3.16295000000000 8.3772
3.16540000000000 8.3746
3.16785000000000 8.3719
3.17030000000000 8.3692
3.17275000000000 8.3664
3.17520000000000 8.3636
3.17765000000000 8.3608
3.18010000000000 8.3579
3.18255000000000 8.3551
3.18500000000000 8.3522
3.18745000000000 8.3492
3.18990000000000 8.3463
3.19235000000000 8.3433
3.19480000000000 8.3403
3.19725000000000 8.3373
3.19970000000000 8.3342
3.20215000000000 8.3312
3.20460000000000 8.3281
3.20705000000000 8.3250
3.20950000000000 8.3219
3.21195000000000 8.3187
3.21440000000000 8.3156
3.21685000000000 8.3124
3.21930000000000 8.3092
3.22175000000000 8.3060
3.22420000000000 8.3028
3.22665000000000 8.2995
3.22910000000000 8.2963
3.23155000000000 8.2930
3.23400000000000 8.2898
3.23645000000000 8.2865
3.23890000000000 8.2832
3.24135000000000 8.2799
3.24380000000000 8.2766
3.24625000000000 8.2733
3.24870000000000 8.2699
3.25115000000000 8.2666
3.25360000000000 8.2632
3.25605000000000 8.2599
3.25850000000000 8.2565
3.26095000000000 8.2531
3.26340000000000 8.2498
3.26585000000000 8.2464
3.26830000000000 8.2430
3.27075000000000 8.2396
3.27320000000000 8.2362
3.27565000000000 8.2328
3.27810000000000 8.2293
3.28055000000000 8.2259
3.28300000000000 8.2225
3.28545000000000 8.2191
3.28790000000000 8.2156
3.29035000000000 8.2122
3.29280000000000 8.2087
3.29525000000000 8.2053
3.29770000000000 8.2018
3.30015000000000 8.1984
3.30260000000000 8.1949
3.30505000000000 8.1915
3.30750000000000 8.1880
3.30995000000000 8.1845
3.31240000000000 8.1811
3.31485000000000 8.1776
3.31730000000000 8.1741
3.31975000000000 8.1706
3.32220000000000 8.1672
3.32465000000000 8.1637
3.32710000000000 8.1602
3.32955000000000 8.1567
3.33200000000000 8.1532
3.33445000000000 8.1497
3.33690000000000 8.1463
3.33935000000000 8.1428
3.34180000000000 8.1393
3.34425000000000 8.1358
3.34670000000000 8.1323
3.34915000000000 8.1288
3.35160000000000 8.1253
3.35405000000000 8.1218
3.35650000000000 8.1183
3.35895000000000 8.1148
3.36140000000000 8.1113
3.36385000000000 8.1078
3.36630000000000 8.1043
3.36875000000000 8.1008
3.37120000000000 8.0973
3.37365000000000 8.0938
3.37610000000000 8.0903
3.37855000000000 8.0869
3.38100000000000 8.0834
3.38345000000000 8.0799
3.38590000000000 8.0764
3.38835000000000 8.0729
3.39080000000000 8.0694
3.39325000000000 8.0659
3.39570000000000 8.0624
3.39815000000000 8.0589
3.40060000000000 8.0554
3.40305000000000 8.0519
3.40550000000000 8.0484
3.40795000000000 8.0449
3.41040000000000 8.0414
3.41285000000000 8.0379
3.41530000000000 8.0344
3.41775000000000 8.0309
3.42020000000000 8.0275
3.42265000000000 8.0240
3.42510000000000 8.0205
3.42755000000000 8.0170
3.43000000000000 8.0135
3.43245000000000 8.0100
3.43490000000000 8.0065
3.43735000000000 8.0030
3.43980000000000 7.9995
3.44225000000000 7.9960
3.44470000000000 7.9925
3.44715000000000 7.9890
3.44960000000000 7.9856
3.45205000000000 7.9821
3.45450000000000 7.9786
3.45695000000000 7.9751
3.45940000000000 7.9716
3.46185000000000 7.9681
3.46430000000000 7.9647
3.46675000000000 7.9612
3.46920000000000 7.9577
3.47165000000000 7.9542
3.47410000000000 7.9507
3.47655000000000 7.9473
3.47900000000000 7.9438
3.48145000000000 7.9403
3.48390000000000 7.9368
3.48635000000000 7.9333
3.48880000000000 7.9299
3.49125000000000 7.9264
3.49370000000000 7.9229
3.49615000000000 7.9195
3.49860000000000 7.9160
3.50105000000000 7.9125
3.50350000000000 7.9090
3.50595000000000 7.9056
3.50840000000000 7.9021
3.51085000000000 7.8986
3.51330000000000 7.8952
3.51575000000000 7.8917
3.51820000000000 7.8882
3.52065000000000 7.8848
3.52310000000000 7.8813
3.52555000000000 7.8778
3.52800000000000 7.8744
3.53045000000000 7.8709
3.53290000000000 7.8674
3.53535000000000 7.8640
3.53780000000000 7.8605
3.54025000000000 7.8571
3.54270000000000 7.8536
3.54515000000000 7.8501
3.54760000000000 7.8467
3.55005000000000 7.8432
3.55250000000000 7.8398
3.55495000000000 7.8363
3.55740000000000 7.8328
3.55985000000000 7.8294
3.56230000000000 7.8259
3.56475000000000 7.8225
3.56720000000000 7.8190
3.56965000000000 7.8156
3.57210000000000 7.8121
3.57455000000000 7.8087
3.57700000000000 7.8052
3.57945000000000 7.8017
3.58190000000000 7.7983
3.58435000000000 7.7948
3.58680000000000 7.7914
3.58925000000000 7.7879
3.59170000000000 7.7845
3.59415000000000 7.7810
3.59660000000000 7.7776
3.59905000000000 7.7741
3.60150000000000 7.7707
3.60395000000000 7.7673
3.60640000000000 7.7638
3.60885000000000 7.7604
3.61130000000000 7.7569
3.61375000000000 7.7535
3.61620000000000 7.7500
3.61865000000000 7.7466
3.62110000000000 7.7431
3.62355000000000 7.7397
3.62600000000000 7.7362
3.62845000000000 7.7328
3.63090000000000 7.7293
3.63335000000000 7.7259
3.63580000000000 7.7224
3.63825000000000 7.7190
3.64070000000000 7.7155
3.64315000000000 7.7121
3.64560000000000 7.7086
3.64805000000000 7.7052
3.65050000000000 7.7017
3.65295000000000 7.6983
3.65540000000000 7.6948
3.65785000000000 7.6914
3.66030000000000 7.6879
3.66275000000000 7.6845
3.66520000000000 7.6810
3.66765000000000 7.6776
3.67010000000000 7.6741
3.67255000000000 7.6707
3.67500000000000 7.6672
3.67745000000000 7.6638
3.67990000000000 7.6603
3.68235000000000 7.6569
3.68480000000000 7.6535
3.68725000000000 7.6500
3.68970000000000 7.6466
3.69215000000000 7.6431
3.69460000000000 7.6397
3.69705000000000 7.6362
3.69950000000000 7.6328
3.70195000000000 7.6293
3.70440000000000 7.6259
3.70685000000000 7.6224
3.70930000000000 7.6190
3.71175000000000 7.6155
3.71420000000000 7.6121
3.71665000000000 7.6086
3.71910000000000 7.6052
3.72155000000000 7.6017
3.72400000000000 7.5983
3.72645000000000 7.5948
3.72890000000000 7.5914
3.73135000000000 7.5879
3.73380000000000 7.5845
3.73625000000000 7.5810
3.73870000000000 7.5776
3.74115000000000 7.5741
3.74360000000000 7.5706
3.74605000000000 7.5672
3.74850000000000 7.5637
3.75095000000000 7.5603
3.75340000000000 7.5568
3.75585000000000 7.5534
3.75830000000000 7.5499
3.76075000000000 7.5465
3.76320000000000 7.5430
3.76565000000000 7.5395
3.76810000000000 7.5361
3.77055000000000 7.5326
3.77300000000000 7.5292
3.77545000000000 7.5257
3.77790000000000 7.5222
3.78035000000000 7.5188
3.78280000000000 7.5153
3.78525000000000 7.5118
3.78770000000000 7.5084
3.79015000000000 7.5049
3.79260000000000 7.5014
3.79505000000000 7.4980
3.79750000000000 7.4945
3.79995000000000 7.4910
3.80240000000000 7.4876
3.80485000000000 7.4841
3.80730000000000 7.4806
3.80975000000000 7.4772
3.81220000000000 7.4737
3.81465000000000 7.4702
3.81710000000000 7.4667
3.81955000000000 7.4633
3.82200000000000 7.4598
3.82445000000000 7.4563
3.82690000000000 7.4528
3.82935000000000 7.4493
3.83180000000000 7.4459
3.83425000000000 7.4424
3.83670000000000 7.4389
3.83915000000000 7.4354
3.84160000000000 7.4319
3.84405000000000 7.4285
3.84650000000000 7.4250
3.84895000000000 7.4215
3.85140000000000 7.4180
3.85385000000000 7.4145
3.85630000000000 7.4110
3.85875000000000 7.4075
3.86120000000000 7.4040
3.86365000000000 7.4005
3.86610000000000 7.3970
3.86855000000000 7.3936
3.87100000000000 7.3901
3.87345000000000 7.3866
3.87590000000000 7.3831
3.87835000000000 7.3796
3.88080000000000 7.3761
3.88325000000000 7.3726
3.88570000000000 7.3691
3.88815000000000 7.3656
3.89060000000000 7.3620
3.89305000000000 7.3585
3.89550000000000 7.3550
3.89795000000000 7.3515
3.90040000000000 7.3480
3.90285000000000 7.3445
3.90530000000000 7.3410
3.90775000000000 7.3375
3.91020000000000 7.3339
3.91265000000000 7.3304
3.91510000000000 7.3269
3.91755000000000 7.3234
3.92000000000000 7.3199
3.92245000000000 7.3163
3.92490000000000 7.3128
3.92735000000000 7.3093
3.92980000000000 7.3058
3.93225000000000 7.3022
3.93470000000000 7.2987
3.93715000000000 7.2952
3.93960000000000 7.2916
3.94205000000000 7.2881
3.94450000000000 7.2846
3.94695000000000 7.2810
3.94940000000000 7.2775
3.95185000000000 7.2740
3.95430000000000 7.2704
3.95675000000000 7.2669
3.95920000000000 7.2633
3.96165000000000 7.2598
3.96410000000000 7.2562
3.96655000000000 7.2527
3.96900000000000 7.2491
3.97145000000000 7.2456
3.97390000000000 7.2420
3.97635000000000 7.2385
3.97880000000000 7.2349
3.98125000000000 7.2314
3.98370000000000 7.2278
3.98615000000000 7.2242
3.98860000000000 7.2207
3.99105000000000 7.2171
3.99350000000000 7.2136
3.99595000000000 7.2100
3.99840000000000 7.2064
4.00085000000000 7.2028
4.00330000000000 7.1993
4.00575000000000 7.1957
4.00820000000000 7.1921
4.01065000000000 7.1885
4.01310000000000 7.1850
4.01555000000000 7.1814
4.01800000000000 7.1778
4.02045000000000 7.1742
4.02290000000000 7.1706
4.02535000000000 7.1670
4.02780000000000 7.1635
4.03025000000000 7.1599
4.03270000000000 7.1563
4.03515000000000 7.1527
4.03760000000000 7.1491
4.04005000000000 7.1455
4.04250000000000 7.1419
4.04495000000000 7.1383
4.04740000000000 7.1347
4.04985000000000 7.1311
4.05230000000000 7.1275
4.05475000000000 7.1239
4.05720000000000 7.1202
4.05965000000000 7.1166
4.06210000000000 7.1130
4.06455000000000 7.1094
4.06700000000000 7.1058
4.06945000000000 7.1022
4.07190000000000 7.0985
4.07435000000000 7.0949
4.07680000000000 7.0913
4.07925000000000 7.0877
4.08170000000000 7.0840
4.08415000000000 7.0804
4.08660000000000 7.0768
4.08905000000000 7.0731
4.09150000000000 7.0695
4.09395000000000 7.0659
4.09640000000000 7.0622
4.09885000000000 7.0586
4.10130000000000 7.0549
4.10375000000000 7.0513
4.10620000000000 7.0476
4.10865000000000 7.0440
4.11110000000000 7.0403
4.11355000000000 7.0367
4.11600000000000 7.0330
4.11845000000000 7.0294
4.12090000000000 7.0257
4.12335000000000 7.0221
4.12580000000000 7.0184
4.12825000000000 7.0147
4.13070000000000 7.0111
4.13315000000000 7.0074
4.13560000000000 7.0037
4.13805000000000 7.0001
4.14050000000000 6.9964
4.14295000000000 6.9927
4.14540000000000 6.9890
4.14785000000000 6.9853
4.15030000000000 6.9817
4.15275000000000 6.9780
4.15520000000000 6.9743
4.15765000000000 6.9706
4.16010000000000 6.9669
4.16255000000000 6.9632
4.16500000000000 6.9595
4.16745000000000 6.9558
4.16990000000000 6.9521
4.17235000000000 6.9484
4.17480000000000 6.9447
4.17725000000000 6.9410
4.17970000000000 6.9373
4.18215000000000 6.9336
4.18460000000000 6.9299
4.18705000000000 6.9262
4.18950000000000 6.9225
4.19195000000000 6.9187
4.19440000000000 6.9150
4.19685000000000 6.9113
4.19930000000000 6.9076
4.20175000000000 6.9039
4.20420000000000 6.9001
4.20665000000000 6.8964
4.20910000000000 6.8927
4.21155000000000 6.8889
4.21400000000000 6.8852
4.21645000000000 6.8815
4.21890000000000 6.8777
4.22135000000000 6.8740
4.22380000000000 6.8703
4.22625000000000 6.8665
4.22870000000000 6.8628
4.23115000000000 6.8590
4.23360000000000 6.8553
4.23605000000000 6.8515
4.23850000000000 6.8478
4.24095000000000 6.8440
4.24340000000000 6.8403
4.24585000000000 6.8365
4.24830000000000 6.8327
4.25075000000000 6.8290
4.25320000000000 6.8252
4.25565000000000 6.8214
4.25810000000000 6.8177
4.26055000000000 6.8139
4.26300000000000 6.8101
4.26545000000000 6.8064
4.26790000000000 6.8026
4.27035000000000 6.7988
4.27280000000000 6.7950
4.27525000000000 6.7913
4.27770000000000 6.7875
4.28015000000000 6.7837
4.28260000000000 6.7799
4.28505000000000 6.7761
4.28750000000000 6.7723
4.28995000000000 6.7685
4.29240000000000 6.7647
4.29485000000000 6.7609
4.29730000000000 6.7571
4.29975000000000 6.7533
4.30220000000000 6.7495
4.30465000000000 6.7457
4.30710000000000 6.7419
4.30955000000000 6.7381
4.31200000000000 6.7343
4.31445000000000 6.7305
4.31690000000000 6.7267
4.31935000000000 6.7229
4.32180000000000 6.7191
4.32425000000000 6.7152
4.32670000000000 6.7114
4.32915000000000 6.7076
4.33160000000000 6.7038
4.33405000000000 6.7000
4.33650000000000 6.6961
4.33895000000000 6.6923
4.34140000000000 6.6885
4.34385000000000 6.6846
4.34630000000000 6.6808
4.34875000000000 6.6770
4.35120000000000 6.6731
4.35365000000000 6.6693
4.35610000000000 6.6655
4.35855000000000 6.6616
4.36100000000000 6.6578
4.36345000000000 6.6539
4.36590000000000 6.6501
4.36835000000000 6.6462
4.37080000000000 6.6424
4.37325000000000 6.6385
4.37570000000000 6.6347
4.37815000000000 6.6308
4.38060000000000 6.6270
4.38305000000000 6.6231
4.38550000000000 6.6193
4.38795000000000 6.6154
4.39040000000000 6.6115
4.39285000000000 6.6077
4.39530000000000 6.6038
4.39775000000000 6.6000
4.40020000000000 6.5961
4.40265000000000 6.5922
4.40510000000000 6.5883
4.40755000000000 6.5845
4.41000000000000 6.5806
4.41245000000000 6.5767
4.41490000000000 6.5729
4.41735000000000 6.5690
4.41980000000000 6.5651
4.42225000000000 6.5612
4.42470000000000 6.5574
4.42715000000000 6.5535
4.42960000000000 6.5496
4.43205000000000 6.5457
4.43450000000000 6.5418
4.43695000000000 6.5379
4.43940000000000 6.5341
4.44185000000000 6.5302
4.44430000000000 6.5263
4.44675000000000 6.5224
4.44920000000000 6.5185
4.45165000000000 6.5146
4.45410000000000 6.5107
4.45655000000000 6.5068
4.45900000000000 6.5029
4.46145000000000 6.4990
4.46390000000000 6.4951
4.46635000000000 6.4912
4.46880000000000 6.4873
4.47125000000000 6.4834
4.47370000000000 6.4795
4.47615000000000 6.4756
4.47860000000000 6.4717
4.48105000000000 6.4678
4.48350000000000 6.4639
4.48595000000000 6.4600
4.48840000000000 6.4561
4.49085000000000 6.4522
4.49330000000000 6.4483
4.49575000000000 6.4444
4.49820000000000 6.4405
4.50065000000000 6.4366
4.50310000000000 6.4326
4.50555000000000 6.4287
4.50800000000000 6.4248
4.51045000000000 6.4209
4.51290000000000 6.4170
4.51535000000000 6.4131
4.51780000000000 6.4092
4.52025000000000 6.4053
4.52270000000000 6.4013
4.52515000000000 6.3974
4.52760000000000 6.3935
4.53005000000000 6.3896
4.53250000000000 6.3857
4.53495000000000 6.3817
4.53740000000000 6.3778
4.53985000000000 6.3739
4.54230000000000 6.3700
4.54475000000000 6.3661
4.54720000000000 6.3621
4.54965000000000 6.3582
4.55210000000000 6.3543
4.55455000000000 6.3504
4.55700000000000 6.3464
4.55945000000000 6.3425
4.56190000000000 6.3386
4.56435000000000 6.3347
4.56680000000000 6.3308
4.56925000000000 6.3268
4.57170000000000 6.3229
4.57415000000000 6.3190
4.57660000000000 6.3151
4.57905000000000 6.3111
4.58150000000000 6.3072
4.58395000000000 6.3033
4.58640000000000 6.2994
4.58885000000000 6.2954
4.59130000000000 6.2915
4.59375000000000 6.2876
4.59620000000000 6.2837
4.59865000000000 6.2797
4.60110000000000 6.2758
4.60355000000000 6.2719
4.60600000000000 6.2679
4.60845000000000 6.2640
4.61090000000000 6.2601
4.61335000000000 6.2562
4.61580000000000 6.2522
4.61825000000000 6.2483
4.62070000000000 6.2444
4.62315000000000 6.2405
4.62560000000000 6.2366
4.62805000000000 6.2326
4.63050000000000 6.2287
4.63295000000000 6.2248
4.63540000000000 6.2209
4.63785000000000 6.2169
4.64030000000000 6.2130
4.64275000000000 6.2091
4.64520000000000 6.2052
4.64765000000000 6.2013
4.65010000000000 6.1973
4.65255000000000 6.1934
4.65500000000000 6.1895
4.65745000000000 6.1856
4.65990000000000 6.1817
4.66235000000000 6.1777
4.66480000000000 6.1738
4.66725000000000 6.1699
4.66970000000000 6.1660
4.67215000000000 6.1621
4.67460000000000 6.1581
4.67705000000000 6.1542
4.67950000000000 6.1503
4.68195000000000 6.1464
4.68440000000000 6.1425
4.68685000000000 6.1386
4.68930000000000 6.1347
4.69175000000000 6.1308
4.69420000000000 6.1268
4.69665000000000 6.1229
4.69910000000000 6.1190
4.70155000000000 6.1151
4.70400000000000 6.1112
4.70645000000000 6.1073
4.70890000000000 6.1034
4.71135000000000 6.0995
4.71380000000000 6.0956
4.71625000000000 6.0917
4.71870000000000 6.0878
4.72115000000000 6.0839
4.72360000000000 6.0800
4.72605000000000 6.0761
4.72850000000000 6.0722
4.73095000000000 6.0683
4.73340000000000 6.0644
4.73585000000000 6.0605
4.73830000000000 6.0566
4.74075000000000 6.0527
4.74320000000000 6.0488
4.74565000000000 6.0449
4.74810000000000 6.0410
4.75055000000000 6.0371
4.75300000000000 6.0332
4.75545000000000 6.0294
4.75790000000000 6.0255
4.76035000000000 6.0216
4.76280000000000 6.0177
4.76525000000000 6.0138
4.76770000000000 6.0099
4.77015000000000 6.0061
4.77260000000000 6.0022
4.77505000000000 5.9983
4.77750000000000 5.9944
4.77995000000000 5.9906
4.78240000000000 5.9867
4.78485000000000 5.9828
4.78730000000000 5.9789
4.78975000000000 5.9751
4.79220000000000 5.9712
4.79465000000000 5.9673
4.79710000000000 5.9635
4.79955000000000 5.9596
4.80200000000000 5.9557
4.80445000000000 5.9519
4.80690000000000 5.9480
4.80935000000000 5.9442
4.81180000000000 5.9403
4.81425000000000 5.9365
4.81670000000000 5.9326
4.81915000000000 5.9288
4.82160000000000 5.9249
4.82405000000000 5.9211
4.82650000000000 5.9172
4.82895000000000 5.9134
4.83140000000000 5.9095
4.83385000000000 5.9057
4.83630000000000 5.9018
4.83875000000000 5.8980
4.84120000000000 5.8942
4.84365000000000 5.8903
4.84610000000000 5.8865
4.84855000000000 5.8827
4.85100000000000 5.8788
4.85345000000000 5.8750
4.85590000000000 5.8712
4.85835000000000 5.8673
4.86080000000000 5.8635
4.86325000000000 5.8597
4.86570000000000 5.8559
4.86815000000000 5.8521
4.87060000000000 5.8482
4.87305000000000 5.8444
4.87550000000000 5.8406
4.87795000000000 5.8368
4.88040000000000 5.8330
4.88285000000000 5.8292
4.88530000000000 5.8254
4.88775000000000 5.8216
4.89020000000000 5.8177
4.89265000000000 5.8139
4.89510000000000 5.8102
4.89755000000000 5.8064
4.90000000000000 5.8026
4.90245000000000 5.7988
4.90490000000000 5.7950
4.90735000000000 5.7912
4.90980000000000 5.7874
4.91225000000000 5.7836
4.91470000000000 5.7798
4.91715000000000 5.7760
4.91960000000000 5.7722
4.92205000000000 5.7685
4.92450000000000 5.7647
4.92695000000000 5.7609
4.92940000000000 5.7571
4.93185000000000 5.7534
4.93430000000000 5.7496
4.93675000000000 5.7458
4.93920000000000 5.7421
4.94165000000000 5.7383
4.94410000000000 5.7345
4.94655000000000 5.7308
4.94900000000000 5.7270
4.95145000000000 5.7233
4.95390000000000 5.7195
4.95635000000000 5.7158
4.95880000000000 5.7120
4.96125000000000 5.7083
4.96370000000000 5.7045
4.96615000000000 5.7008
4.96860000000000 5.6970
4.97105000000000 5.6933
4.97350000000000 5.6895
4.97595000000000 5.6858
4.97840000000000 5.6821
4.98085000000000 5.6783
4.98330000000000 5.6746
4.98575000000000 5.6709
4.98820000000000 5.6671
4.99065000000000 5.6634
4.99310000000000 5.6597
4.99555000000000 5.6560
4.99800000000000 5.6523
5.00045000000000 5.6485
5.00290000000000 5.6448
5.00535000000000 5.6411
5.00780000000000 5.6374
5.01025000000000 5.6337
5.01270000000000 5.6300
5.01515000000000 5.6263
5.01760000000000 5.6226
5.02005000000000 5.6189
5.02250000000000 5.6152
5.02495000000000 5.6115
5.02740000000000 5.6078
5.02985000000000 5.6041
5.03230000000000 5.6004
5.03475000000000 5.5967
5.03720000000000 5.5930
5.03965000000000 5.5893
5.04210000000000 5.5856
5.04455000000000 5.5819
5.04700000000000 5.5783
5.04945000000000 5.5746
5.05190000000000 5.5709
5.05435000000000 5.5672
5.05680000000000 5.5636
5.05925000000000 5.5599
5.06170000000000 5.5562
5.06415000000000 5.5526
5.06660000000000 5.5489
5.06905000000000 5.5452
5.07150000000000 5.5416
5.07395000000000 5.5379
5.07640000000000 5.5343
5.07885000000000 5.5306
5.08130000000000 5.5269
5.08375000000000 5.5233
5.08620000000000 5.5196
5.08865000000000 5.5160
5.09110000000000 5.5124
5.09355000000000 5.5087
5.09600000000000 5.5051
5.09845000000000 5.5014
5.10090000000000 5.4978
5.10335000000000 5.4941
5.10580000000000 5.4905
5.10825000000000 5.4869
5.11070000000000 5.4833
5.11315000000000 5.4796
5.11560000000000 5.4760
5.11805000000000 5.4724
5.12050000000000 5.4688
5.12295000000000 5.4651
5.12540000000000 5.4615
5.12785000000000 5.4579
5.13030000000000 5.4543
5.13275000000000 5.4507
5.13520000000000 5.4471
5.13765000000000 5.4434
5.14010000000000 5.4398
5.14255000000000 5.4362
5.14500000000000 5.4326
5.14745000000000 5.4290
5.14990000000000 5.4254
5.15235000000000 5.4218
5.15480000000000 5.4182
5.15725000000000 5.4146
5.15970000000000 5.4110
5.16215000000000 5.4074
5.16460000000000 5.4038
5.16705000000000 5.4003
5.16950000000000 5.3967
5.17195000000000 5.3931
5.17440000000000 5.3895
5.17685000000000 5.3859
5.17930000000000 5.3823
5.18175000000000 5.3788
5.18420000000000 5.3752
5.18665000000000 5.3716
5.18910000000000 5.3680
5.19155000000000 5.3645
5.19400000000000 5.3609
5.19645000000000 5.3573
5.19890000000000 5.3538
5.20135000000000 5.3502
5.20380000000000 5.3466
5.20625000000000 5.3431
5.20870000000000 5.3395
5.21115000000000 5.3360
5.21360000000000 5.3324
5.21605000000000 5.3288
5.21850000000000 5.3253
5.22095000000000 5.3217
5.22340000000000 5.3182
5.22585000000000 5.3146
5.22830000000000 5.3111
5.23075000000000 5.3075
5.23320000000000 5.3040
5.23565000000000 5.3005
5.23810000000000 5.2969
5.24055000000000 5.2934
5.24300000000000 5.2898
5.24545000000000 5.2863
5.24790000000000 5.2828
5.25035000000000 5.2792
5.25280000000000 5.2757
5.25525000000000 5.2722
5.25770000000000 5.2686
5.26015000000000 5.2651
5.26260000000000 5.2616
5.26505000000000 5.2581
5.26750000000000 5.2545
5.26995000000000 5.2510
5.27240000000000 5.2475
5.27485000000000 5.2440
5.27730000000000 5.2404
5.27975000000000 5.2369
5.28220000000000 5.2334
5.28465000000000 5.2299
5.28710000000000 5.2264
5.28955000000000 5.2229
5.29200000000000 5.2194
5.29445000000000 5.2159
5.29690000000000 5.2123
5.29935000000000 5.2088
5.30180000000000 5.2053
5.30425000000000 5.2018
5.30670000000000 5.1983
5.30915000000000 5.1948
5.31160000000000 5.1913
5.31405000000000 5.1878
5.31650000000000 5.1843
5.31895000000000 5.1808
5.32140000000000 5.1773
5.32385000000000 5.1738
5.32630000000000 5.1703
5.32875000000000 5.1668
5.33120000000000 5.1633
5.33365000000000 5.1599
5.33610000000000 5.1564
5.33855000000000 5.1529
5.34100000000000 5.1494
5.34345000000000 5.1459
5.34590000000000 5.1424
5.34835000000000 5.1389
5.35080000000000 5.1354
5.35325000000000 5.1320
5.35570000000000 5.1285
5.35815000000000 5.1250
5.36060000000000 5.1215
5.36305000000000 5.1180
5.36550000000000 5.1146
5.36795000000000 5.1111
5.37040000000000 5.1076
5.37285000000000 5.1041
5.37530000000000 5.1007
5.37775000000000 5.0972
5.38020000000000 5.0937
5.38265000000000 5.0903
5.38510000000000 5.0868
5.38755000000000 5.0833
5.39000000000000 5.0798
5.39245000000000 5.0764
5.39490000000000 5.0729
5.39735000000000 5.0694
5.39980000000000 5.0660
5.40225000000000 5.0625
5.40470000000000 5.0591
5.40715000000000 5.0556
5.40960000000000 5.0521
5.41205000000000 5.0487
5.41450000000000 5.0452
5.41695000000000 5.0417
5.41940000000000 5.0383
5.42185000000000 5.0348
5.42430000000000 5.0314
5.42675000000000 5.0279
5.42920000000000 5.0245
5.43165000000000 5.0210
5.43410000000000 5.0175
5.43655000000000 5.0141
5.43900000000000 5.0106
5.44145000000000 5.0072
5.44390000000000 5.0037
5.44635000000000 5.0003
5.44880000000000 4.9968
5.45125000000000 4.9933
5.45370000000000 4.9899
5.45615000000000 4.9865
5.45860000000000 4.9830
5.46105000000000 4.9796
5.46350000000000 4.9761
5.46595000000000 4.9727
5.46840000000000 4.9692
5.47085000000000 4.9658
5.47330000000000 4.9623
5.47575000000000 4.9589
5.47820000000000 4.9554
5.48065000000000 4.9520
5.48310000000000 4.9485
5.48555000000000 4.9451
5.48800000000000 4.9416
5.49045000000000 4.9382
5.49290000000000 4.9347
5.49535000000000 4.9313
5.49780000000000 4.9278
5.50025000000000 4.9244
5.50270000000000 4.9209
5.50515000000000 4.9175
5.50760000000000 4.9140
5.51005000000000 4.9106
5.51250000000000 4.9071
5.51495000000000 4.9037
5.51740000000000 4.9003
5.51985000000000 4.8968
5.52230000000000 4.8934
5.52475000000000 4.8899
5.52720000000000 4.8865
5.52965000000000 4.8831
5.53210000000000 4.8796
5.53455000000000 4.8762
5.53700000000000 4.8727
5.53945000000000 4.8693
5.54190000000000 4.8659
5.54435000000000 4.8624
5.54680000000000 4.8590
5.54925000000000 4.8555
5.55170000000000 4.8521
5.55415000000000 4.8486
5.55660000000000 4.8452
5.55905000000000 4.8418
5.56150000000000 4.8383
5.56395000000000 4.8349
5.56640000000000 4.8314
5.56885000000000 4.8280
5.57130000000000 4.8245
5.57375000000000 4.8211
5.57620000000000 4.8176
5.57865000000000 4.8142
5.58110000000000 4.8107
5.58355000000000 4.8073
5.58600000000000 4.8038
5.58845000000000 4.8004
5.59090000000000 4.7969
5.59335000000000 4.7935
5.59580000000000 4.7900
5.59825000000000 4.7866
5.60070000000000 4.7831
5.60315000000000 4.7797
5.60560000000000 4.7762
5.60805000000000 4.7728
5.61050000000000 4.7693
5.61295000000000 4.7659
5.61540000000000 4.7625
5.61785000000000 4.7590
5.62030000000000 4.7556
5.62275000000000 4.7521
5.62520000000000 4.7486
5.62765000000000 4.7452
5.63010000000000 4.7417
5.63255000000000 4.7383
5.63500000000000 4.7348
5.63745000000000 4.7314
5.63990000000000 4.7279
5.64235000000000 4.7244
5.64480000000000 4.7210
5.64725000000000 4.7175
5.64970000000000 4.7141
5.65215000000000 4.7106
5.65460000000000 4.7072
5.65705000000000 4.7037
5.65950000000000 4.7002
5.66195000000000 4.6968
5.66440000000000 4.6933
5.66685000000000 4.6898
5.66930000000000 4.6864
5.67175000000000 4.6829
5.67420000000000 4.6795
5.67665000000000 4.6760
5.67910000000000 4.6725
5.68155000000000 4.6691
5.68400000000000 4.6656
5.68645000000000 4.6621
5.68890000000000 4.6587
5.69135000000000 4.6552
5.69380000000000 4.6517
5.69625000000000 4.6482
5.69870000000000 4.6448
5.70115000000000 4.6413
5.70360000000000 4.6378
5.70605000000000 4.6344
5.70850000000000 4.6309
5.71095000000000 4.6274
5.71340000000000 4.6239
5.71585000000000 4.6205
5.71830000000000 4.6170
5.72075000000000 4.6135
5.72320000000000 4.6100
5.72565000000000 4.6065
5.72810000000000 4.6031
5.73055000000000 4.5996
5.73300000000000 4.5961
5.73545000000000 4.5926
5.73790000000000 4.5891
5.74035000000000 4.5856
5.74280000000000 4.5821
5.74525000000000 4.5787
5.74770000000000 4.5752
5.75015000000000 4.5717
5.75260000000000 4.5682
5.75505000000000 4.5647
5.75750000000000 4.5612
5.75995000000000 4.5577
5.76240000000000 4.5542
5.76485000000000 4.5507
5.76730000000000 4.5472
5.76975000000000 4.5437
5.77220000000000 4.5403
5.77465000000000 4.5368
5.77710000000000 4.5333
5.77955000000000 4.5298
5.78200000000000 4.5263
5.78445000000000 4.5228
5.78690000000000 4.5193
5.78935000000000 4.5158
5.79180000000000 4.5123
5.79425000000000 4.5088
5.79670000000000 4.5053
5.79915000000000 4.5018
5.80160000000000 4.4983
5.80405000000000 4.4948
5.80650000000000 4.4913
5.80895000000000 4.4878
5.81140000000000 4.4843
5.81385000000000 4.4808
5.81630000000000 4.4772
5.81875000000000 4.4737
5.82120000000000 4.4702
5.82365000000000 4.4667
5.82610000000000 4.4632
5.82855000000000 4.4597
5.83100000000000 4.4562
5.83345000000000 4.4527
5.83590000000000 4.4492
5.83835000000000 4.4457
5.84080000000000 4.4422
5.84325000000000 4.4387
5.84570000000000 4.4352
5.84815000000000 4.4317
5.85060000000000 4.4282
5.85305000000000 4.4247
5.85550000000000 4.4212
5.85795000000000 4.4177
5.86040000000000 4.4142
5.86285000000000 4.4107
5.86530000000000 4.4072
5.86775000000000 4.4037
5.87020000000000 4.4002
5.87265000000000 4.3967
5.87510000000000 4.3932
5.87755000000000 4.3897
5.88000000000000 4.3863
5.88245000000000 4.3828
5.88490000000000 4.3793
5.88735000000000 4.3758
5.88980000000000 4.3723
5.89225000000000 4.3688
5.89470000000000 4.3654
5.89715000000000 4.3619
5.89960000000000 4.3584
5.90205000000000 4.3549
5.90450000000000 4.3515
5.90695000000000 4.3480
5.90940000000000 4.3446
5.91185000000000 4.3411
5.91430000000000 4.3377
5.91675000000000 4.3342
5.91920000000000 4.3308
5.92165000000000 4.3273
5.92410000000000 4.3239
5.92655000000000 4.3205
5.92900000000000 4.3170
5.93145000000000 4.3136
5.93390000000000 4.3102
5.93635000000000 4.3068
5.93880000000000 4.3034
5.94125000000000 4.3000
5.94370000000000 4.2966
5.94615000000000 4.2933
5.94860000000000 4.2899
5.95105000000000 4.2865
5.95350000000000 4.2832
5.95595000000000 4.2798
5.95840000000000 4.2765
5.96085000000000 4.2732
5.96330000000000 4.2699
5.96575000000000 4.2666
5.96820000000000 4.2633
5.97065000000000 4.2600
5.97310000000000 4.2567
5.97555000000000 4.2535
5.97800000000000 4.2502
5.98045000000000 4.2470
5.98290000000000 4.2438
5.98535000000000 4.2406
5.98780000000000 4.2374
5.99025000000000 4.2342
5.99270000000000 4.2311
5.99515000000000 4.2279
5.99760000000000 4.2248
6.00005000000000 4.2217
6.00250000000000 4.2187
6.00495000000000 4.2156
6.00740000000000 4.2126
6.00985000000000 4.2095
6.01230000000000 4.2066
6.01475000000000 4.2036
6.01720000000000 4.2007
6.01965000000000 4.1977
6.02210000000000 4.1949
6.02455000000000 4.1920
6.02700000000000 4.1892
6.02945000000000 4.1864
6.03190000000000 4.1836
6.03435000000000 4.1809
6.03680000000000 4.1782
6.03925000000000 4.1755
6.04170000000000 4.1729
6.04415000000000 4.1703
6.04660000000000 4.1677
6.04905000000000 4.1652
6.05150000000000 4.1627
6.05395000000000 4.1603
6.05640000000000 4.1579
6.05885000000000 4.1556
6.06130000000000 4.1533
6.06375000000000 4.1511
6.06620000000000 4.1489
6.06865000000000 4.1467
6.07110000000000 4.1447
6.07355000000000 4.1426
6.07600000000000 4.1406
6.07845000000000 4.1387
6.08090000000000 4.1369
6.08335000000000 4.1351
6.08580000000000 4.1334
6.08825000000000 4.1317
6.09070000000000 4.1301
6.09315000000000 4.1285
6.09560000000000 4.1271
6.09805000000000 4.1257
6.10050000000000 4.1244
6.10295000000000 4.1231
6.10540000000000 4.1219
6.10785000000000 4.1208
6.11030000000000 4.1198
6.11275000000000 4.1189
6.11520000000000 4.1180
6.11765000000000 4.1172
6.12010000000000 4.1165
6.12255000000000 4.1159
6.12500000000000 4.1153
6.12745000000000 4.1149
6.12990000000000 4.1145
6.13235000000000 4.1142
6.13480000000000 4.1140
6.13725000000000 4.1139
6.13970000000000 4.1138
6.14215000000000 4.1139
6.14460000000000 4.1140
6.14705000000000 4.1142
