x y
0.000000000000000 0.000000000000000
0.00245000000000000 -0.0029086
0.00490000000000000 -0.0058169
0.00735000000000000 -0.0087243
0.00980000000000000 -0.011630
0.0122500000000000 -0.014533
0.0147000000000000 -0.017433
0.0171500000000000 -0.020330
0.0196000000000000 -0.023222
0.0220500000000000 -0.026109
0.0245000000000000 -0.028990
0.0269500000000000 -0.031865
0.0294000000000000 -0.034733
0.0318500000000000 -0.037593
0.0343000000000000 -0.040445
0.0367500000000000 -0.043288
0.0392000000000000 -0.046122
0.0416500000000000 -0.048947
0.0441000000000000 -0.051761
0.0465500000000000 -0.054564
0.0490000000000000 -0.057356
0.0514500000000000 -0.060137
0.0539000000000000 -0.062905
0.0563500000000000 -0.065661
0.0588000000000000 -0.068404
0.0612500000000000 -0.071134
0.0637000000000000 -0.073851
0.0661500000000000 -0.076554
0.0686000000000000 -0.079243
0.0710500000000000 -0.081918
0.0735000000000000 -0.084578
0.0759500000000000 -0.087224
0.0784000000000000 -0.089855
0.0808500000000000 -0.092471
0.0833000000000000 -0.095072
0.0857500000000000 -0.097658
0.0882000000000000 -0.10023
0.0906500000000000 -0.10278
0.0931000000000000 -0.10532
0.0955500000000000 -0.10785
0.0980000000000000 -0.11036
0.100450000000000 -0.11285
0.102900000000000 -0.11533
0.105350000000000 -0.11779
0.107800000000000 -0.12023
0.110250000000000 -0.12266
0.112700000000000 -0.12508
0.115150000000000 -0.12748
0.117600000000000 -0.12986
0.120050000000000 -0.13223
0.122500000000000 -0.13459
0.124950000000000 -0.13692
0.127400000000000 -0.13925
0.129850000000000 -0.14156
0.132300000000000 -0.14385
0.134750000000000 -0.14613
0.137200000000000 -0.14839
0.139650000000000 -0.15064
0.142100000000000 -0.15287
0.144550000000000 -0.15509
0.147000000000000 -0.15730
0.149450000000000 -0.15949
0.151900000000000 -0.16167
0.154350000000000 -0.16383
0.156800000000000 -0.16598
0.159250000000000 -0.16812
0.161700000000000 -0.17024
0.164150000000000 -0.17235
0.166600000000000 -0.17445
0.169050000000000 -0.17653
0.171500000000000 -0.17860
0.173950000000000 -0.18066
0.176400000000000 -0.18270
0.178850000000000 -0.18474
0.181300000000000 -0.18676
0.183750000000000 -0.18876
0.186200000000000 -0.19076
0.188650000000000 -0.19274
0.191100000000000 -0.19471
0.193550000000000 -0.19667
0.196000000000000 -0.19862
0.198450000000000 -0.20056
0.200900000000000 -0.20248
0.203350000000000 -0.20439
0.205800000000000 -0.20630
0.208250000000000 -0.20819
0.210700000000000 -0.21007
0.213150000000000 -0.21194
0.215600000000000 -0.21380
0.218050000000000 -0.21565
0.220500000000000 -0.21748
0.222950000000000 -0.21931
0.225400000000000 -0.22113
0.227850000000000 -0.22294
0.230300000000000 -0.22473
0.232750000000000 -0.22652
0.235200000000000 -0.22830
0.237650000000000 -0.23007
0.240100000000000 -0.23183
0.242550000000000 -0.23358
0.245000000000000 -0.23532
0.247450000000000 -0.23705
0.249900000000000 -0.23877
0.252350000000000 -0.24049
0.254800000000000 -0.24219
0.257250000000000 -0.24389
0.259700000000000 -0.24557
0.262150000000000 -0.24725
0.264600000000000 -0.24892
0.267050000000000 -0.25058
0.269500000000000 -0.25224
0.271950000000000 -0.25388
0.274400000000000 -0.25552
0.276850000000000 -0.25715
0.279300000000000 -0.25877
0.281750000000000 -0.26038
0.284200000000000 -0.26199
0.286650000000000 -0.26358
0.289100000000000 -0.26517
0.291550000000000 -0.26676
0.294000000000000 -0.26833
0.296450000000000 -0.26990
0.298900000000000 -0.27146
0.301350000000000 -0.27301
0.303800000000000 -0.27456
0.306250000000000 -0.27610
0.308700000000000 -0.27763
0.311150000000000 -0.27915
0.313600000000000 -0.28067
0.316050000000000 -0.28218
0.318500000000000 -0.28369
0.320950000000000 -0.28519
0.323400000000000 -0.28668
0.325850000000000 -0.28816
0.328300000000000 -0.28964
0.330750000000000 -0.29111
0.333200000000000 -0.29258
0.335650000000000 -0.29404
0.338100000000000 -0.29549
0.340550000000000 -0.29694
0.343000000000000 -0.29838
0.345450000000000 -0.29982
0.347900000000000 -0.30124
0.350350000000000 -0.30267
0.352800000000000 -0.30408
0.355250000000000 -0.30550
0.357700000000000 -0.30690
0.360150000000000 -0.30830
0.362600000000000 -0.30970
0.365050000000000 -0.31108
0.367500000000000 -0.31247
0.369950000000000 -0.31384
0.372400000000000 -0.31522
0.374850000000000 -0.31658
0.377300000000000 -0.31794
0.379750000000000 -0.31930
0.382200000000000 -0.32065
0.384650000000000 -0.32200
0.387100000000000 -0.32334
0.389550000000000 -0.32467
0.392000000000000 -0.32600
0.394450000000000 -0.32733
0.396900000000000 -0.32865
0.399350000000000 -0.32996
0.401800000000000 -0.33127
0.404250000000000 -0.33258
0.406700000000000 -0.33388
0.409150000000000 -0.33517
0.411600000000000 -0.33646
0.414050000000000 -0.33775
0.416500000000000 -0.33903
0.418950000000000 -0.34031
0.421400000000000 -0.34158
0.423850000000000 -0.34285
0.426300000000000 -0.34411
0.428750000000000 -0.34537
0.431200000000000 -0.34662
0.433650000000000 -0.34787
0.436100000000000 -0.34911
0.438550000000000 -0.35036
0.441000000000000 -0.35159
0.443450000000000 -0.35282
0.445900000000000 -0.35405
0.448350000000000 -0.35527
0.450800000000000 -0.35649
0.453250000000000 -0.35771
0.455700000000000 -0.35892
0.458150000000000 -0.36012
0.460600000000000 -0.36133
0.463050000000000 -0.36253
0.465500000000000 -0.36372
0.467950000000000 -0.36491
0.470400000000000 -0.36610
0.472850000000000 -0.36728
0.475300000000000 -0.36846
0.477750000000000 -0.36963
0.480200000000000 -0.37080
0.482650000000000 -0.37197
0.485100000000000 -0.37313
0.487550000000000 -0.37429
0.490000000000000 -0.37545
0.492450000000000 -0.37660
0.494900000000000 -0.37775
0.497350000000000 -0.37889
0.499800000000000 -0.38003
0.502250000000000 -0.38117
0.504700000000000 -0.38230
0.507150000000000 -0.38343
0.509600000000000 -0.38455
0.512050000000000 -0.38568
0.514500000000000 -0.38680
0.516950000000000 -0.38791
0.519400000000000 -0.38902
0.521850000000000 -0.39013
0.524300000000000 -0.39123
0.526750000000000 -0.39233
0.529200000000000 -0.39343
0.531650000000000 -0.39453
0.534100000000000 -0.39562
0.536550000000000 -0.39671
0.539000000000000 -0.39779
0.541450000000000 -0.39887
0.543900000000000 -0.39995
0.546350000000000 -0.40102
0.548800000000000 -0.40209
0.551250000000000 -0.40316
0.553700000000000 -0.40422
0.556150000000000 -0.40528
0.558600000000000 -0.40634
0.561050000000000 -0.40740
0.563500000000000 -0.40845
0.565950000000000 -0.40950
0.568400000000000 -0.41054
0.570850000000000 -0.41158
0.573300000000000 -0.41262
0.575750000000000 -0.41366
0.578200000000000 -0.41469
0.580650000000000 -0.41572
0.583100000000000 -0.41675
0.585550000000000 -0.41777
0.588000000000000 -0.41879
0.590450000000000 -0.41981
0.592900000000000 -0.42082
0.595350000000000 -0.42183
0.597800000000000 -0.42284
0.600250000000000 -0.42385
0.602700000000000 -0.42485
0.605150000000000 -0.42585
0.607600000000000 -0.42684
0.610050000000000 -0.42784
0.612500000000000 -0.42883
0.614950000000000 -0.42982
0.617400000000000 -0.43080
0.619850000000000 -0.43178
0.622300000000000 -0.43276
0.624750000000000 -0.43374
0.627200000000000 -0.43471
0.629650000000000 -0.43568
0.632100000000000 -0.43665
0.634550000000000 -0.43761
0.637000000000000 -0.43858
0.639450000000000 -0.43953
0.641900000000000 -0.44049
0.644350000000000 -0.44144
0.646800000000000 -0.44240
0.649250000000000 -0.44334
0.651700000000000 -0.44429
0.654150000000000 -0.44523
0.656600000000000 -0.44617
0.659050000000000 -0.44711
0.661500000000000 -0.44804
0.663950000000000 -0.44898
0.666400000000000 -0.44991
0.668850000000000 -0.45083
0.671300000000000 -0.45176
0.673750000000000 -0.45268
0.676200000000000 -0.45360
0.678650000000000 -0.45451
0.681100000000000 -0.45542
0.683550000000000 -0.45634
0.686000000000000 -0.45724
0.688450000000000 -0.45815
0.690900000000000 -0.45905
0.693350000000000 -0.45995
0.695800000000000 -0.46085
0.698250000000000 -0.46174
0.700700000000000 -0.46264
0.703150000000000 -0.46353
0.705600000000000 -0.46441
0.708050000000000 -0.46530
0.710500000000000 -0.46618
0.712950000000000 -0.46706
0.715400000000000 -0.46794
0.717850000000000 -0.46881
0.720300000000000 -0.46969
0.722750000000000 -0.47056
0.725200000000000 -0.47142
0.727650000000000 -0.47229
0.730100000000000 -0.47315
0.732550000000000 -0.47401
0.735000000000000 -0.47487
0.737450000000000 -0.47572
0.739900000000000 -0.47657
0.742350000000000 -0.47742
0.744800000000000 -0.47827
0.747250000000000 -0.47912
0.749700000000000 -0.47996
0.752150000000000 -0.48080
0.754600000000000 -0.48163
0.757050000000000 -0.48247
0.759500000000000 -0.48330
0.761950000000000 -0.48413
0.764400000000000 -0.48496
0.766850000000000 -0.48579
0.769300000000000 -0.48661
0.771750000000000 -0.48743
0.774200000000000 -0.48825
0.776650000000000 -0.48906
0.779100000000000 -0.48988
0.781550000000000 -0.49069
0.784000000000000 -0.49150
0.786450000000000 -0.49230
0.788900000000000 -0.49311
0.791350000000000 -0.49391
0.793800000000000 -0.49471
0.796250000000000 -0.49550
0.798700000000000 -0.49630
0.801150000000000 -0.49709
0.803600000000000 -0.49788
0.806050000000000 -0.49866
0.808500000000000 -0.49945
0.810950000000000 -0.50023
0.813400000000000 -0.50101
0.815850000000000 -0.50179
0.818300000000000 -0.50256
0.820750000000000 -0.50334
0.823200000000000 -0.50411
0.825650000000000 -0.50487
0.828100000000000 -0.50564
0.830550000000000 -0.50640
0.833000000000000 -0.50716
0.835450000000000 -0.50792
0.837900000000000 -0.50868
0.840350000000000 -0.50943
0.842800000000000 -0.51019
0.845250000000000 -0.51094
0.847700000000000 -0.51168
0.850150000000000 -0.51243
0.852600000000000 -0.51317
0.855050000000000 -0.51391
0.857500000000000 -0.51465
0.859950000000000 -0.51538
0.862400000000000 -0.51612
0.864850000000000 -0.51685
0.867300000000000 -0.51758
0.869750000000000 -0.51830
0.872200000000000 -0.51903
0.874650000000000 -0.51975
0.877100000000000 -0.52047
0.879550000000000 -0.52118
0.882000000000000 -0.52190
0.884450000000000 -0.52261
0.886900000000000 -0.52332
0.889350000000000 -0.52403
0.891800000000000 -0.52473
0.894250000000000 -0.52544
0.896700000000000 -0.52614
0.899150000000000 -0.52684
0.901600000000000 -0.52753
0.904050000000000 -0.52822
0.906500000000000 -0.52892
0.908950000000000 -0.52960
0.911400000000000 -0.53029
0.913850000000000 -0.53098
0.916300000000000 -0.53166
0.918750000000000 -0.53234
0.921200000000000 -0.53302
0.923650000000000 -0.53369
0.926100000000000 -0.53436
0.928550000000000 -0.53503
0.931000000000000 -0.53570
0.933450000000000 -0.53637
0.935900000000000 -0.53703
0.938350000000000 -0.53769
0.940800000000000 -0.53835
0.943250000000000 -0.53901
0.945700000000000 -0.53966
0.948150000000000 -0.54031
0.950600000000000 -0.54096
0.953050000000000 -0.54161
0.955500000000000 -0.54225
0.957950000000000 -0.54290
0.960400000000000 -0.54354
0.962850000000000 -0.54418
0.965300000000000 -0.54481
0.967750000000000 -0.54544
0.970200000000000 -0.54607
0.972650000000000 -0.54670
0.975100000000000 -0.54733
0.977550000000000 -0.54795
0.980000000000000 -0.54857
0.982450000000000 -0.54919
0.984900000000000 -0.54981
0.987350000000000 -0.55042
0.989800000000000 -0.55103
0.992250000000000 -0.55164
0.994700000000000 -0.55225
0.997150000000000 -0.55286
0.999600000000000 -0.55346
1.00205000000000 -0.55406
1.00450000000000 -0.55466
1.00695000000000 -0.55525
1.00940000000000 -0.55585
1.01185000000000 -0.55644
1.01430000000000 -0.55702
1.01675000000000 -0.55761
1.01920000000000 -0.55819
1.02165000000000 -0.55877
1.02410000000000 -0.55935
1.02655000000000 -0.55993
1.02900000000000 -0.56050
1.03145000000000 -0.56107
1.03390000000000 -0.56164
1.03635000000000 -0.56221
1.03880000000000 -0.56277
1.04125000000000 -0.56334
1.04370000000000 -0.56389
1.04615000000000 -0.56445
1.04860000000000 -0.56501
1.05105000000000 -0.56556
1.05350000000000 -0.56611
1.05595000000000 -0.56665
1.05840000000000 -0.56720
1.06085000000000 -0.56774
1.06330000000000 -0.56828
1.06575000000000 -0.56882
1.06820000000000 -0.56935
1.07065000000000 -0.56988
1.07310000000000 -0.57041
1.07555000000000 -0.57094
1.07800000000000 -0.57147
1.08045000000000 -0.57199
1.08290000000000 -0.57251
1.08535000000000 -0.57303
1.08780000000000 -0.57354
1.09025000000000 -0.57405
1.09270000000000 -0.57456
1.09515000000000 -0.57507
1.09760000000000 -0.57558
1.10005000000000 -0.57608
1.10250000000000 -0.57658
1.10495000000000 -0.57708
1.10740000000000 -0.57757
1.10985000000000 -0.57806
1.11230000000000 -0.57855
1.11475000000000 -0.57904
1.11720000000000 -0.57953
1.11965000000000 -0.58001
1.12210000000000 -0.58049
1.12455000000000 -0.58097
1.12700000000000 -0.58144
1.12945000000000 -0.58191
1.13190000000000 -0.58238
1.13435000000000 -0.58285
1.13680000000000 -0.58331
1.13925000000000 -0.58377
1.14170000000000 -0.58423
1.14415000000000 -0.58469
1.14660000000000 -0.58514
1.14905000000000 -0.58560
1.15150000000000 -0.58605
1.15395000000000 -0.58649
1.15640000000000 -0.58694
1.15885000000000 -0.58738
1.16130000000000 -0.58781
1.16375000000000 -0.58825
1.16620000000000 -0.58868
1.16865000000000 -0.58911
1.17110000000000 -0.58954
1.17355000000000 -0.58997
1.17600000000000 -0.59039
1.17845000000000 -0.59081
1.18090000000000 -0.59123
1.18335000000000 -0.59164
1.18580000000000 -0.59205
1.18825000000000 -0.59246
1.19070000000000 -0.59287
1.19315000000000 -0.59327
1.19560000000000 -0.59367
1.19805000000000 -0.59407
1.20050000000000 -0.59447
1.20295000000000 -0.59486
1.20540000000000 -0.59525
1.20785000000000 -0.59564
1.21030000000000 -0.59603
1.21275000000000 -0.59641
1.21520000000000 -0.59679
1.21765000000000 -0.59717
1.22010000000000 -0.59754
1.22255000000000 -0.59791
1.22500000000000 -0.59828
1.22745000000000 -0.59865
1.22990000000000 -0.59901
1.23235000000000 -0.59937
1.23480000000000 -0.59973
1.23725000000000 -0.60008
1.23970000000000 -0.60043
1.24215000000000 -0.60078
1.24460000000000 -0.60113
1.24705000000000 -0.60147
1.24950000000000 -0.60182
1.25195000000000 -0.60215
1.25440000000000 -0.60249
1.25685000000000 -0.60282
1.25930000000000 -0.60315
1.26175000000000 -0.60348
1.26420000000000 -0.60380
1.26665000000000 -0.60413
1.26910000000000 -0.60444
1.27155000000000 -0.60476
1.27400000000000 -0.60507
1.27645000000000 -0.60538
1.27890000000000 -0.60569
1.28135000000000 -0.60599
1.28380000000000 -0.60630
1.28625000000000 -0.60659
1.28870000000000 -0.60689
1.29115000000000 -0.60718
1.29360000000000 -0.60747
1.29605000000000 -0.60776
1.29850000000000 -0.60804
1.30095000000000 -0.60833
1.30340000000000 -0.60860
1.30585000000000 -0.60888
1.30830000000000 -0.60915
1.31075000000000 -0.60942
1.31320000000000 -0.60969
1.31565000000000 -0.60995
1.31810000000000 -0.61021
1.32055000000000 -0.61047
1.32300000000000 -0.61073
1.32545000000000 -0.61098
1.32790000000000 -0.61123
1.33035000000000 -0.61148
1.33280000000000 -0.61172
1.33525000000000 -0.61196
1.33770000000000 -0.61220
1.34015000000000 -0.61243
1.34260000000000 -0.61266
1.34505000000000 -0.61289
1.34750000000000 -0.61312
1.34995000000000 -0.61334
1.35240000000000 -0.61356
1.35485000000000 -0.61378
1.35730000000000 -0.61399
1.35975000000000 -0.61420
1.36220000000000 -0.61441
1.36465000000000 -0.61462
1.36710000000000 -0.61482
1.36955000000000 -0.61502
1.37200000000000 -0.61521
1.37445000000000 -0.61541
1.37690000000000 -0.61560
1.37935000000000 -0.61578
1.38180000000000 -0.61597
1.38425000000000 -0.61615
1.38670000000000 -0.61633
1.38915000000000 -0.61650
1.39160000000000 -0.61667
1.39405000000000 -0.61684
1.39650000000000 -0.61701
1.39895000000000 -0.61717
1.40140000000000 -0.61733
1.40385000000000 -0.61748
1.40630000000000 -0.61764
1.40875000000000 -0.61779
1.41120000000000 -0.61794
1.41365000000000 -0.61808
1.41610000000000 -0.61822
1.41855000000000 -0.61836
1.42100000000000 -0.61849
1.42345000000000 -0.61863
1.42590000000000 -0.61875
1.42835000000000 -0.61888
1.43080000000000 -0.61900
1.43325000000000 -0.61912
1.43570000000000 -0.61924
1.43815000000000 -0.61935
1.44060000000000 -0.61946
1.44305000000000 -0.61957
1.44550000000000 -0.61968
1.44795000000000 -0.61978
1.45040000000000 -0.61987
1.45285000000000 -0.61997
1.45530000000000 -0.62006
1.45775000000000 -0.62015
1.46020000000000 -0.62024
1.46265000000000 -0.62032
1.46510000000000 -0.62040
1.46755000000000 -0.62047
1.47000000000000 -0.62055
1.47245000000000 -0.62062
1.47490000000000 -0.62069
1.47735000000000 -0.62075
1.47980000000000 -0.62081
1.48225000000000 -0.62087
1.48470000000000 -0.62092
1.48715000000000 -0.62097
1.48960000000000 -0.62102
1.49205000000000 -0.62107
1.49450000000000 -0.62111
1.49695000000000 -0.62115
1.49940000000000 -0.62118
1.50185000000000 -0.62122
1.50430000000000 -0.62125
1.50675000000000 -0.62127
1.50920000000000 -0.62130
1.51165000000000 -0.62132
1.51410000000000 -0.62133
1.51655000000000 -0.62135
1.51900000000000 -0.62136
1.52145000000000 -0.62137
1.52390000000000 -0.62137
1.52635000000000 -0.62137
1.52880000000000 -0.62137
1.53125000000000 -0.62136
1.53370000000000 -0.62136
1.53615000000000 -0.62135
1.53860000000000 -0.62133
1.54105000000000 -0.62131
1.54350000000000 -0.62129
1.54595000000000 -0.62127
1.54840000000000 -0.62124
1.55085000000000 -0.62121
1.55330000000000 -0.62118
1.55575000000000 -0.62114
1.55820000000000 -0.62111
1.56065000000000 -0.62106
1.56310000000000 -0.62102
1.56555000000000 -0.62097
1.56800000000000 -0.62092
1.57045000000000 -0.62086
1.57290000000000 -0.62080
1.57535000000000 -0.62074
1.57780000000000 -0.62068
1.58025000000000 -0.62061
1.58270000000000 -0.62054
1.58515000000000 -0.62047
1.58760000000000 -0.62039
1.59005000000000 -0.62031
1.59250000000000 -0.62023
1.59495000000000 -0.62014
1.59740000000000 -0.62005
1.59985000000000 -0.61996
1.60230000000000 -0.61987
1.60475000000000 -0.61977
1.60720000000000 -0.61967
1.60965000000000 -0.61956
1.61210000000000 -0.61945
1.61455000000000 -0.61934
1.61700000000000 -0.61923
1.61945000000000 -0.61911
1.62190000000000 -0.61899
1.62435000000000 -0.61887
1.62680000000000 -0.61874
1.62925000000000 -0.61862
1.63170000000000 -0.61848
1.63415000000000 -0.61835
1.63660000000000 -0.61821
1.63905000000000 -0.61807
1.64150000000000 -0.61792
1.64395000000000 -0.61778
1.64640000000000 -0.61763
1.64885000000000 -0.61747
1.65130000000000 -0.61732
1.65375000000000 -0.61716
1.65620000000000 -0.61699
1.65865000000000 -0.61683
1.66110000000000 -0.61666
1.66355000000000 -0.61649
1.66600000000000 -0.61631
1.66845000000000 -0.61613
1.67090000000000 -0.61595
1.67335000000000 -0.61577
1.67580000000000 -0.61558
1.67825000000000 -0.61539
1.68070000000000 -0.61520
1.68315000000000 -0.61500
1.68560000000000 -0.61480
1.68805000000000 -0.61460
1.69050000000000 -0.61440
1.69295000000000 -0.61419
1.69540000000000 -0.61398
1.69785000000000 -0.61376
1.70030000000000 -0.61355
1.70275000000000 -0.61333
1.70520000000000 -0.61310
1.70765000000000 -0.61288
1.71010000000000 -0.61265
1.71255000000000 -0.61242
1.71500000000000 -0.61218
1.71745000000000 -0.61195
1.71990000000000 -0.61170
1.72235000000000 -0.61146
1.72480000000000 -0.61122
1.72725000000000 -0.61097
1.72970000000000 -0.61071
1.73215000000000 -0.61046
1.73460000000000 -0.61020
1.73705000000000 -0.60994
1.73950000000000 -0.60967
1.74195000000000 -0.60941
1.74440000000000 -0.60914
1.74685000000000 -0.60886
1.74930000000000 -0.60859
1.75175000000000 -0.60831
1.75420000000000 -0.60803
1.75665000000000 -0.60774
1.75910000000000 -0.60746
1.76155000000000 -0.60717
1.76400000000000 -0.60687
1.76645000000000 -0.60658
1.76890000000000 -0.60628
1.77135000000000 -0.60598
1.77380000000000 -0.60567
1.77625000000000 -0.60537
1.77870000000000 -0.60506
1.78115000000000 -0.60474
1.78360000000000 -0.60443
1.78605000000000 -0.60411
1.78850000000000 -0.60379
1.79095000000000 -0.60347
1.79340000000000 -0.60314
1.79585000000000 -0.60281
1.79830000000000 -0.60248
1.80075000000000 -0.60214
1.80320000000000 -0.60180
1.80565000000000 -0.60146
1.80810000000000 -0.60112
1.81055000000000 -0.60077
1.81300000000000 -0.60042
1.81545000000000 -0.60007
1.81790000000000 -0.59971
1.82035000000000 -0.59936
1.82280000000000 -0.59900
1.82525000000000 -0.59863
1.82770000000000 -0.59827
1.83015000000000 -0.59790
1.83260000000000 -0.59753
1.83505000000000 -0.59715
1.83750000000000 -0.59678
1.83995000000000 -0.59640
1.84240000000000 -0.59601
1.84485000000000 -0.59563
1.84730000000000 -0.59524
1.84975000000000 -0.59485
1.85220000000000 -0.59446
1.85465000000000 -0.59406
1.85710000000000 -0.59367
1.85955000000000 -0.59326
1.86200000000000 -0.59286
1.86445000000000 -0.59245
1.86690000000000 -0.59204
1.86935000000000 -0.59163
1.87180000000000 -0.59122
1.87425000000000 -0.59080
1.87670000000000 -0.59038
1.87915000000000 -0.58996
1.88160000000000 -0.58953
1.88405000000000 -0.58911
1.88650000000000 -0.58868
1.88895000000000 -0.58824
1.89140000000000 -0.58781
1.89385000000000 -0.58737
1.89630000000000 -0.58693
1.89875000000000 -0.58649
1.90120000000000 -0.58604
1.90365000000000 -0.58559
1.90610000000000 -0.58514
1.90855000000000 -0.58469
1.91100000000000 -0.58423
1.91345000000000 -0.58377
1.91590000000000 -0.58331
1.91835000000000 -0.58285
1.92080000000000 -0.58238
1.92325000000000 -0.58191
1.92570000000000 -0.58144
1.92815000000000 -0.58097
1.93060000000000 -0.58049
1.93305000000000 -0.58001
1.93550000000000 -0.57953
1.93795000000000 -0.57905
1.94040000000000 -0.57856
1.94285000000000 -0.57807
1.94530000000000 -0.57758
1.94775000000000 -0.57708
1.95020000000000 -0.57659
1.95265000000000 -0.57609
1.95510000000000 -0.57559
1.95755000000000 -0.57508
1.96000000000000 -0.57457
1.96245000000000 -0.57407
1.96490000000000 -0.57355
1.96735000000000 -0.57304
1.96980000000000 -0.57252
1.97225000000000 -0.57200
1.97470000000000 -0.57148
1.97715000000000 -0.57096
1.97960000000000 -0.57043
1.98205000000000 -0.56990
1.98450000000000 -0.56937
1.98695000000000 -0.56884
1.98940000000000 -0.56830
1.99185000000000 -0.56776
1.99430000000000 -0.56722
1.99675000000000 -0.56668
1.99920000000000 -0.56613
2.00165000000000 -0.56558
2.00410000000000 -0.56503
2.00655000000000 -0.56448
2.00900000000000 -0.56392
2.01145000000000 -0.56336
2.01390000000000 -0.56280
2.01635000000000 -0.56224
2.01880000000000 -0.56167
2.02125000000000 -0.56110
2.02370000000000 -0.56053
2.02615000000000 -0.55996
2.02860000000000 -0.55939
2.03105000000000 -0.55881
2.03350000000000 -0.55823
2.03595000000000 -0.55764
2.03840000000000 -0.55706
2.04085000000000 -0.55647
2.04330000000000 -0.55588
2.04575000000000 -0.55529
2.04820000000000 -0.55470
2.05065000000000 -0.55410
2.05310000000000 -0.55350
2.05555000000000 -0.55290
2.05800000000000 -0.55230
2.06045000000000 -0.55169
2.06290000000000 -0.55108
2.06535000000000 -0.55047
2.06780000000000 -0.54986
2.07025000000000 -0.54924
2.07270000000000 -0.54862
2.07515000000000 -0.54801
2.07760000000000 -0.54738
2.08005000000000 -0.54676
2.08250000000000 -0.54613
2.08495000000000 -0.54550
2.08740000000000 -0.54487
2.08985000000000 -0.54423
2.09230000000000 -0.54360
2.09475000000000 -0.54296
2.09720000000000 -0.54232
2.09965000000000 -0.54167
2.10210000000000 -0.54103
2.10455000000000 -0.54038
2.10700000000000 -0.53973
2.10945000000000 -0.53908
2.11190000000000 -0.53842
2.11435000000000 -0.53776
2.11680000000000 -0.53710
2.11925000000000 -0.53644
2.12170000000000 -0.53578
2.12415000000000 -0.53511
2.12660000000000 -0.53444
2.12905000000000 -0.53377
2.13150000000000 -0.53310
2.13395000000000 -0.53242
2.13640000000000 -0.53174
2.13885000000000 -0.53106
2.14130000000000 -0.53038
2.14375000000000 -0.52969
2.14620000000000 -0.52901
2.14865000000000 -0.52832
2.15110000000000 -0.52763
2.15355000000000 -0.52693
2.15600000000000 -0.52623
2.15845000000000 -0.52553
2.16090000000000 -0.52483
2.16335000000000 -0.52413
2.16580000000000 -0.52342
2.16825000000000 -0.52272
2.17070000000000 -0.52201
2.17315000000000 -0.52129
2.17560000000000 -0.52058
2.17805000000000 -0.51986
2.18050000000000 -0.51914
2.18295000000000 -0.51842
2.18540000000000 -0.51769
2.18785000000000 -0.51697
2.19030000000000 -0.51624
2.19275000000000 -0.51551
2.19520000000000 -0.51477
2.19765000000000 -0.51404
2.20010000000000 -0.51330
2.20255000000000 -0.51256
2.20500000000000 -0.51181
2.20745000000000 -0.51107
2.20990000000000 -0.51032
2.21235000000000 -0.50957
2.21480000000000 -0.50882
2.21725000000000 -0.50807
2.21970000000000 -0.50731
2.22215000000000 -0.50655
2.22460000000000 -0.50579
2.22705000000000 -0.50502
2.22950000000000 -0.50426
2.23195000000000 -0.50349
2.23440000000000 -0.50272
2.23685000000000 -0.50194
2.23930000000000 -0.50117
2.24175000000000 -0.50039
2.24420000000000 -0.49961
2.24665000000000 -0.49883
2.24910000000000 -0.49804
2.25155000000000 -0.49726
2.25400000000000 -0.49647
2.25645000000000 -0.49567
2.25890000000000 -0.49488
2.26135000000000 -0.49408
2.26380000000000 -0.49328
2.26625000000000 -0.49248
2.26870000000000 -0.49168
2.27115000000000 -0.49087
2.27360000000000 -0.49006
2.27605000000000 -0.48925
2.27850000000000 -0.48844
2.28095000000000 -0.48762
2.28340000000000 -0.48680
2.28585000000000 -0.48598
2.28830000000000 -0.48516
2.29075000000000 -0.48434
2.29320000000000 -0.48351
2.29565000000000 -0.48268
2.29810000000000 -0.48185
2.30055000000000 -0.48101
2.30300000000000 -0.48017
2.30545000000000 -0.47933
2.30790000000000 -0.47849
2.31035000000000 -0.47765
2.31280000000000 -0.47680
2.31525000000000 -0.47595
2.31770000000000 -0.47510
2.32015000000000 -0.47424
2.32260000000000 -0.47339
2.32505000000000 -0.47253
2.32750000000000 -0.47166
2.32995000000000 -0.47080
2.33240000000000 -0.46993
2.33485000000000 -0.46906
2.33730000000000 -0.46819
2.33975000000000 -0.46732
2.34220000000000 -0.46644
2.34465000000000 -0.46556
2.34710000000000 -0.46468
2.34955000000000 -0.46379
2.35200000000000 -0.46291
2.35445000000000 -0.46202
2.35690000000000 -0.46113
2.35935000000000 -0.46023
2.36180000000000 -0.45933
2.36425000000000 -0.45843
2.36670000000000 -0.45753
2.36915000000000 -0.45663
2.37160000000000 -0.45572
2.37405000000000 -0.45481
2.37650000000000 -0.45390
2.37895000000000 -0.45298
2.38140000000000 -0.45206
2.38385000000000 -0.45114
2.38630000000000 -0.45022
2.38875000000000 -0.44929
2.39120000000000 -0.44836
2.39365000000000 -0.44743
2.39610000000000 -0.44650
2.39855000000000 -0.44556
2.40100000000000 -0.44462
2.40345000000000 -0.44368
2.40590000000000 -0.44274
2.40835000000000 -0.44179
2.41080000000000 -0.44084
2.41325000000000 -0.43988
2.41570000000000 -0.43893
2.41815000000000 -0.43797
2.42060000000000 -0.43701
2.42305000000000 -0.43604
2.42550000000000 -0.43508
2.42795000000000 -0.43411
2.43040000000000 -0.43314
2.43285000000000 -0.43216
2.43530000000000 -0.43118
2.43775000000000 -0.43020
2.44020000000000 -0.42922
2.44265000000000 -0.42823
2.44510000000000 -0.42724
2.44755000000000 -0.42625
2.45000000000000 -0.42525
2.45245000000000 -0.42426
2.45490000000000 -0.42325
2.45735000000000 -0.42225
2.45980000000000 -0.42124
2.46225000000000 -0.42023
2.46470000000000 -0.41922
2.46715000000000 -0.41820
2.46960000000000 -0.41718
2.47205000000000 -0.41616
2.47450000000000 -0.41514
2.47695000000000 -0.41411
2.47940000000000 -0.41308
2.48185000000000 -0.41204
2.48430000000000 -0.41101
2.48675000000000 -0.40997
2.48920000000000 -0.40892
2.49165000000000 -0.40787
2.49410000000000 -0.40682
2.49655000000000 -0.40577
2.49900000000000 -0.40472
2.50145000000000 -0.40366
2.50390000000000 -0.40259
2.50635000000000 -0.40153
2.50880000000000 -0.40046
2.51125000000000 -0.39938
2.51370000000000 -0.39831
2.51615000000000 -0.39723
2.51860000000000 -0.39615
2.52105000000000 -0.39506
2.52350000000000 -0.39397
2.52595000000000 -0.39288
2.52840000000000 -0.39178
2.53085000000000 -0.39069
2.53330000000000 -0.38958
2.53575000000000 -0.38848
2.53820000000000 -0.38737
2.54065000000000 -0.38625
2.54310000000000 -0.38514
2.54555000000000 -0.38402
2.54800000000000 -0.38289
2.55045000000000 -0.38176
2.55290000000000 -0.38063
2.55535000000000 -0.37950
2.55780000000000 -0.37836
2.56025000000000 -0.37722
2.56270000000000 -0.37607
2.56515000000000 -0.37492
2.56760000000000 -0.37377
2.57005000000000 -0.37261
2.57250000000000 -0.37145
2.57495000000000 -0.37029
2.57740000000000 -0.36912
2.57985000000000 -0.36795
2.58230000000000 -0.36677
2.58475000000000 -0.36559
2.58720000000000 -0.36441
2.58965000000000 -0.36322
2.59210000000000 -0.36203
2.59455000000000 -0.36083
2.59700000000000 -0.35963
2.59945000000000 -0.35843
2.60190000000000 -0.35722
2.60435000000000 -0.35601
2.60680000000000 -0.35479
2.60925000000000 -0.35357
2.61170000000000 -0.35234
2.61415000000000 -0.35112
2.61660000000000 -0.34988
2.61905000000000 -0.34864
2.62150000000000 -0.34740
2.62395000000000 -0.34616
2.62640000000000 -0.34490
2.62885000000000 -0.34365
2.63130000000000 -0.34239
2.63375000000000 -0.34112
2.63620000000000 -0.33986
2.63865000000000 -0.33858
2.64110000000000 -0.33730
2.64355000000000 -0.33602
2.64600000000000 -0.33473
2.64845000000000 -0.33344
2.65090000000000 -0.33214
2.65335000000000 -0.33084
2.65580000000000 -0.32954
2.65825000000000 -0.32822
2.66070000000000 -0.32691
2.66315000000000 -0.32559
2.66560000000000 -0.32426
2.66805000000000 -0.32293
2.67050000000000 -0.32159
2.67295000000000 -0.32025
2.67540000000000 -0.31890
2.67785000000000 -0.31755
2.68030000000000 -0.31619
2.68275000000000 -0.31483
2.68520000000000 -0.31346
2.68765000000000 -0.31209
2.69010000000000 -0.31071
2.69255000000000 -0.30932
2.69500000000000 -0.30793
2.69745000000000 -0.30654
2.69990000000000 -0.30514
2.70235000000000 -0.30373
2.70480000000000 -0.30232
2.70725000000000 -0.30090
2.70970000000000 -0.29947
2.71215000000000 -0.29804
2.71460000000000 -0.29661
2.71705000000000 -0.29516
2.71950000000000 -0.29372
2.72195000000000 -0.29226
2.72440000000000 -0.29080
2.72685000000000 -0.28933
2.72930000000000 -0.28786
2.73175000000000 -0.28638
2.73420000000000 -0.28489
2.73665000000000 -0.28340
2.73910000000000 -0.28190
2.74155000000000 -0.28039
2.74400000000000 -0.27888
2.74645000000000 -0.27736
2.74890000000000 -0.27583
2.75135000000000 -0.27430
2.75380000000000 -0.27276
2.75625000000000 -0.27121
2.75870000000000 -0.26966
2.76115000000000 -0.26809
2.76360000000000 -0.26652
2.76605000000000 -0.26495
2.76850000000000 -0.26336
2.77095000000000 -0.26177
2.77340000000000 -0.26017
2.77585000000000 -0.25857
2.77830000000000 -0.25695
2.78075000000000 -0.25533
2.78320000000000 -0.25370
2.78565000000000 -0.25206
2.78810000000000 -0.25041
2.79055000000000 -0.24876
2.79300000000000 -0.24709
2.79545000000000 -0.24542
2.79790000000000 -0.24374
2.80035000000000 -0.24205
2.80280000000000 -0.24035
2.80525000000000 -0.23865
2.80770000000000 -0.23693
2.81015000000000 -0.23521
2.81260000000000 -0.23348
2.81505000000000 -0.23173
2.81750000000000 -0.22998
2.81995000000000 -0.22822
2.82240000000000 -0.22645
2.82485000000000 -0.22467
2.82730000000000 -0.22288
2.82975000000000 -0.22108
2.83220000000000 -0.21927
2.83465000000000 -0.21745
2.83710000000000 -0.21562
2.83955000000000 -0.21378
2.84200000000000 -0.21193
2.84445000000000 -0.21007
2.84690000000000 -0.20819
2.84935000000000 -0.20631
2.85180000000000 -0.20442
2.85425000000000 -0.20251
2.85670000000000 -0.20060
2.85915000000000 -0.19867
2.86160000000000 -0.19673
2.86405000000000 -0.19478
2.86650000000000 -0.19282
2.86895000000000 -0.19084
2.87140000000000 -0.18886
2.87385000000000 -0.18686
2.87630000000000 -0.18485
2.87875000000000 -0.18283
2.88120000000000 -0.18079
2.88365000000000 -0.17875
2.88610000000000 -0.17669
2.88855000000000 -0.17461
2.89100000000000 -0.17253
2.89345000000000 -0.17043
2.89590000000000 -0.16831
2.89835000000000 -0.16619
2.90080000000000 -0.16405
2.90325000000000 -0.16189
2.90570000000000 -0.15973
2.90815000000000 -0.15754
2.91060000000000 -0.15535
2.91305000000000 -0.15314
2.91550000000000 -0.15091
2.91795000000000 -0.14867
2.92040000000000 -0.14642
2.92285000000000 -0.14415
2.92530000000000 -0.14187
2.92775000000000 -0.13957
2.93020000000000 -0.13726
2.93265000000000 -0.13493
2.93510000000000 -0.13258
2.93755000000000 -0.13022
2.94000000000000 -0.12785
2.94245000000000 -0.12546
2.94490000000000 -0.12305
2.94735000000000 -0.12063
2.94980000000000 -0.11819
2.95225000000000 -0.11574
2.95470000000000 -0.11327
2.95715000000000 -0.11079
2.95960000000000 -0.10829
2.96205000000000 -0.10577
2.96450000000000 -0.10324
2.96695000000000 -0.10069
2.96940000000000 -0.098123
2.97185000000000 -0.095543
2.97430000000000 -0.092947
2.97675000000000 -0.090336
2.97920000000000 -0.087709
2.98165000000000 -0.085067
2.98410000000000 -0.082409
2.98655000000000 -0.079737
2.98900000000000 -0.077049
2.99145000000000 -0.074347
2.99390000000000 -0.071631
2.99635000000000 -0.068901
2.99880000000000 -0.066156
3.00125000000000 -0.063398
3.00370000000000 -0.060627
3.00615000000000 -0.057843
3.00860000000000 -0.055046
3.01105000000000 -0.052237
3.01350000000000 -0.049417
3.01595000000000 -0.046585
3.01840000000000 -0.043742
3.02085000000000 -0.040890
3.02330000000000 -0.038027
3.02575000000000 -0.035155
3.02820000000000 -0.032274
3.03065000000000 -0.029386
3.03310000000000 -0.026490
3.03555000000000 -0.023587
3.03800000000000 -0.020678
3.04045000000000 -0.017764
3.04290000000000 -0.014844
3.04535000000000 -0.011921
3.04780000000000 -0.0089940
3.05025000000000 -0.0060645
3.05270000000000 -0.0031330
3.05515000000000 -0.00020029
3.05760000000000 0.0027329
3.06005000000000 0.0056659
3.06250000000000 0.0085979
3.06495000000000 0.011528
3.06740000000000 0.014456
3.06985000000000 0.017381
3.07230000000000 0.020302
3.07475000000000 0.023218
3.07720000000000 0.026129
3.07965000000000 0.029034
3.08210000000000 0.031932
3.08455000000000 0.034823
3.08700000000000 0.037707
3.08945000000000 0.040581
3.09190000000000 0.043447
3.09435000000000 0.046303
3.09680000000000 0.049149
3.09925000000000 0.051984
3.10170000000000 0.054808
3.10415000000000 0.057620
3.10660000000000 0.060421
3.10905000000000 0.063208
3.11150000000000 0.065983
3.11395000000000 0.068745
3.11640000000000 0.071493
3.11885000000000 0.074227
3.12130000000000 0.076947
3.12375000000000 0.079652
3.12620000000000 0.082343
3.12865000000000 0.085019
3.13110000000000 0.087680
3.13355000000000 0.090325
3.13600000000000 0.092955
3.13845000000000 0.095570
3.14090000000000 0.098168
3.14335000000000 0.10075
3.14580000000000 0.10332
3.14825000000000 0.10587
3.15070000000000 0.10840
3.15315000000000 0.11092
3.15560000000000 0.11343
3.15805000000000 0.11591
3.16050000000000 0.11839
3.16295000000000 0.12084
3.16540000000000 0.12328
3.16785000000000 0.12570
3.17030000000000 0.12811
3.17275000000000 0.13050
3.17520000000000 0.13288
3.17765000000000 0.13524
3.18010000000000 0.13758
3.18255000000000 0.13991
3.18500000000000 0.14223
3.18745000000000 0.14453
3.18990000000000 0.14681
3.19235000000000 0.14908
3.19480000000000 0.15133
3.19725000000000 0.15357
3.19970000000000 0.15579
3.20215000000000 0.15800
3.20460000000000 0.16020
3.20705000000000 0.16238
3.20950000000000 0.16455
3.21195000000000 0.16670
3.21440000000000 0.16884
3.21685000000000 0.17096
3.21930000000000 0.17308
3.22175000000000 0.17517
3.22420000000000 0.17726
3.22665000000000 0.17933
3.22910000000000 0.18139
3.23155000000000 0.18343
3.23400000000000 0.18547
3.23645000000000 0.18749
3.23890000000000 0.18950
3.24135000000000 0.19149
3.24380000000000 0.19348
3.24625000000000 0.19545
3.24870000000000 0.19741
3.25115000000000 0.19936
3.25360000000000 0.20129
3.25605000000000 0.20322
3.25850000000000 0.20513
3.26095000000000 0.20703
3.26340000000000 0.20892
3.26585000000000 0.21080
3.26830000000000 0.21267
3.27075000000000 0.21453
3.27320000000000 0.21638
3.27565000000000 0.21822
3.27810000000000 0.22004
3.28055000000000 0.22186
3.28300000000000 0.22367
3.28545000000000 0.22546
3.28790000000000 0.22725
3.29035000000000 0.22903
3.29280000000000 0.23079
3.29525000000000 0.23255
3.29770000000000 0.23430
3.30015000000000 0.23604
3.30260000000000 0.23777
3.30505000000000 0.23949
3.30750000000000 0.24120
3.30995000000000 0.24290
3.31240000000000 0.24460
3.31485000000000 0.24628
3.31730000000000 0.24796
3.31975000000000 0.24963
3.32220000000000 0.25129
3.32465000000000 0.25294
3.32710000000000 0.25458
3.32955000000000 0.25622
3.33200000000000 0.25784
3.33445000000000 0.25946
3.33690000000000 0.26108
3.33935000000000 0.26268
3.34180000000000 0.26427
3.34425000000000 0.26586
3.34670000000000 0.26744
3.34915000000000 0.26901
3.35160000000000 0.27058
3.35405000000000 0.27214
3.35650000000000 0.27369
3.35895000000000 0.27523
3.36140000000000 0.27677
3.36385000000000 0.27830
3.36630000000000 0.27982
3.36875000000000 0.28134
3.37120000000000 0.28285
3.37365000000000 0.28435
3.37610000000000 0.28585
3.37855000000000 0.28734
3.38100000000000 0.28882
3.38345000000000 0.29029
3.38590000000000 0.29176
3.38835000000000 0.29323
3.39080000000000 0.29468
3.39325000000000 0.29614
3.39570000000000 0.29758
3.39815000000000 0.29902
3.40060000000000 0.30045
3.40305000000000 0.30188
3.40550000000000 0.30330
3.40795000000000 0.30471
3.41040000000000 0.30612
3.41285000000000 0.30753
3.41530000000000 0.30892
3.41775000000000 0.31032
3.42020000000000 0.31170
3.42265000000000 0.31308
3.42510000000000 0.31446
3.42755000000000 0.31583
3.43000000000000 0.31719
3.43245000000000 0.31855
3.43490000000000 0.31990
3.43735000000000 0.32125
3.43980000000000 0.32260
3.44225000000000 0.32393
3.44470000000000 0.32527
3.44715000000000 0.32660
3.44960000000000 0.32792
3.45205000000000 0.32924
3.45450000000000 0.33055
3.45695000000000 0.33186
3.45940000000000 0.33316
3.46185000000000 0.33446
3.46430000000000 0.33575
3.46675000000000 0.33704
3.46920000000000 0.33832
3.47165000000000 0.33960
3.47410000000000 0.34088
3.47655000000000 0.34215
3.47900000000000 0.34341
3.48145000000000 0.34467
3.48390000000000 0.34593
3.48635000000000 0.34718
3.48880000000000 0.34843
3.49125000000000 0.34967
3.49370000000000 0.35091
3.49615000000000 0.35214
3.49860000000000 0.35337
3.50105000000000 0.35460
3.50350000000000 0.35582
3.50595000000000 0.35704
3.50840000000000 0.35825
3.51085000000000 0.35946
3.51330000000000 0.36066
3.51575000000000 0.36187
3.51820000000000 0.36306
3.52065000000000 0.36425
3.52310000000000 0.36544
3.52555000000000 0.36663
3.52800000000000 0.36781
3.53045000000000 0.36898
3.53290000000000 0.37016
3.53535000000000 0.37133
3.53780000000000 0.37249
3.54025000000000 0.37365
3.54270000000000 0.37481
3.54515000000000 0.37596
3.54760000000000 0.37711
3.55005000000000 0.37826
3.55250000000000 0.37940
3.55495000000000 0.38054
3.55740000000000 0.38167
3.55985000000000 0.38281
3.56230000000000 0.38393
3.56475000000000 0.38506
3.56720000000000 0.38618
3.56965000000000 0.38730
3.57210000000000 0.38841
3.57455000000000 0.38952
3.57700000000000 0.39063
3.57945000000000 0.39173
3.58190000000000 0.39283
3.58435000000000 0.39392
3.58680000000000 0.39502
3.58925000000000 0.39611
3.59170000000000 0.39719
3.59415000000000 0.39828
3.59660000000000 0.39936
3.59905000000000 0.40043
3.60150000000000 0.40150
3.60395000000000 0.40257
3.60640000000000 0.40364
3.60885000000000 0.40470
3.61130000000000 0.40576
3.61375000000000 0.40682
3.61620000000000 0.40787
3.61865000000000 0.40892
3.62110000000000 0.40997
3.62355000000000 0.41101
3.62600000000000 0.41205
3.62845000000000 0.41309
3.63090000000000 0.41413
3.63335000000000 0.41516
3.63580000000000 0.41619
3.63825000000000 0.41721
3.64070000000000 0.41823
3.64315000000000 0.41925
3.64560000000000 0.42027
3.64805000000000 0.42128
3.65050000000000 0.42229
3.65295000000000 0.42330
3.65540000000000 0.42430
3.65785000000000 0.42530
3.66030000000000 0.42630
3.66275000000000 0.42730
3.66520000000000 0.42829
3.66765000000000 0.42928
3.67010000000000 0.43027
3.67255000000000 0.43125
3.67500000000000 0.43223
3.67745000000000 0.43321
3.67990000000000 0.43419
3.68235000000000 0.43516
3.68480000000000 0.43613
3.68725000000000 0.43710
3.68970000000000 0.43806
3.69215000000000 0.43902
3.69460000000000 0.43998
3.69705000000000 0.44094
3.69950000000000 0.44189
3.70195000000000 0.44284
3.70440000000000 0.44379
3.70685000000000 0.44473
3.70930000000000 0.44567
3.71175000000000 0.44661
3.71420000000000 0.44755
3.71665000000000 0.44848
3.71910000000000 0.44942
3.72155000000000 0.45034
3.72400000000000 0.45127
3.72645000000000 0.45219
3.72890000000000 0.45311
3.73135000000000 0.45403
3.73380000000000 0.45495
3.73625000000000 0.45586
3.73870000000000 0.45677
3.74115000000000 0.45768
3.74360000000000 0.45859
3.74605000000000 0.45949
3.74850000000000 0.46039
3.75095000000000 0.46129
3.75340000000000 0.46218
3.75585000000000 0.46307
3.75830000000000 0.46396
3.76075000000000 0.46485
3.76320000000000 0.46573
3.76565000000000 0.46662
3.76810000000000 0.46750
3.77055000000000 0.46837
3.77300000000000 0.46925
3.77545000000000 0.47012
3.77790000000000 0.47099
3.78035000000000 0.47186
3.78280000000000 0.47272
3.78525000000000 0.47358
3.78770000000000 0.47444
3.79015000000000 0.47530
3.79260000000000 0.47616
3.79505000000000 0.47701
3.79750000000000 0.47786
3.79995000000000 0.47870
3.80240000000000 0.47955
3.80485000000000 0.48039
3.80730000000000 0.48123
3.80975000000000 0.48207
3.81220000000000 0.48291
3.81465000000000 0.48374
3.81710000000000 0.48457
3.81955000000000 0.48540
3.82200000000000 0.48622
3.82445000000000 0.48705
3.82690000000000 0.48787
3.82935000000000 0.48869
3.83180000000000 0.48950
3.83425000000000 0.49031
3.83670000000000 0.49113
3.83915000000000 0.49193
3.84160000000000 0.49274
3.84405000000000 0.49355
3.84650000000000 0.49435
3.84895000000000 0.49515
3.85140000000000 0.49594
3.85385000000000 0.49674
3.85630000000000 0.49753
3.85875000000000 0.49832
3.86120000000000 0.49911
3.86365000000000 0.49990
3.86610000000000 0.50068
3.86855000000000 0.50146
3.87100000000000 0.50224
3.87345000000000 0.50301
3.87590000000000 0.50379
3.87835000000000 0.50456
3.88080000000000 0.50533
3.88325000000000 0.50609
3.88570000000000 0.50686
3.88815000000000 0.50762
3.89060000000000 0.50838
3.89305000000000 0.50914
3.89550000000000 0.50989
3.89795000000000 0.51065
3.90040000000000 0.51140
3.90285000000000 0.51215
3.90530000000000 0.51289
3.90775000000000 0.51363
3.91020000000000 0.51438
3.91265000000000 0.51511
3.91510000000000 0.51585
3.91755000000000 0.51659
3.92000000000000 0.51732
3.92245000000000 0.51805
3.92490000000000 0.51877
3.92735000000000 0.51950
3.92980000000000 0.52022
3.93225000000000 0.52094
3.93470000000000 0.52166
3.93715000000000 0.52238
3.93960000000000 0.52309
3.94205000000000 0.52380
3.94450000000000 0.52451
3.94695000000000 0.52522
3.94940000000000 0.52592
3.95185000000000 0.52663
3.95430000000000 0.52733
3.95675000000000 0.52802
3.95920000000000 0.52872
3.96165000000000 0.52941
3.96410000000000 0.53010
3.96655000000000 0.53079
3.96900000000000 0.53148
3.97145000000000 0.53216
3.97390000000000 0.53284
3.97635000000000 0.53352
3.97880000000000 0.53420
3.98125000000000 0.53487
3.98370000000000 0.53555
3.98615000000000 0.53622
3.98860000000000 0.53689
3.99105000000000 0.53755
3.99350000000000 0.53821
3.99595000000000 0.53887
3.99840000000000 0.53953
4.00085000000000 0.54019
4.00330000000000 0.54084
4.00575000000000 0.54150
4.00820000000000 0.54214
4.01065000000000 0.54279
4.01310000000000 0.54344
4.01555000000000 0.54408
4.01800000000000 0.54472
4.02045000000000 0.54536
4.02290000000000 0.54599
4.02535000000000 0.54663
4.02780000000000 0.54726
4.03025000000000 0.54789
4.03270000000000 0.54851
4.03515000000000 0.54914
4.03760000000000 0.54976
4.04005000000000 0.55038
4.04250000000000 0.55099
4.04495000000000 0.55161
4.04740000000000 0.55222
4.04985000000000 0.55283
4.05230000000000 0.55344
4.05475000000000 0.55404
4.05720000000000 0.55465
4.05965000000000 0.55525
4.06210000000000 0.55585
4.06455000000000 0.55644
4.06700000000000 0.55704
4.06945000000000 0.55763
4.07190000000000 0.55822
4.07435000000000 0.55880
4.07680000000000 0.55939
4.07925000000000 0.55997
4.08170000000000 0.56055
4.08415000000000 0.56112
4.08660000000000 0.56170
4.08905000000000 0.56227
4.09150000000000 0.56284
4.09395000000000 0.56341
4.09640000000000 0.56398
4.09885000000000 0.56454
4.10130000000000 0.56510
4.10375000000000 0.56566
4.10620000000000 0.56621
4.10865000000000 0.56677
4.11110000000000 0.56732
4.11355000000000 0.56787
4.11600000000000 0.56841
4.11845000000000 0.56896
4.12090000000000 0.56950
4.12335000000000 0.57003
4.12580000000000 0.57057
4.12825000000000 0.57111
4.13070000000000 0.57164
4.13315000000000 0.57217
4.13560000000000 0.57269
4.13805000000000 0.57322
4.14050000000000 0.57374
4.14295000000000 0.57426
4.14540000000000 0.57477
4.14785000000000 0.57529
4.15030000000000 0.57580
4.15275000000000 0.57631
4.15520000000000 0.57682
4.15765000000000 0.57732
4.16010000000000 0.57782
4.16255000000000 0.57832
4.16500000000000 0.57882
4.16745000000000 0.57931
4.16990000000000 0.57981
4.17235000000000 0.58030
4.17480000000000 0.58078
4.17725000000000 0.58127
4.17970000000000 0.58175
4.18215000000000 0.58223
4.18460000000000 0.58271
4.18705000000000 0.58318
4.18950000000000 0.58365
4.19195000000000 0.58412
4.19440000000000 0.58459
4.19685000000000 0.58505
4.19930000000000 0.58552
4.20175000000000 0.58597
4.20420000000000 0.58643
4.20665000000000 0.58689
4.20910000000000 0.58734
4.21155000000000 0.58779
4.21400000000000 0.58823
4.21645000000000 0.58868
4.21890000000000 0.58912
4.22135000000000 0.58956
4.22380000000000 0.58999
4.22625000000000 0.59043
4.22870000000000 0.59086
4.23115000000000 0.59129
4.23360000000000 0.59171
4.23605000000000 0.59213
4.23850000000000 0.59256
4.24095000000000 0.59297
4.24340000000000 0.59339
4.24585000000000 0.59380
4.24830000000000 0.59421
4.25075000000000 0.59462
4.25320000000000 0.59502
4.25565000000000 0.59542
4.25810000000000 0.59582
4.26055000000000 0.59622
4.26300000000000 0.59661
4.26545000000000 0.59701
4.26790000000000 0.59740
4.27035000000000 0.59778
4.27280000000000 0.59817
4.27525000000000 0.59855
4.27770000000000 0.59892
4.28015000000000 0.59930
4.28260000000000 0.59967
4.28505000000000 0.60004
4.28750000000000 0.60041
4.28995000000000 0.60077
4.29240000000000 0.60114
4.29485000000000 0.60149
4.29730000000000 0.60185
4.29975000000000 0.60221
4.30220000000000 0.60256
4.30465000000000 0.60290
4.30710000000000 0.60325
4.30955000000000 0.60359
4.31200000000000 0.60393
4.31445000000000 0.60427
4.31690000000000 0.60460
4.31935000000000 0.60494
4.32180000000000 0.60526
4.32425000000000 0.60559
4.32670000000000 0.60591
4.32915000000000 0.60623
4.33160000000000 0.60655
4.33405000000000 0.60687
4.33650000000000 0.60718
4.33895000000000 0.60749
4.34140000000000 0.60779
4.34385000000000 0.60810
4.34630000000000 0.60840
4.34875000000000 0.60870
4.35120000000000 0.60899
4.35365000000000 0.60928
4.35610000000000 0.60957
4.35855000000000 0.60986
4.36100000000000 0.61014
4.36345000000000 0.61043
4.36590000000000 0.61070
4.36835000000000 0.61098
4.37080000000000 0.61125
4.37325000000000 0.61152
4.37570000000000 0.61179
4.37815000000000 0.61205
4.38060000000000 0.61231
4.38305000000000 0.61257
4.38550000000000 0.61283
4.38795000000000 0.61308
4.39040000000000 0.61333
4.39285000000000 0.61357
4.39530000000000 0.61382
4.39775000000000 0.61406
4.40020000000000 0.61429
4.40265000000000 0.61453
4.40510000000000 0.61476
4.40755000000000 0.61499
4.41000000000000 0.61522
4.41245000000000 0.61544
4.41490000000000 0.61566
4.41735000000000 0.61588
4.41980000000000 0.61609
4.42225000000000 0.61630
4.42470000000000 0.61651
4.42715000000000 0.61671
4.42960000000000 0.61692
4.43205000000000 0.61712
4.43450000000000 0.61731
4.43695000000000 0.61751
4.43940000000000 0.61770
4.44185000000000 0.61788
4.44430000000000 0.61807
4.44675000000000 0.61825
4.44920000000000 0.61843
4.45165000000000 0.61860
4.45410000000000 0.61878
4.45655000000000 0.61895
4.45900000000000 0.61911
4.46145000000000 0.61927
4.46390000000000 0.61943
4.46635000000000 0.61959
4.46880000000000 0.61975
4.47125000000000 0.61990
4.47370000000000 0.62005
4.47615000000000 0.62019
4.47860000000000 0.62033
4.48105000000000 0.62047
4.48350000000000 0.62061
4.48595000000000 0.62074
4.48840000000000 0.62087
4.49085000000000 0.62100
4.49330000000000 0.62112
4.49575000000000 0.62124
4.49820000000000 0.62136
4.50065000000000 0.62148
4.50310000000000 0.62159
4.50555000000000 0.62170
4.50800000000000 0.62180
4.51045000000000 0.62191
4.51290000000000 0.62201
4.51535000000000 0.62210
4.51780000000000 0.62220
4.52025000000000 0.62229
4.52270000000000 0.62237
4.52515000000000 0.62246
4.52760000000000 0.62254
4.53005000000000 0.62262
4.53250000000000 0.62269
4.53495000000000 0.62276
4.53740000000000 0.62283
4.53985000000000 0.62290
4.54230000000000 0.62296
4.54475000000000 0.62302
4.54720000000000 0.62308
4.54965000000000 0.62313
4.55210000000000 0.62318
4.55455000000000 0.62323
4.55700000000000 0.62327
4.55945000000000 0.62331
4.56190000000000 0.62335
4.56435000000000 0.62339
4.56680000000000 0.62342
4.56925000000000 0.62345
4.57170000000000 0.62347
4.57415000000000 0.62350
4.57660000000000 0.62352
4.57905000000000 0.62353
4.58150000000000 0.62354
4.58395000000000 0.62356
4.58640000000000 0.62356
4.58885000000000 0.62357
4.59130000000000 0.62357
4.59375000000000 0.62356
4.59620000000000 0.62356
4.59865000000000 0.62355
4.60110000000000 0.62354
4.60355000000000 0.62352
4.60600000000000 0.62351
4.60845000000000 0.62349
4.61090000000000 0.62346
4.61335000000000 0.62344
4.61580000000000 0.62341
4.61825000000000 0.62337
4.62070000000000 0.62334
4.62315000000000 0.62330
4.62560000000000 0.62325
4.62805000000000 0.62321
4.63050000000000 0.62316
4.63295000000000 0.62311
4.63540000000000 0.62305
4.63785000000000 0.62300
4.64030000000000 0.62294
4.64275000000000 0.62287
4.64520000000000 0.62280
4.64765000000000 0.62273
4.65010000000000 0.62266
4.65255000000000 0.62258
4.65500000000000 0.62251
4.65745000000000 0.62242
4.65990000000000 0.62234
4.66235000000000 0.62225
4.66480000000000 0.62216
4.66725000000000 0.62206
4.66970000000000 0.62196
4.67215000000000 0.62186
4.67460000000000 0.62176
4.67705000000000 0.62165
4.67950000000000 0.62154
4.68195000000000 0.62143
4.68440000000000 0.62131
4.68685000000000 0.62119
4.68930000000000 0.62107
4.69175000000000 0.62095
4.69420000000000 0.62082
4.69665000000000 0.62069
4.69910000000000 0.62055
4.70155000000000 0.62041
4.70400000000000 0.62027
4.70645000000000 0.62013
4.70890000000000 0.61998
4.71135000000000 0.61983
4.71380000000000 0.61968
4.71625000000000 0.61953
4.71870000000000 0.61937
4.72115000000000 0.61921
4.72360000000000 0.61904
4.72605000000000 0.61887
4.72850000000000 0.61870
4.73095000000000 0.61853
4.73340000000000 0.61835
4.73585000000000 0.61817
4.73830000000000 0.61799
4.74075000000000 0.61781
4.74320000000000 0.61762
4.74565000000000 0.61743
4.74810000000000 0.61723
4.75055000000000 0.61703
4.75300000000000 0.61683
4.75545000000000 0.61663
4.75790000000000 0.61642
4.76035000000000 0.61622
4.76280000000000 0.61600
4.76525000000000 0.61579
4.76770000000000 0.61557
4.77015000000000 0.61535
4.77260000000000 0.61512
4.77505000000000 0.61490
4.77750000000000 0.61467
4.77995000000000 0.61443
4.78240000000000 0.61420
4.78485000000000 0.61396
4.78730000000000 0.61372
4.78975000000000 0.61347
4.79220000000000 0.61323
4.79465000000000 0.61298
4.79710000000000 0.61273
4.79955000000000 0.61247
4.80200000000000 0.61221
4.80445000000000 0.61195
4.80690000000000 0.61168
4.80935000000000 0.61141
4.81180000000000 0.61114
4.81425000000000 0.61087
4.81670000000000 0.61059
4.81915000000000 0.61031
4.82160000000000 0.61003
4.82405000000000 0.60975
4.82650000000000 0.60946
4.82895000000000 0.60917
4.83140000000000 0.60888
4.83385000000000 0.60858
4.83630000000000 0.60828
4.83875000000000 0.60798
4.84120000000000 0.60768
4.84365000000000 0.60737
4.84610000000000 0.60706
4.84855000000000 0.60675
4.85100000000000 0.60643
4.85345000000000 0.60611
4.85590000000000 0.60579
4.85835000000000 0.60547
4.86080000000000 0.60514
4.86325000000000 0.60481
4.86570000000000 0.60448
4.86815000000000 0.60414
4.87060000000000 0.60380
4.87305000000000 0.60346
4.87550000000000 0.60312
4.87795000000000 0.60277
4.88040000000000 0.60242
4.88285000000000 0.60207
4.88530000000000 0.60172
4.88775000000000 0.60136
4.89020000000000 0.60100
4.89265000000000 0.60064
4.89510000000000 0.60027
4.89755000000000 0.59991
4.90000000000000 0.59953
4.90245000000000 0.59916
4.90490000000000 0.59879
4.90735000000000 0.59841
4.90980000000000 0.59803
4.91225000000000 0.59764
4.91470000000000 0.59725
4.91715000000000 0.59686
4.91960000000000 0.59647
4.92205000000000 0.59608
4.92450000000000 0.59568
4.92695000000000 0.59528
4.92940000000000 0.59488
4.93185000000000 0.59447
4.93430000000000 0.59406
4.93675000000000 0.59365
4.93920000000000 0.59324
4.94165000000000 0.59282
4.94410000000000 0.59241
4.94655000000000 0.59198
4.94900000000000 0.59156
4.95145000000000 0.59114
4.95390000000000 0.59071
4.95635000000000 0.59027
4.95880000000000 0.58984
4.96125000000000 0.58940
4.96370000000000 0.58896
4.96615000000000 0.58852
4.96860000000000 0.58808
4.97105000000000 0.58763
4.97350000000000 0.58718
4.97595000000000 0.58673
4.97840000000000 0.58628
4.98085000000000 0.58582
4.98330000000000 0.58536
4.98575000000000 0.58490
4.98820000000000 0.58443
4.99065000000000 0.58396
4.99310000000000 0.58349
4.99555000000000 0.58302
4.99800000000000 0.58255
5.00045000000000 0.58207
5.00290000000000 0.58159
5.00535000000000 0.58111
5.00780000000000 0.58062
5.01025000000000 0.58014
5.01270000000000 0.57965
5.01515000000000 0.57915
5.01760000000000 0.57866
5.02005000000000 0.57816
5.02250000000000 0.57766
5.02495000000000 0.57716
5.02740000000000 0.57665
5.02985000000000 0.57615
5.03230000000000 0.57564
5.03475000000000 0.57513
5.03720000000000 0.57461
5.03965000000000 0.57409
5.04210000000000 0.57358
5.04455000000000 0.57305
5.04700000000000 0.57253
5.04945000000000 0.57200
5.05190000000000 0.57147
5.05435000000000 0.57094
5.05680000000000 0.57041
5.05925000000000 0.56987
5.06170000000000 0.56933
5.06415000000000 0.56879
5.06660000000000 0.56825
5.06905000000000 0.56770
5.07150000000000 0.56715
5.07395000000000 0.56660
5.07640000000000 0.56605
5.07885000000000 0.56549
5.08130000000000 0.56494
5.08375000000000 0.56438
5.08620000000000 0.56381
5.08865000000000 0.56325
5.09110000000000 0.56268
5.09355000000000 0.56211
5.09600000000000 0.56154
5.09845000000000 0.56096
5.10090000000000 0.56039
5.10335000000000 0.55981
5.10580000000000 0.55923
5.10825000000000 0.55864
5.11070000000000 0.55806
5.11315000000000 0.55747
5.11560000000000 0.55688
5.11805000000000 0.55628
5.12050000000000 0.55569
5.12295000000000 0.55509
5.12540000000000 0.55449
5.12785000000000 0.55389
5.13030000000000 0.55328
5.13275000000000 0.55267
5.13520000000000 0.55206
5.13765000000000 0.55145
5.14010000000000 0.55084
5.14255000000000 0.55022
5.14500000000000 0.54960
5.14745000000000 0.54898
5.14990000000000 0.54836
5.15235000000000 0.54773
5.15480000000000 0.54710
5.15725000000000 0.54647
5.15970000000000 0.54584
5.16215000000000 0.54521
5.16460000000000 0.54457
5.16705000000000 0.54393
5.16950000000000 0.54329
5.17195000000000 0.54264
5.17440000000000 0.54200
5.17685000000000 0.54135
5.17930000000000 0.54070
5.18175000000000 0.54004
5.18420000000000 0.53939
5.18665000000000 0.53873
5.18910000000000 0.53807
5.19155000000000 0.53741
5.19400000000000 0.53674
5.19645000000000 0.53607
5.19890000000000 0.53540
5.20135000000000 0.53473
5.20380000000000 0.53406
5.20625000000000 0.53338
5.20870000000000 0.53270
5.21115000000000 0.53202
5.21360000000000 0.53134
5.21605000000000 0.53065
5.21850000000000 0.52997
5.22095000000000 0.52927
5.22340000000000 0.52858
5.22585000000000 0.52789
5.22830000000000 0.52719
5.23075000000000 0.52649
5.23320000000000 0.52579
5.23565000000000 0.52509
5.23810000000000 0.52438
5.24055000000000 0.52367
5.24300000000000 0.52296
5.24545000000000 0.52225
5.24790000000000 0.52153
5.25035000000000 0.52082
5.25280000000000 0.52010
5.25525000000000 0.51937
5.25770000000000 0.51865
5.26015000000000 0.51792
5.26260000000000 0.51720
5.26505000000000 0.51646
5.26750000000000 0.51573
5.26995000000000 0.51500
5.27240000000000 0.51426
5.27485000000000 0.51352
5.27730000000000 0.51277
5.27975000000000 0.51203
5.28220000000000 0.51128
5.28465000000000 0.51053
5.28710000000000 0.50978
5.28955000000000 0.50903
5.29200000000000 0.50827
5.29445000000000 0.50751
5.29690000000000 0.50675
5.29935000000000 0.50599
5.30180000000000 0.50522
5.30425000000000 0.50446
5.30670000000000 0.50368
5.30915000000000 0.50291
5.31160000000000 0.50214
5.31405000000000 0.50136
5.31650000000000 0.50058
5.31895000000000 0.49980
5.32140000000000 0.49902
5.32385000000000 0.49823
5.32630000000000 0.49744
5.32875000000000 0.49665
5.33120000000000 0.49586
5.33365000000000 0.49506
5.33610000000000 0.49426
5.33855000000000 0.49346
5.34100000000000 0.49266
5.34345000000000 0.49185
5.34590000000000 0.49105
5.34835000000000 0.49024
5.35080000000000 0.48943
5.35325000000000 0.48861
5.35570000000000 0.48779
5.35815000000000 0.48697
5.36060000000000 0.48615
5.36305000000000 0.48533
5.36550000000000 0.48450
5.36795000000000 0.48367
5.37040000000000 0.48284
5.37285000000000 0.48201
5.37530000000000 0.48117
5.37775000000000 0.48034
5.38020000000000 0.47949
5.38265000000000 0.47865
5.38510000000000 0.47781
5.38755000000000 0.47696
5.39000000000000 0.47611
5.39245000000000 0.47525
5.39490000000000 0.47440
5.39735000000000 0.47354
5.39980000000000 0.47268
5.40225000000000 0.47182
5.40470000000000 0.47095
5.40715000000000 0.47008
5.40960000000000 0.46921
5.41205000000000 0.46834
5.41450000000000 0.46747
5.41695000000000 0.46659
5.41940000000000 0.46571
5.42185000000000 0.46483
5.42430000000000 0.46394
5.42675000000000 0.46305
5.42920000000000 0.46216
5.43165000000000 0.46127
5.43410000000000 0.46037
5.43655000000000 0.45948
5.43900000000000 0.45858
5.44145000000000 0.45767
5.44390000000000 0.45677
5.44635000000000 0.45586
5.44880000000000 0.45495
5.45125000000000 0.45404
5.45370000000000 0.45312
5.45615000000000 0.45220
5.45860000000000 0.45128
5.46105000000000 0.45036
5.46350000000000 0.44943
5.46595000000000 0.44850
5.46840000000000 0.44757
5.47085000000000 0.44664
5.47330000000000 0.44570
5.47575000000000 0.44476
5.47820000000000 0.44382
5.48065000000000 0.44287
5.48310000000000 0.44192
5.48555000000000 0.44097
5.48800000000000 0.44002
5.49045000000000 0.43906
5.49290000000000 0.43810
5.49535000000000 0.43714
5.49780000000000 0.43618
5.50025000000000 0.43521
5.50270000000000 0.43424
5.50515000000000 0.43327
5.50760000000000 0.43229
5.51005000000000 0.43132
5.51250000000000 0.43034
5.51495000000000 0.42935
5.51740000000000 0.42836
5.51985000000000 0.42738
5.52230000000000 0.42638
5.52475000000000 0.42539
5.52720000000000 0.42439
5.52965000000000 0.42339
5.53210000000000 0.42238
5.53455000000000 0.42138
5.53700000000000 0.42037
5.53945000000000 0.41935
5.54190000000000 0.41834
5.54435000000000 0.41732
5.54680000000000 0.41630
5.54925000000000 0.41527
5.55170000000000 0.41424
5.55415000000000 0.41321
5.55660000000000 0.41218
5.55905000000000 0.41114
5.56150000000000 0.41010
5.56395000000000 0.40906
5.56640000000000 0.40801
5.56885000000000 0.40696
5.57130000000000 0.40591
5.57375000000000 0.40485
5.57620000000000 0.40379
5.57865000000000 0.40273
5.58110000000000 0.40166
5.58355000000000 0.40059
5.58600000000000 0.39952
5.58845000000000 0.39845
5.59090000000000 0.39737
5.59335000000000 0.39629
5.59580000000000 0.39520
5.59825000000000 0.39411
5.60070000000000 0.39302
5.60315000000000 0.39192
5.60560000000000 0.39082
5.60805000000000 0.38972
5.61050000000000 0.38861
5.61295000000000 0.38751
5.61540000000000 0.38639
5.61785000000000 0.38528
5.62030000000000 0.38416
5.62275000000000 0.38303
5.62520000000000 0.38191
5.62765000000000 0.38077
5.63010000000000 0.37964
5.63255000000000 0.37850
5.63500000000000 0.37736
5.63745000000000 0.37622
5.63990000000000 0.37507
5.64235000000000 0.37391
5.64480000000000 0.37276
5.64725000000000 0.37160
5.64970000000000 0.37043
5.65215000000000 0.36927
5.65460000000000 0.36809
5.65705000000000 0.36692
5.65950000000000 0.36574
5.66195000000000 0.36455
5.66440000000000 0.36337
5.66685000000000 0.36218
5.66930000000000 0.36098
5.67175000000000 0.35978
5.67420000000000 0.35858
5.67665000000000 0.35737
5.67910000000000 0.35616
5.68155000000000 0.35494
5.68400000000000 0.35372
5.68645000000000 0.35250
5.68890000000000 0.35127
5.69135000000000 0.35004
5.69380000000000 0.34880
5.69625000000000 0.34756
5.69870000000000 0.34631
5.70115000000000 0.34506
5.70360000000000 0.34380
5.70605000000000 0.34255
5.70850000000000 0.34128
5.71095000000000 0.34001
5.71340000000000 0.33874
5.71585000000000 0.33746
5.71830000000000 0.33618
5.72075000000000 0.33489
5.72320000000000 0.33360
5.72565000000000 0.33230
5.72810000000000 0.33100
5.73055000000000 0.32970
5.73300000000000 0.32839
5.73545000000000 0.32707
5.73790000000000 0.32575
5.74035000000000 0.32442
5.74280000000000 0.32309
5.74525000000000 0.32176
5.74770000000000 0.32041
5.75015000000000 0.31907
5.75260000000000 0.31772
5.75505000000000 0.31636
5.75750000000000 0.31500
5.75995000000000 0.31363
5.76240000000000 0.31226
5.76485000000000 0.31088
5.76730000000000 0.30949
5.76975000000000 0.30810
5.77220000000000 0.30671
5.77465000000000 0.30531
5.77710000000000 0.30390
5.77955000000000 0.30249
5.78200000000000 0.30107
5.78445000000000 0.29964
5.78690000000000 0.29821
5.78935000000000 0.29678
5.79180000000000 0.29534
5.79425000000000 0.29389
5.79670000000000 0.29243
5.79915000000000 0.29097
5.80160000000000 0.28950
5.80405000000000 0.28803
5.80650000000000 0.28655
5.80895000000000 0.28506
5.81140000000000 0.28357
5.81385000000000 0.28207
5.81630000000000 0.28057
5.81875000000000 0.27905
5.82120000000000 0.27753
5.82365000000000 0.27601
5.82610000000000 0.27447
5.82855000000000 0.27293
5.83100000000000 0.27138
5.83345000000000 0.26983
5.83590000000000 0.26827
5.83835000000000 0.26670
5.84080000000000 0.26512
5.84325000000000 0.26353
5.84570000000000 0.26194
5.84815000000000 0.26034
5.85060000000000 0.25873
5.85305000000000 0.25712
5.85550000000000 0.25549
5.85795000000000 0.25386
5.86040000000000 0.25222
5.86285000000000 0.25058
5.86530000000000 0.24892
5.86775000000000 0.24726
5.87020000000000 0.24558
5.87265000000000 0.24390
5.87510000000000 0.24221
5.87755000000000 0.24051
5.88000000000000 0.23880
5.88245000000000 0.23709
5.88490000000000 0.23536
5.88735000000000 0.23363
5.88980000000000 0.23188
5.89225000000000 0.23013
5.89470000000000 0.22837
5.89715000000000 0.22659
5.89960000000000 0.22481
5.90205000000000 0.22302
5.90450000000000 0.22122
5.90695000000000 0.21940
5.90940000000000 0.21758
5.91185000000000 0.21575
5.91430000000000 0.21391
5.91675000000000 0.21205
5.91920000000000 0.21019
5.92165000000000 0.20831
5.92410000000000 0.20643
5.92655000000000 0.20453
5.92900000000000 0.20262
5.93145000000000 0.20070
5.93390000000000 0.19877
5.93635000000000 0.19683
5.93880000000000 0.19487
5.94125000000000 0.19291
5.94370000000000 0.19093
5.94615000000000 0.18894
5.94860000000000 0.18694
5.95105000000000 0.18492
5.95350000000000 0.18289
5.95595000000000 0.18085
5.95840000000000 0.17880
5.96085000000000 0.17673
5.96330000000000 0.17465
5.96575000000000 0.17256
5.96820000000000 0.17046
5.97065000000000 0.16834
5.97310000000000 0.16620
5.97555000000000 0.16406
5.97800000000000 0.16189
5.98045000000000 0.15972
5.98290000000000 0.15753
5.98535000000000 0.15533
5.98780000000000 0.15311
5.99025000000000 0.15087
5.99270000000000 0.14862
5.99515000000000 0.14636
5.99760000000000 0.14408
6.00005000000000 0.14179
6.00250000000000 0.13948
6.00495000000000 0.13716
6.00740000000000 0.13482
6.00985000000000 0.13246
6.01230000000000 0.13009
6.01475000000000 0.12770
6.01720000000000 0.12530
6.01965000000000 0.12288
6.02210000000000 0.12044
6.02455000000000 0.11799
6.02700000000000 0.11552
6.02945000000000 0.11304
6.03190000000000 0.11054
6.03435000000000 0.10802
6.03680000000000 0.10549
6.03925000000000 0.10294
6.04170000000000 0.10037
6.04415000000000 0.097793
6.04660000000000 0.095195
6.04905000000000 0.092580
6.05150000000000 0.089950
6.05395000000000 0.087304
6.05640000000000 0.084641
6.05885000000000 0.081964
6.06130000000000 0.079270
6.06375000000000 0.076562
6.06620000000000 0.073838
6.06865000000000 0.071099
6.07110000000000 0.068346
6.07355000000000 0.065579
6.07600000000000 0.062797
6.07845000000000 0.060002
6.08090000000000 0.057194
6.08335000000000 0.054372
6.08580000000000 0.051539
6.08825000000000 0.048693
6.09070000000000 0.045835
6.09315000000000 0.042967
6.09560000000000 0.040088
6.09805000000000 0.037199
6.10050000000000 0.034301
6.10295000000000 0.031393
6.10540000000000 0.028478
6.10785000000000 0.025555
6.11030000000000 0.022625
6.11275000000000 0.019689
6.11520000000000 0.016748
6.11765000000000 0.013802
6.12010000000000 0.010851
6.12255000000000 0.0078978
6.12500000000000 0.0049418
6.12745000000000 0.0019840
6.12990000000000 -0.00097477
6.13235000000000 -0.0039338
6.13480000000000 -0.0068922
6.13725000000000 -0.0098493
6.13970000000000 -0.012804
6.14215000000000 -0.015757
6.14460000000000 -0.018705
6.14705000000000 -0.021649
