x y
-3 1
-2.9976 1.0000
-2.9951 1.0001
-2.9927 1.0001
-2.9902 1.0002
-2.9878 1.0002
-2.9853 1.0003
-2.9829 1.0003
-2.9805 1.0004
-2.9780 1.0004
-2.9756 1.0005
-2.9731 1.0005
-2.9707 1.0006
-2.9683 1.0006
-2.9658 1.0007
-2.9634 1.0007
-2.9609 1.0008
-2.9585 1.0008
-2.9561 1.0009
-2.9536 1.0009
-2.9512 1.0010
-2.9488 1.0011
-2.9463 1.0011
-2.9439 1.0012
-2.9414 1.0012
-2.9390 1.0013
-2.9366 1.0014
-2.9341 1.0014
-2.9317 1.0015
-2.9293 1.0015
-2.9268 1.0016
-2.9244 1.0017
-2.9220 1.0017
-2.9195 1.0018
-2.9171 1.0019
-2.9147 1.0019
-2.9123 1.0020
-2.9098 1.0021
-2.9074 1.0021
-2.9050 1.0022
-2.9025 1.0023
-2.9001 1.0024
-2.8977 1.0024
-2.8953 1.0025
-2.8928 1.0026
-2.8904 1.0027
-2.8880 1.0027
-2.8856 1.0028
-2.8831 1.0029
-2.8807 1.0030
-2.8783 1.0030
-2.8759 1.0031
-2.8734 1.0032
-2.8710 1.0033
-2.8686 1.0034
-2.8662 1.0034
-2.8638 1.0035
-2.8613 1.0036
-2.8589 1.0037
-2.8565 1.0038
-2.8541 1.0039
-2.8517 1.0039
-2.8493 1.0040
-2.8468 1.0041
-2.8444 1.0042
-2.8420 1.0043
-2.8396 1.0044
-2.8372 1.0045
-2.8348 1.0046
-2.8324 1.0046
-2.8300 1.0047
-2.8275 1.0048
-2.8251 1.0049
-2.8227 1.0050
-2.8203 1.0051
-2.8179 1.0052
-2.8155 1.0053
-2.8131 1.0054
-2.8107 1.0055
-2.8083 1.0056
-2.8059 1.0057
-2.8035 1.0058
-2.8011 1.0059
-2.7987 1.0060
-2.7963 1.0061
-2.7939 1.0062
-2.7915 1.0063
-2.7891 1.0064
-2.7867 1.0065
-2.7843 1.0066
-2.7819 1.0067
-2.7795 1.0068
-2.7771 1.0069
-2.7747 1.0070
-2.7723 1.0071
-2.7699 1.0072
-2.7675 1.0073
-2.7651 1.0074
-2.7627 1.0076
-2.7603 1.0077
-2.7579 1.0078
-2.7555 1.0079
-2.7532 1.0080
-2.7508 1.0081
-2.7484 1.0082
-2.7460 1.0083
-2.7436 1.0084
-2.7412 1.0086
-2.7388 1.0087
-2.7365 1.0088
-2.7341 1.0089
-2.7317 1.0090
-2.7293 1.0091
-2.7269 1.0093
-2.7245 1.0094
-2.7222 1.0095
-2.7198 1.0096
-2.7174 1.0097
-2.7150 1.0099
-2.7127 1.0100
-2.7103 1.0101
-2.7079 1.0102
-2.7055 1.0104
-2.7032 1.0105
-2.7008 1.0106
-2.6984 1.0107
-2.6960 1.0109
-2.6937 1.0110
-2.6913 1.0111
-2.6889 1.0112
-2.6866 1.0114
-2.6842 1.0115
-2.6818 1.0116
-2.6795 1.0117
-2.6771 1.0119
-2.6747 1.0120
-2.6724 1.0121
-2.6700 1.0123
-2.6677 1.0124
-2.6653 1.0125
-2.6629 1.0127
-2.6606 1.0128
-2.6582 1.0129
-2.6559 1.0131
-2.6535 1.0132
-2.6512 1.0133
-2.6488 1.0135
-2.6464 1.0136
-2.6441 1.0138
-2.6417 1.0139
-2.6394 1.0140
-2.6370 1.0142
-2.6347 1.0143
-2.6323 1.0145
-2.6300 1.0146
-2.6277 1.0147
-2.6253 1.0149
-2.6230 1.0150
-2.6206 1.0152
-2.6183 1.0153
-2.6159 1.0155
-2.6136 1.0156
-2.6112 1.0157
-2.6089 1.0159
-2.6066 1.0160
-2.6042 1.0162
-2.6019 1.0163
-2.5996 1.0165
-2.5972 1.0166
-2.5949 1.0168
-2.5926 1.0169
-2.5902 1.0171
-2.5879 1.0172
-2.5856 1.0174
-2.5832 1.0175
-2.5809 1.0177
-2.5786 1.0178
-2.5762 1.0180
-2.5739 1.0181
-2.5716 1.0183
-2.5693 1.0184
-2.5669 1.0186
-2.5646 1.0187
-2.5623 1.0189
-2.5600 1.0191
-2.5577 1.0192
-2.5553 1.0194
-2.5530 1.0195
-2.5507 1.0197
-2.5484 1.0198
-2.5461 1.0200
-2.5438 1.0202
-2.5415 1.0203
-2.5391 1.0205
-2.5368 1.0206
-2.5345 1.0208
-2.5322 1.0210
-2.5299 1.0211
-2.5276 1.0213
-2.5253 1.0215
-2.5230 1.0216
-2.5207 1.0218
-2.5184 1.0219
-2.5161 1.0221
-2.5138 1.0223
-2.5115 1.0224
-2.5092 1.0226
-2.5069 1.0228
-2.5046 1.0229
-2.5023 1.0231
-2.5000 1.0233
-2.4977 1.0234
-2.4954 1.0236
-2.4931 1.0238
-2.4908 1.0239
-2.4885 1.0241
-2.4862 1.0243
-2.4839 1.0245
-2.4816 1.0246
-2.4793 1.0248
-2.4770 1.0250
-2.4748 1.0251
-2.4725 1.0253
-2.4702 1.0255
-2.4679 1.0257
-2.4656 1.0258
-2.4633 1.0260
-2.4611 1.0262
-2.4588 1.0264
-2.4565 1.0265
-2.4542 1.0267
-2.4519 1.0269
-2.4497 1.0271
-2.4474 1.0272
-2.4451 1.0274
-2.4428 1.0276
-2.4406 1.0278
-2.4383 1.0279
-2.4360 1.0281
-2.4338 1.0283
-2.4315 1.0285
-2.4292 1.0287
-2.4269 1.0288
-2.4247 1.0290
-2.4224 1.0292
-2.4201 1.0294
-2.4179 1.0296
-2.4156 1.0297
-2.4134 1.0299
-2.4111 1.0301
-2.4088 1.0303
-2.4066 1.0305
-2.4043 1.0307
-2.4021 1.0308
-2.3998 1.0310
-2.3976 1.0312
-2.3953 1.0314
-2.3930 1.0316
-2.3908 1.0318
-2.3885 1.0320
-2.3863 1.0321
-2.3840 1.0323
-2.3818 1.0325
-2.3796 1.0327
-2.3773 1.0329
-2.3751 1.0331
-2.3728 1.0333
-2.3706 1.0335
-2.3683 1.0336
-2.3661 1.0338
-2.3638 1.0340
-2.3616 1.0342
-2.3594 1.0344
-2.3571 1.0346
-2.3549 1.0348
-2.3526 1.0350
-2.3504 1.0352
-2.3482 1.0354
-2.3459 1.0356
-2.3437 1.0357
-2.3415 1.0359
-2.3392 1.0361
-2.3370 1.0363
-2.3348 1.0365
-2.3326 1.0367
-2.3303 1.0369
-2.3281 1.0371
-2.3259 1.0373
-2.3237 1.0375
-2.3214 1.0377
-2.3192 1.0379
-2.3170 1.0381
-2.3148 1.0383
-2.3125 1.0385
-2.3103 1.0387
-2.3081 1.0389
-2.3059 1.0391
-2.3037 1.0393
-2.3015 1.0395
-2.2992 1.0397
-2.2970 1.0399
-2.2948 1.0401
-2.2926 1.0403
-2.2904 1.0405
-2.2882 1.0407
-2.2860 1.0409
-2.2838 1.0411
-2.2816 1.0413
-2.2793 1.0415
-2.2771 1.0417
-2.2749 1.0419
-2.2727 1.0421
-2.2705 1.0423
-2.2683 1.0425
-2.2661 1.0427
-2.2639 1.0429
-2.2617 1.0431
-2.2595 1.0433
-2.2573 1.0435
-2.2551 1.0437
-2.2529 1.0439
-2.2507 1.0441
-2.2485 1.0443
-2.2464 1.0445
-2.2442 1.0447
-2.2420 1.0449
-2.2398 1.0451
-2.2376 1.0453
-2.2354 1.0455
-2.2332 1.0457
-2.2310 1.0459
-2.2288 1.0461
-2.2267 1.0464
-2.2245 1.0466
-2.2223 1.0468
-2.2201 1.0470
-2.2179 1.0472
-2.2157 1.0474
-2.2136 1.0476
-2.2114 1.0478
-2.2092 1.0480
-2.2070 1.0482
-2.2048 1.0484
-2.2027 1.0486
-2.2005 1.0488
-2.1983 1.0491
-2.1961 1.0493
-2.1940 1.0495
-2.1918 1.0497
-2.1896 1.0499
-2.1875 1.0501
-2.1853 1.0503
-2.1831 1.0505
-2.1810 1.0507
-2.1788 1.0510
-2.1766 1.0512
-2.1744 1.0514
-2.1723 1.0516
-2.1701 1.0518
-2.1680 1.0520
-2.1658 1.0522
-2.1636 1.0524
-2.1615 1.0526
-2.1593 1.0529
-2.1572 1.0531
-2.1550 1.0533
-2.1528 1.0535
-2.1507 1.0537
-2.1485 1.0539
-2.1464 1.0541
-2.1442 1.0544
-2.1421 1.0546
-2.1399 1.0548
-2.1378 1.0550
-2.1356 1.0552
-2.1335 1.0554
-2.1313 1.0556
-2.1292 1.0559
-2.1270 1.0561
-2.1249 1.0563
-2.1227 1.0565
-2.1206 1.0567
-2.1184 1.0569
-2.1163 1.0572
-2.1142 1.0574
-2.1120 1.0576
-2.1099 1.0578
-2.1077 1.0580
-2.1056 1.0582
-2.1035 1.0585
-2.1013 1.0587
-2.0992 1.0589
-2.0970 1.0591
-2.0949 1.0593
-2.0928 1.0595
-2.0906 1.0598
-2.0885 1.0600
-2.0864 1.0602
-2.0842 1.0604
-2.0821 1.0606
-2.0800 1.0609
-2.0779 1.0611
-2.0757 1.0613
-2.0736 1.0615
-2.0715 1.0617
-2.0693 1.0620
-2.0672 1.0622
-2.0651 1.0624
-2.0630 1.0626
-2.0608 1.0628
-2.0587 1.0631
-2.0566 1.0633
-2.0545 1.0635
-2.0524 1.0637
-2.0502 1.0639
-2.0481 1.0642
-2.0460 1.0644
-2.0439 1.0646
-2.0418 1.0648
-2.0397 1.0650
-2.0375 1.0653
-2.0354 1.0655
-2.0333 1.0657
-2.0312 1.0659
-2.0291 1.0662
-2.0270 1.0664
-2.0249 1.0666
-2.0228 1.0668
-2.0206 1.0670
-2.0185 1.0673
-2.0164 1.0675
-2.0143 1.0677
-2.0122 1.0679
-2.0101 1.0682
-2.0080 1.0684
-2.0059 1.0686
-2.0038 1.0688
-2.0017 1.0690
-1.9996 1.0693
-1.9975 1.0695
-1.9954 1.0697
-1.9933 1.0699
-1.9912 1.0702
-1.9891 1.0704
-1.9870 1.0706
-1.9849 1.0708
-1.9828 1.0711
-1.9807 1.0713
-1.9786 1.0715
-1.9765 1.0717
-1.9744 1.0720
-1.9723 1.0722
-1.9702 1.0724
-1.9681 1.0726
-1.9661 1.0729
-1.9640 1.0731
-1.9619 1.0733
-1.9598 1.0735
-1.9577 1.0738
-1.9556 1.0740
-1.9535 1.0742
-1.9514 1.0744
-1.9494 1.0747
-1.9473 1.0749
-1.9452 1.0751
-1.9431 1.0753
-1.9410 1.0756
-1.9389 1.0758
-1.9369 1.0760
-1.9348 1.0762
-1.9327 1.0765
-1.9306 1.0767
-1.9285 1.0769
-1.9265 1.0771
-1.9244 1.0774
-1.9223 1.0776
-1.9202 1.0778
-1.9181 1.0780
-1.9161 1.0783
-1.9140 1.0785
-1.9119 1.0787
-1.9099 1.0789
-1.9078 1.0792
-1.9057 1.0794
-1.9036 1.0796
-1.9016 1.0799
-1.8995 1.0801
-1.8974 1.0803
-1.8954 1.0805
-1.8933 1.0808
-1.8912 1.0810
-1.8892 1.0812
-1.8871 1.0814
-1.8850 1.0817
-1.8830 1.0819
-1.8809 1.0821
-1.8788 1.0824
-1.8768 1.0826
-1.8747 1.0828
-1.8726 1.0830
-1.8706 1.0833
-1.8685 1.0835
-1.8665 1.0837
-1.8644 1.0839
-1.8623 1.0842
-1.8603 1.0844
-1.8582 1.0846
-1.8562 1.0848
-1.8541 1.0851
-1.8520 1.0853
-1.8500 1.0855
-1.8479 1.0858
-1.8459 1.0860
-1.8438 1.0862
-1.8418 1.0864
-1.8397 1.0867
-1.8377 1.0869
-1.8356 1.0871
-1.8336 1.0873
-1.8315 1.0876
-1.8295 1.0878
-1.8274 1.0880
-1.8254 1.0883
-1.8233 1.0885
-1.8213 1.0887
-1.8192 1.0889
-1.8172 1.0892
-1.8151 1.0894
-1.8131 1.0896
-1.8110 1.0898
-1.8090 1.0901
-1.8069 1.0903
-1.8049 1.0905
-1.8029 1.0907
-1.8008 1.0910
-1.7988 1.0912
-1.7967 1.0914
-1.7947 1.0917
-1.7926 1.0919
-1.7906 1.0921
-1.7886 1.0923
-1.7865 1.0926
-1.7845 1.0928
-1.7824 1.0930
-1.7804 1.0932
-1.7784 1.0935
-1.7763 1.0937
-1.7743 1.0939
-1.7723 1.0942
-1.7702 1.0944
-1.7682 1.0946
-1.7662 1.0948
-1.7641 1.0951
-1.7621 1.0953
-1.7601 1.0955
-1.7580 1.0957
-1.7560 1.0960
-1.7540 1.0962
-1.7519 1.0964
-1.7499 1.0967
-1.7479 1.0969
-1.7458 1.0971
-1.7438 1.0973
-1.7418 1.0976
-1.7398 1.0978
-1.7377 1.0980
-1.7357 1.0982
-1.7337 1.0985
-1.7317 1.0987
-1.7296 1.0989
-1.7276 1.0991
-1.7256 1.0994
-1.7236 1.0996
-1.7215 1.0998
-1.7195 1.1001
-1.7175 1.1003
-1.7155 1.1005
-1.7134 1.1007
-1.7114 1.1010
-1.7094 1.1012
-1.7074 1.1014
-1.7054 1.1016
-1.7033 1.1019
-1.7013 1.1021
-1.6993 1.1023
-1.6973 1.1026
-1.6953 1.1028
-1.6932 1.1030
-1.6912 1.1032
-1.6892 1.1035
-1.6872 1.1037
-1.6852 1.1039
-1.6832 1.1041
-1.6812 1.1044
-1.6791 1.1046
-1.6771 1.1048
-1.6751 1.1050
-1.6731 1.1053
-1.6711 1.1055
-1.6691 1.1057
-1.6671 1.1060
-1.6650 1.1062
-1.6630 1.1064
-1.6610 1.1066
-1.6590 1.1069
-1.6570 1.1071
-1.6550 1.1073
-1.6530 1.1075
-1.6510 1.1078
-1.6490 1.1080
-1.6470 1.1082
-1.6450 1.1084
-1.6429 1.1087
-1.6409 1.1089
-1.6389 1.1091
-1.6369 1.1093
-1.6349 1.1096
-1.6329 1.1098
-1.6309 1.1100
-1.6289 1.1102
-1.6269 1.1105
-1.6249 1.1107
-1.6229 1.1109
-1.6209 1.1111
-1.6189 1.1114
-1.6169 1.1116
-1.6149 1.1118
-1.6129 1.1120
-1.6109 1.1123
-1.6089 1.1125
-1.6069 1.1127
-1.6049 1.1129
-1.6029 1.1132
-1.6009 1.1134
-1.5989 1.1136
-1.5969 1.1138
-1.5949 1.1141
-1.5929 1.1143
-1.5909 1.1145
-1.5889 1.1147
-1.5869 1.1150
-1.5849 1.1152
-1.5829 1.1154
-1.5809 1.1156
-1.5789 1.1159
-1.5769 1.1161
-1.5749 1.1163
-1.5729 1.1165
-1.5709 1.1168
-1.5689 1.1170
-1.5669 1.1172
-1.5649 1.1174
-1.5630 1.1176
-1.5610 1.1179
-1.5590 1.1181
-1.5570 1.1183
-1.5550 1.1185
-1.5530 1.1188
-1.5510 1.1190
-1.5490 1.1192
-1.5470 1.1194
-1.5450 1.1196
-1.5430 1.1199
-1.5411 1.1201
-1.5391 1.1203
-1.5371 1.1205
-1.5351 1.1208
-1.5331 1.1210
-1.5311 1.1212
-1.5291 1.1214
-1.5271 1.1216
-1.5251 1.1219
-1.5232 1.1221
-1.5212 1.1223
-1.5192 1.1225
-1.5172 1.1227
-1.5152 1.1230
-1.5132 1.1232
-1.5112 1.1234
-1.5093 1.1236
-1.5073 1.1239
-1.5053 1.1241
-1.5033 1.1243
-1.5013 1.1245
-1.4993 1.1247
-1.4974 1.1250
-1.4954 1.1252
-1.4934 1.1254
-1.4914 1.1256
-1.4894 1.1258
-1.4874 1.1260
-1.4855 1.1263
-1.4835 1.1265
-1.4815 1.1267
-1.4795 1.1269
-1.4775 1.1271
-1.4756 1.1274
-1.4736 1.1276
-1.4716 1.1278
-1.4696 1.1280
-1.4676 1.1282
-1.4657 1.1285
-1.4637 1.1287
-1.4617 1.1289
-1.4597 1.1291
-1.4577 1.1293
-1.4558 1.1295
-1.4538 1.1298
-1.4518 1.1300
-1.4498 1.1302
-1.4479 1.1304
-1.4459 1.1306
-1.4439 1.1308
-1.4419 1.1311
-1.4400 1.1313
-1.4380 1.1315
-1.4360 1.1317
-1.4340 1.1319
-1.4320 1.1321
-1.4301 1.1324
-1.4281 1.1326
-1.4261 1.1328
-1.4241 1.1330
-1.4222 1.1332
-1.4202 1.1334
-1.4182 1.1337
-1.4163 1.1339
-1.4143 1.1341
-1.4123 1.1343
-1.4103 1.1345
-1.4084 1.1347
-1.4064 1.1349
-1.4044 1.1352
-1.4024 1.1354
-1.4005 1.1356
-1.3985 1.1358
-1.3965 1.1360
-1.3946 1.1362
-1.3926 1.1364
-1.3906 1.1367
-1.3886 1.1369
-1.3867 1.1371
-1.3847 1.1373
-1.3827 1.1375
-1.3808 1.1377
-1.3788 1.1379
-1.3768 1.1381
-1.3748 1.1384
-1.3729 1.1386
-1.3709 1.1388
-1.3689 1.1390
-1.3670 1.1392
-1.3650 1.1394
-1.3630 1.1396
-1.3611 1.1398
-1.3591 1.1400
-1.3571 1.1403
-1.3552 1.1405
-1.3532 1.1407
-1.3512 1.1409
-1.3493 1.1411
-1.3473 1.1413
-1.3453 1.1415
-1.3434 1.1417
-1.3414 1.1419
-1.3394 1.1421
-1.3375 1.1424
-1.3355 1.1426
-1.3335 1.1428
-1.3316 1.1430
-1.3296 1.1432
-1.3276 1.1434
-1.3257 1.1436
-1.3237 1.1438
-1.3217 1.1440
-1.3198 1.1442
-1.3178 1.1444
-1.3158 1.1447
-1.3139 1.1449
-1.3119 1.1451
-1.3099 1.1453
-1.3080 1.1455
-1.3060 1.1457
-1.3040 1.1459
-1.3021 1.1461
-1.3001 1.1463
-1.2982 1.1465
-1.2962 1.1467
-1.2942 1.1469
-1.2923 1.1471
-1.2903 1.1473
-1.2883 1.1475
-1.2864 1.1478
-1.2844 1.1480
-1.2825 1.1482
-1.2805 1.1484
-1.2785 1.1486
-1.2766 1.1488
-1.2746 1.1490
-1.2726 1.1492
-1.2707 1.1494
-1.2687 1.1496
-1.2668 1.1498
-1.2648 1.1500
-1.2628 1.1502
-1.2609 1.1504
-1.2589 1.1506
-1.2569 1.1508
-1.2550 1.1510
-1.2530 1.1512
-1.2511 1.1514
-1.2491 1.1516
-1.2471 1.1518
-1.2452 1.1520
-1.2432 1.1522
-1.2413 1.1524
-1.2393 1.1526
-1.2373 1.1528
-1.2354 1.1530
-1.2334 1.1532
-1.2315 1.1534
-1.2295 1.1536
-1.2275 1.1538
-1.2256 1.1540
-1.2236 1.1542
-1.2216 1.1544
-1.2197 1.1546
-1.2177 1.1548
-1.2158 1.1550
-1.2138 1.1552
-1.2118 1.1554
-1.2099 1.1556
-1.2079 1.1558
-1.2060 1.1560
-1.2040 1.1562
-1.2021 1.1564
-1.2001 1.1566
-1.1981 1.1568
-1.1962 1.1570
-1.1942 1.1572
-1.1923 1.1574
-1.1903 1.1576
-1.1883 1.1578
-1.1864 1.1580
-1.1844 1.1582
-1.1825 1.1584
-1.1805 1.1586
-1.1785 1.1588
-1.1766 1.1590
-1.1746 1.1592
-1.1727 1.1594
-1.1707 1.1596
-1.1688 1.1597
-1.1668 1.1599
-1.1648 1.1601
-1.1629 1.1603
-1.1609 1.1605
-1.1590 1.1607
-1.1570 1.1609
-1.1550 1.1611
-1.1531 1.1613
-1.1511 1.1615
-1.1492 1.1617
-1.1472 1.1619
-1.1452 1.1621
-1.1433 1.1623
-1.1413 1.1625
-1.1394 1.1626
-1.1374 1.1628
-1.1355 1.1630
-1.1335 1.1632
-1.1315 1.1634
-1.1296 1.1636
-1.1276 1.1638
-1.1257 1.1640
-1.1237 1.1642
-1.1218 1.1644
-1.1198 1.1645
-1.1178 1.1647
-1.1159 1.1649
-1.1139 1.1651
-1.1120 1.1653
-1.1100 1.1655
-1.1081 1.1657
-1.1061 1.1659
-1.1041 1.1661
-1.1022 1.1662
-1.1002 1.1664
-1.0983 1.1666
-1.0963 1.1668
-1.0944 1.1670
-1.0924 1.1672
-1.0904 1.1674
-1.0885 1.1675
-1.0865 1.1677
-1.0846 1.1679
-1.0826 1.1681
-1.0807 1.1683
-1.0787 1.1685
-1.0767 1.1687
-1.0748 1.1688
-1.0728 1.1690
-1.0709 1.1692
-1.0689 1.1694
-1.0670 1.1696
-1.0650 1.1698
-1.0631 1.1699
-1.0611 1.1701
-1.0591 1.1703
-1.0572 1.1705
-1.0552 1.1707
-1.0533 1.1709
-1.0513 1.1710
-1.0494 1.1712
-1.0474 1.1714
-1.0454 1.1716
-1.0435 1.1718
-1.0415 1.1719
-1.0396 1.1721
-1.0376 1.1723
-1.0357 1.1725
-1.0337 1.1727
-1.0317 1.1728
-1.0298 1.1730
-1.0278 1.1732
-1.0259 1.1734
-1.0239 1.1736
-1.0219 1.1737
-1.0200 1.1739
-1.0180 1.1741
-1.0161 1.1743
-1.0141 1.1744
-1.0122 1.1746
-1.0102 1.1748
-1.0082 1.1750
-1.0063 1.1751
-1.0043 1.1753
-1.0024 1.1755
-1.0004 1.1757
-0.99844 1.1759
-0.99648 1.1760
-0.99452 1.1762
-0.99256 1.1764
-0.99060 1.1766
-0.98865 1.1767
-0.98669 1.1769
-0.98473 1.1771
-0.98277 1.1772
-0.98081 1.1774
-0.97885 1.1776
-0.97689 1.1778
-0.97493 1.1779
-0.97297 1.1781
-0.97102 1.1783
-0.96906 1.1785
-0.96710 1.1786
-0.96514 1.1788
-0.96318 1.1790
-0.96122 1.1791
-0.95926 1.1793
-0.95730 1.1795
-0.95534 1.1796
-0.95338 1.1798
-0.95142 1.1800
-0.94946 1.1802
-0.94750 1.1803
-0.94554 1.1805
-0.94358 1.1807
-0.94162 1.1808
-0.93966 1.1810
-0.93770 1.1812
-0.93574 1.1813
-0.93378 1.1815
-0.93182 1.1817
-0.92986 1.1818
-0.92790 1.1820
-0.92594 1.1822
-0.92398 1.1823
-0.92202 1.1825
-0.92006 1.1827
-0.91810 1.1828
-0.91614 1.1830
-0.91418 1.1832
-0.91222 1.1833
-0.91026 1.1835
-0.90830 1.1836
-0.90634 1.1838
-0.90438 1.1840
-0.90241 1.1841
-0.90045 1.1843
-0.89849 1.1845
-0.89653 1.1846
-0.89457 1.1848
-0.89260 1.1849
-0.89064 1.1851
-0.88868 1.1853
-0.88672 1.1854
-0.88476 1.1856
-0.88280 1.1857
-0.88083 1.1859
-0.87887 1.1861
-0.87691 1.1862
-0.87495 1.1864
-0.87298 1.1865
-0.87102 1.1867
-0.86906 1.1869
-0.86710 1.1870
-0.86513 1.1872
-0.86317 1.1873
-0.86121 1.1875
-0.85925 1.1876
-0.85728 1.1878
-0.85532 1.1880
-0.85336 1.1881
-0.85139 1.1883
-0.84943 1.1884
-0.84746 1.1886
-0.84550 1.1887
-0.84354 1.1889
-0.84157 1.1890
-0.83961 1.1892
-0.83765 1.1893
-0.83568 1.1895
-0.83372 1.1897
-0.83175 1.1898
-0.82979 1.1900
-0.82782 1.1901
-0.82586 1.1903
-0.82389 1.1904
-0.82193 1.1906
-0.81997 1.1907
-0.81800 1.1909
-0.81604 1.1910
-0.81407 1.1912
-0.81210 1.1913
-0.81014 1.1915
-0.80817 1.1916
-0.80621 1.1918
-0.80424 1.1919
-0.80228 1.1921
-0.80031 1.1922
-0.79835 1.1924
-0.79638 1.1925
-0.79441 1.1927
-0.79245 1.1928
-0.79048 1.1929
-0.78851 1.1931
-0.78655 1.1932
-0.78458 1.1934
-0.78261 1.1935
-0.78065 1.1937
-0.77868 1.1938
-0.77671 1.1940
-0.77474 1.1941
-0.77278 1.1943
-0.77081 1.1944
-0.76884 1.1945
-0.76688 1.1947
-0.76491 1.1948
-0.76294 1.1950
-0.76097 1.1951
-0.75900 1.1953
-0.75704 1.1954
-0.75507 1.1955
-0.75310 1.1957
-0.75113 1.1958
-0.74916 1.1960
-0.74719 1.1961
-0.74522 1.1962
-0.74325 1.1964
-0.74129 1.1965
-0.73932 1.1967
-0.73735 1.1968
-0.73538 1.1969
-0.73341 1.1971
-0.73144 1.1972
-0.72947 1.1973
-0.72750 1.1975
-0.72553 1.1976
-0.72356 1.1978
-0.72159 1.1979
-0.71962 1.1980
-0.71765 1.1982
-0.71568 1.1983
-0.71371 1.1984
-0.71174 1.1986
-0.70976 1.1987
-0.70779 1.1988
-0.70582 1.1990
-0.70385 1.1991
-0.70188 1.1992
-0.69991 1.1994
-0.69794 1.1995
-0.69596 1.1996
-0.69399 1.1998
-0.69202 1.1999
-0.69005 1.2000
-0.68808 1.2002
-0.68610 1.2003
-0.68413 1.2004
-0.68216 1.2006
-0.68019 1.2007
-0.67821 1.2008
-0.67624 1.2009
-0.67427 1.2011
-0.67229 1.2012
-0.67032 1.2013
-0.66835 1.2015
-0.66637 1.2016
-0.66440 1.2017
-0.66243 1.2018
-0.66045 1.2020
-0.65848 1.2021
-0.65650 1.2022
-0.65453 1.2023
-0.65256 1.2025
-0.65058 1.2026
-0.64861 1.2027
-0.64663 1.2028
-0.64466 1.2030
-0.64268 1.2031
-0.64071 1.2032
-0.63873 1.2033
-0.63676 1.2035
-0.63478 1.2036
-0.63280 1.2037
-0.63083 1.2038
-0.62885 1.2039
-0.62688 1.2041
-0.62490 1.2042
-0.62292 1.2043
-0.62095 1.2044
-0.61897 1.2045
-0.61699 1.2047
-0.61502 1.2048
-0.61304 1.2049
-0.61106 1.2050
-0.60909 1.2051
-0.60711 1.2052
-0.60513 1.2054
-0.60316 1.2055
-0.60118 1.2056
-0.59920 1.2057
-0.59722 1.2058
-0.59524 1.2059
-0.59327 1.2061
-0.59129 1.2062
-0.58931 1.2063
-0.58733 1.2064
-0.58535 1.2065
-0.58337 1.2066
-0.58139 1.2067
-0.57941 1.2069
-0.57744 1.2070
-0.57546 1.2071
-0.57348 1.2072
-0.57150 1.2073
-0.56952 1.2074
-0.56754 1.2075
-0.56556 1.2076
-0.56358 1.2077
-0.56160 1.2079
-0.55962 1.2080
-0.55764 1.2081
-0.55566 1.2082
-0.55368 1.2083
-0.55169 1.2084
-0.54971 1.2085
-0.54773 1.2086
-0.54575 1.2087
-0.54377 1.2088
-0.54179 1.2089
-0.53981 1.2090
-0.53783 1.2091
-0.53584 1.2092
-0.53386 1.2093
-0.53188 1.2095
-0.52990 1.2096
-0.52792 1.2097
-0.52593 1.2098
-0.52395 1.2099
-0.52197 1.2100
-0.51999 1.2101
-0.51800 1.2102
-0.51602 1.2103
-0.51404 1.2104
-0.51205 1.2105
-0.51007 1.2106
-0.50809 1.2107
-0.50610 1.2108
-0.50412 1.2109
-0.50214 1.2110
-0.50015 1.2111
-0.49817 1.2112
-0.49618 1.2113
-0.49420 1.2114
-0.49221 1.2115
-0.49023 1.2116
-0.48825 1.2117
-0.48626 1.2118
-0.48427 1.2118
-0.48229 1.2119
-0.48030 1.2120
-0.47832 1.2121
-0.47633 1.2122
-0.47435 1.2123
-0.47236 1.2124
-0.47038 1.2125
-0.46839 1.2126
-0.46640 1.2127
-0.46442 1.2128
-0.46243 1.2129
-0.46045 1.2130
-0.45846 1.2131
-0.45647 1.2131
-0.45449 1.2132
-0.45250 1.2133
-0.45051 1.2134
-0.44852 1.2135
-0.44654 1.2136
-0.44455 1.2137
-0.44256 1.2138
-0.44057 1.2139
-0.43859 1.2139
-0.43660 1.2140
-0.43461 1.2141
-0.43262 1.2142
-0.43064 1.2143
-0.42865 1.2144
-0.42666 1.2145
-0.42467 1.2145
-0.42268 1.2146
-0.42069 1.2147
-0.41870 1.2148
-0.41672 1.2149
-0.41473 1.2150
-0.41274 1.2150
-0.41075 1.2151
-0.40876 1.2152
-0.40677 1.2153
-0.40478 1.2154
-0.40279 1.2155
-0.40080 1.2155
-0.39881 1.2156
-0.39682 1.2157
-0.39483 1.2158
-0.39284 1.2159
-0.39085 1.2159
-0.38886 1.2160
-0.38687 1.2161
-0.38488 1.2162
-0.38289 1.2162
-0.38090 1.2163
-0.37890 1.2164
-0.37691 1.2165
-0.37492 1.2165
-0.37293 1.2166
-0.37094 1.2167
-0.36895 1.2168
-0.36696 1.2168
-0.36496 1.2169
-0.36297 1.2170
-0.36098 1.2171
-0.35899 1.2171
-0.35700 1.2172
-0.35500 1.2173
-0.35301 1.2173
-0.35102 1.2174
-0.34903 1.2175
-0.34703 1.2176
-0.34504 1.2176
-0.34305 1.2177
-0.34105 1.2178
-0.33906 1.2178
-0.33707 1.2179
-0.33508 1.2180
-0.33308 1.2180
-0.33109 1.2181
-0.32909 1.2182
-0.32710 1.2182
-0.32511 1.2183
-0.32311 1.2184
-0.32112 1.2184
-0.31913 1.2185
-0.31713 1.2186
-0.31514 1.2186
-0.31314 1.2187
-0.31115 1.2187
-0.30915 1.2188
-0.30716 1.2189
-0.30516 1.2189
-0.30317 1.2190
-0.30118 1.2191
-0.29918 1.2191
-0.29718 1.2192
-0.29519 1.2192
-0.29319 1.2193
-0.29120 1.2194
-0.28920 1.2194
-0.28721 1.2195
-0.28521 1.2195
-0.28322 1.2196
-0.28122 1.2196
-0.27923 1.2197
-0.27723 1.2198
-0.27523 1.2198
-0.27324 1.2199
-0.27124 1.2199
-0.26924 1.2200
-0.26725 1.2200
-0.26525 1.2201
-0.26326 1.2201
-0.26126 1.2202
-0.25926 1.2202
-0.25727 1.2203
-0.25527 1.2204
-0.25327 1.2204
-0.25127 1.2205
-0.24928 1.2205
-0.24728 1.2206
-0.24528 1.2206
-0.24329 1.2207
-0.24129 1.2207
-0.23929 1.2208
-0.23729 1.2208
-0.23530 1.2208
-0.23330 1.2209
-0.23130 1.2209
-0.22930 1.2210
-0.22730 1.2210
-0.22531 1.2211
-0.22331 1.2211
-0.22131 1.2212
-0.21931 1.2212
-0.21731 1.2213
-0.21532 1.2213
-0.21332 1.2214
-0.21132 1.2214
-0.20932 1.2214
-0.20732 1.2215
-0.20532 1.2215
-0.20332 1.2216
-0.20132 1.2216
-0.19933 1.2216
-0.19733 1.2217
-0.19533 1.2217
-0.19333 1.2218
-0.19133 1.2218
-0.18933 1.2218
-0.18733 1.2219
-0.18533 1.2219
-0.18333 1.2220
-0.18133 1.2220
-0.17933 1.2220
-0.17733 1.2221
-0.17533 1.2221
-0.17334 1.2221
-0.17134 1.2222
-0.16934 1.2222
-0.16734 1.2222
-0.16534 1.2223
-0.16334 1.2223
-0.16134 1.2223
-0.15934 1.2224
-0.15734 1.2224
-0.15534 1.2224
-0.15334 1.2225
-0.15134 1.2225
-0.14934 1.2225
-0.14734 1.2226
-0.14533 1.2226
-0.14333 1.2226
-0.14133 1.2227
-0.13933 1.2227
-0.13733 1.2227
-0.13533 1.2227
-0.13333 1.2228
-0.13133 1.2228
-0.12933 1.2228
-0.12733 1.2228
-0.12533 1.2229
-0.12333 1.2229
-0.12133 1.2229
-0.11933 1.2229
-0.11732 1.2230
-0.11532 1.2230
-0.11332 1.2230
-0.11132 1.2230
-0.10932 1.2231
-0.10732 1.2231
-0.10532 1.2231
-0.10332 1.2231
-0.10132 1.2232
-0.099314 1.2232
-0.097313 1.2232
-0.095312 1.2232
-0.093310 1.2232
-0.091309 1.2233
-0.089307 1.2233
-0.087306 1.2233
-0.085304 1.2233
-0.083303 1.2233
-0.081301 1.2233
-0.079300 1.2234
-0.077298 1.2234
-0.075296 1.2234
-0.073295 1.2234
-0.071293 1.2234
-0.069291 1.2234
-0.067289 1.2234
-0.065288 1.2235
-0.063286 1.2235
-0.061284 1.2235
-0.059282 1.2235
-0.057280 1.2235
-0.055278 1.2235
-0.053277 1.2235
-0.051275 1.2235
-0.049273 1.2236
-0.047271 1.2236
-0.045269 1.2236
-0.043267 1.2236
-0.041265 1.2236
-0.039263 1.2236
-0.037261 1.2236
-0.035259 1.2236
-0.033257 1.2236
-0.031255 1.2236
-0.029253 1.2236
-0.027250 1.2236
-0.025248 1.2237
-0.023246 1.2237
-0.021244 1.2237
-0.019242 1.2237
-0.017240 1.2237
-0.015238 1.2237
-0.013236 1.2237
-0.011234 1.2237
-0.0092314 1.2237
-0.0072293 1.2237
-0.0052271 1.2237
-0.0032250 1.2237
-0.0012228 1.2237
0.00077932 1.2237
0.0027815 1.2237
0.0047836 1.2237
0.0067858 1.2237
0.0087879 1.2237
0.010790 1.2237
0.012792 1.2237
0.014794 1.2237
0.016796 1.2237
0.018799 1.2237
0.020801 1.2237
0.022803 1.2237
0.024805 1.2237
0.026807 1.2237
0.028809 1.2236
0.030811 1.2236
0.032813 1.2236
0.034815 1.2236
0.036817 1.2236
0.038819 1.2236
0.040821 1.2236
0.042823 1.2236
0.044825 1.2236
0.046827 1.2236
0.048829 1.2236
0.050831 1.2236
0.052833 1.2235
0.054835 1.2235
0.056837 1.2235
0.058839 1.2235
0.060841 1.2235
0.062842 1.2235
0.064844 1.2235
0.066846 1.2235
0.068848 1.2234
0.070850 1.2234
0.072851 1.2234
0.074853 1.2234
0.076855 1.2234
0.078856 1.2234
0.080858 1.2234
0.082860 1.2233
0.084861 1.2233
0.086863 1.2233
0.088864 1.2233
0.090866 1.2233
0.092867 1.2233
0.094868 1.2232
0.096870 1.2232
0.098871 1.2232
0.10087 1.2232
0.10287 1.2232
0.10488 1.2231
0.10688 1.2231
0.10888 1.2231
0.11088 1.2231
0.11288 1.2230
0.11488 1.2230
0.11688 1.2230
0.11888 1.2230
0.12088 1.2229
0.12288 1.2229
0.12489 1.2229
0.12689 1.2229
0.12889 1.2228
0.13089 1.2228
0.13289 1.2228
0.13489 1.2228
0.13689 1.2227
0.13889 1.2227
0.14089 1.2227
0.14289 1.2227
0.14489 1.2226
0.14689 1.2226
0.14889 1.2226
0.15089 1.2225
0.15289 1.2225
0.15489 1.2225
0.15689 1.2224
0.15889 1.2224
0.16089 1.2224
0.16289 1.2223
0.16489 1.2223
0.16689 1.2223
0.16889 1.2222
0.17089 1.2222
0.17289 1.2222
0.17489 1.2221
0.17689 1.2221
0.17889 1.2221
0.18089 1.2220
0.18289 1.2220
0.18489 1.2220
0.18689 1.2219
0.18889 1.2219
0.19089 1.2218
0.19289 1.2218
0.19489 1.2218
0.19689 1.2217
0.19888 1.2217
0.20088 1.2216
0.20288 1.2216
0.20488 1.2216
0.20688 1.2215
0.20888 1.2215
0.21088 1.2214
0.21288 1.2214
0.21487 1.2214
0.21687 1.2213
0.21887 1.2213
0.22087 1.2212
0.22287 1.2212
0.22486 1.2211
0.22686 1.2211
0.22886 1.2210
0.23086 1.2210
0.23286 1.2209
0.23485 1.2209
0.23685 1.2209
0.23885 1.2208
0.24085 1.2208
0.24284 1.2207
0.24484 1.2207
0.24684 1.2206
0.24884 1.2206
0.25083 1.2205
0.25283 1.2205
0.25483 1.2204
0.25682 1.2204
0.25882 1.2203
0.26082 1.2203
0.26281 1.2202
0.26481 1.2201
0.26681 1.2201
0.26880 1.2200
0.27080 1.2200
0.27280 1.2199
0.27479 1.2199
0.27679 1.2198
0.27878 1.2198
0.28078 1.2197
0.28278 1.2196
0.28477 1.2196
0.28677 1.2195
0.28876 1.2195
0.29076 1.2194
0.29275 1.2194
0.29475 1.2193
0.29674 1.2192
0.29874 1.2192
0.30073 1.2191
0.30273 1.2191
0.30472 1.2190
0.30672 1.2189
0.30871 1.2189
0.31071 1.2188
0.31270 1.2188
0.31470 1.2187
0.31669 1.2186
0.31869 1.2186
0.32068 1.2185
0.32267 1.2184
0.32467 1.2184
0.32666 1.2183
0.32866 1.2182
0.33065 1.2182
0.33264 1.2181
0.33464 1.2180
0.33663 1.2180
0.33862 1.2179
0.34062 1.2178
0.34261 1.2178
0.34460 1.2177
0.34659 1.2176
0.34859 1.2176
0.35058 1.2175
0.35257 1.2174
0.35456 1.2173
0.35656 1.2173
0.35855 1.2172
0.36054 1.2171
0.36253 1.2171
0.36452 1.2170
0.36652 1.2169
0.36851 1.2168
0.37050 1.2168
0.37249 1.2167
0.37448 1.2166
0.37647 1.2165
0.37847 1.2165
0.38046 1.2164
0.38245 1.2163
0.38444 1.2162
0.38643 1.2162
0.38842 1.2161
0.39041 1.2160
0.39240 1.2159
0.39439 1.2159
0.39638 1.2158
0.39837 1.2157
0.40036 1.2156
0.40235 1.2155
0.40434 1.2155
0.40633 1.2154
0.40832 1.2153
0.41031 1.2152
0.41230 1.2151
0.41429 1.2151
0.41628 1.2150
0.41827 1.2149
0.42025 1.2148
0.42224 1.2147
0.42423 1.2146
0.42622 1.2146
0.42821 1.2145
0.43020 1.2144
0.43219 1.2143
0.43417 1.2142
0.43616 1.2141
0.43815 1.2140
0.44014 1.2140
0.44212 1.2139
0.44411 1.2138
0.44610 1.2137
0.44809 1.2136
0.45007 1.2135
0.45206 1.2134
0.45405 1.2133
0.45603 1.2132
0.45802 1.2132
0.46001 1.2131
0.46199 1.2130
0.46398 1.2129
0.46597 1.2128
0.46795 1.2127
0.46994 1.2126
0.47192 1.2125
0.47391 1.2124
0.47590 1.2123
0.47788 1.2122
0.47987 1.2121
0.48185 1.2120
0.48384 1.2120
0.48582 1.2119
0.48781 1.2118
0.48979 1.2117
0.49178 1.2116
0.49376 1.2115
0.49575 1.2114
0.49773 1.2113
0.49971 1.2112
0.50170 1.2111
0.50368 1.2110
0.50566 1.2109
0.50765 1.2108
0.50963 1.2107
0.51162 1.2106
0.51360 1.2105
0.51558 1.2104
0.51756 1.2103
0.51955 1.2102
0.52153 1.2101
0.52351 1.2100
0.52550 1.2099
0.52748 1.2098
0.52946 1.2097
0.53144 1.2096
0.53342 1.2095
0.53541 1.2094
0.53739 1.2093
0.53937 1.2092
0.54135 1.2090
0.54333 1.2089
0.54531 1.2088
0.54730 1.2087
0.54928 1.2086
0.55126 1.2085
0.55324 1.2084
0.55522 1.2083
0.55720 1.2082
0.55918 1.2081
0.56116 1.2080
0.56314 1.2079
0.56512 1.2078
0.56710 1.2076
0.56908 1.2075
0.57106 1.2074
0.57304 1.2073
0.57502 1.2072
0.57700 1.2071
0.57898 1.2070
0.58096 1.2069
0.58293 1.2068
0.58491 1.2066
0.58689 1.2065
0.58887 1.2064
0.59085 1.2063
0.59283 1.2062
0.59480 1.2061
0.59678 1.2060
0.59876 1.2058
0.60074 1.2057
0.60272 1.2056
0.60469 1.2055
0.60667 1.2054
0.60865 1.2053
0.61063 1.2051
0.61260 1.2050
0.61458 1.2049
0.61656 1.2048
0.61853 1.2047
0.62051 1.2046
0.62249 1.2044
0.62446 1.2043
0.62644 1.2042
0.62841 1.2041
0.63039 1.2040
0.63237 1.2038
0.63434 1.2037
0.63632 1.2036
0.63829 1.2035
0.64027 1.2033
0.64224 1.2032
0.64422 1.2031
0.64619 1.2030
0.64817 1.2029
0.65014 1.2027
0.65212 1.2026
0.65409 1.2025
0.65606 1.2024
0.65804 1.2022
0.66001 1.2021
0.66199 1.2020
0.66396 1.2019
0.66594 1.2017
0.66791 1.2016
0.66988 1.2015
0.67185 1.2013
0.67383 1.2012
0.67580 1.2011
0.67777 1.2010
0.67975 1.2008
0.68172 1.2007
0.68369 1.2006
0.68567 1.2004
0.68764 1.2003
0.68961 1.2002
0.69158 1.2001
0.69355 1.1999
0.69553 1.1998
0.69750 1.1997
0.69947 1.1995
0.70144 1.1994
0.70341 1.1993
0.70538 1.1991
0.70735 1.1990
0.70933 1.1989
0.71130 1.1987
0.71327 1.1986
0.71524 1.1985
0.71721 1.1983
0.71918 1.1982
0.72115 1.1981
0.72312 1.1979
0.72509 1.1978
0.72706 1.1976
0.72903 1.1975
0.73100 1.1974
0.73297 1.1972
0.73494 1.1971
0.73691 1.1970
0.73888 1.1968
0.74085 1.1967
0.74282 1.1965
0.74479 1.1964
0.74675 1.1963
0.74872 1.1961
0.75069 1.1960
0.75266 1.1958
0.75463 1.1957
0.75660 1.1956
0.75856 1.1954
0.76053 1.1953
0.76250 1.1951
0.76447 1.1950
0.76644 1.1949
0.76840 1.1947
0.77037 1.1946
0.77234 1.1944
0.77431 1.1943
0.77627 1.1941
0.77824 1.1940
0.78021 1.1938
0.78217 1.1937
0.78414 1.1936
0.78611 1.1934
0.78807 1.1933
0.79004 1.1931
0.79201 1.1930
0.79397 1.1928
0.79594 1.1927
0.79790 1.1925
0.79987 1.1924
0.80184 1.1922
0.80380 1.1921
0.80577 1.1919
0.80773 1.1918
0.80970 1.1916
0.81166 1.1915
0.81363 1.1913
0.81559 1.1912
0.81756 1.1910
0.81952 1.1909
0.82149 1.1907
0.82345 1.1906
0.82542 1.1904
0.82738 1.1903
0.82935 1.1901
0.83131 1.1900
0.83327 1.1898
0.83524 1.1897
0.83720 1.1895
0.83917 1.1894
0.84113 1.1892
0.84309 1.1891
0.84506 1.1889
0.84702 1.1888
0.84898 1.1886
0.85095 1.1884
0.85291 1.1883
0.85488 1.1881
0.85684 1.1880
0.85880 1.1878
0.86076 1.1877
0.86273 1.1875
0.86469 1.1874
0.86665 1.1872
0.86861 1.1870
0.87058 1.1869
0.87254 1.1867
0.87450 1.1866
0.87646 1.1864
0.87843 1.1863
0.88039 1.1861
0.88235 1.1859
0.88431 1.1858
0.88627 1.1856
0.88824 1.1855
0.89020 1.1853
0.89216 1.1851
0.89412 1.1850
0.89608 1.1848
0.89804 1.1846
0.90001 1.1845
0.90197 1.1843
0.90393 1.1842
0.90589 1.1840
0.90785 1.1838
0.90981 1.1837
0.91177 1.1835
0.91373 1.1833
0.91569 1.1832
0.91765 1.1830
0.91961 1.1829
0.92157 1.1827
0.92353 1.1825
0.92550 1.1824
0.92745 1.1822
0.92941 1.1820
0.93137 1.1819
0.93333 1.1817
0.93529 1.1815
0.93725 1.1814
0.93921 1.1812
0.94117 1.1810
0.94313 1.1809
0.94509 1.1807
0.94705 1.1805
0.94901 1.1804
0.95097 1.1802
0.95293 1.1800
0.95489 1.1798
0.95685 1.1797
0.95881 1.1795
0.96077 1.1793
0.96273 1.1792
0.96469 1.1790
0.96665 1.1788
0.96860 1.1787
0.97056 1.1785
0.97252 1.1783
0.97448 1.1781
0.97644 1.1780
0.97840 1.1778
0.98036 1.1776
0.98232 1.1775
0.98427 1.1773
0.98623 1.1771
0.98819 1.1769
0.99015 1.1768
0.99211 1.1766
0.99407 1.1764
0.99603 1.1762
0.99798 1.1761
0.99994 1.1759
1.0019 1.1757
1.0039 1.1755
1.0058 1.1754
1.0078 1.1752
1.0097 1.1750
1.0117 1.1748
1.0137 1.1747
1.0156 1.1745
1.0176 1.1743
1.0195 1.1741
1.0215 1.1739
1.0234 1.1738
1.0254 1.1736
1.0274 1.1734
1.0293 1.1732
1.0313 1.1731
1.0332 1.1729
1.0352 1.1727
1.0371 1.1725
1.0391 1.1723
1.0411 1.1722
1.0430 1.1720
1.0450 1.1718
1.0469 1.1716
1.0489 1.1714
1.0508 1.1713
1.0528 1.1711
1.0548 1.1709
1.0567 1.1707
1.0587 1.1705
1.0606 1.1703
1.0626 1.1702
1.0645 1.1700
1.0665 1.1698
1.0685 1.1696
1.0704 1.1694
1.0724 1.1692
1.0743 1.1691
1.0763 1.1689
1.0782 1.1687
1.0802 1.1685
1.0821 1.1683
1.0841 1.1681
1.0861 1.1680
1.0880 1.1678
1.0900 1.1676
1.0919 1.1674
1.0939 1.1672
1.0958 1.1670
1.0978 1.1668
1.0998 1.1667
1.1017 1.1665
1.1037 1.1663
1.1056 1.1661
1.1076 1.1659
1.1095 1.1657
1.1115 1.1655
1.1135 1.1653
1.1154 1.1652
1.1174 1.1650
1.1193 1.1648
1.1213 1.1646
1.1232 1.1644
1.1252 1.1642
1.1272 1.1640
1.1291 1.1638
1.1311 1.1636
1.1330 1.1634
1.1350 1.1633
1.1369 1.1631
1.1389 1.1629
1.1409 1.1627
1.1428 1.1625
1.1448 1.1623
1.1467 1.1621
1.1487 1.1619
1.1506 1.1617
1.1526 1.1615
1.1546 1.1613
1.1565 1.1611
1.1585 1.1610
1.1604 1.1608
1.1624 1.1606
1.1643 1.1604
1.1663 1.1602
1.1683 1.1600
1.1702 1.1598
1.1722 1.1596
1.1741 1.1594
1.1761 1.1592
1.1781 1.1590
1.1800 1.1588
1.1820 1.1586
1.1839 1.1584
1.1859 1.1582
1.1879 1.1580
1.1898 1.1578
1.1918 1.1576
1.1937 1.1574
1.1957 1.1573
1.1976 1.1571
1.1996 1.1569
1.2016 1.1567
1.2035 1.1565
1.2055 1.1563
1.2074 1.1561
1.2094 1.1559
1.2114 1.1557
1.2133 1.1555
1.2153 1.1553
1.2172 1.1551
1.2192 1.1549
1.2212 1.1547
1.2231 1.1545
1.2251 1.1543
1.2270 1.1541
1.2290 1.1539
1.2310 1.1537
1.2329 1.1535
1.2349 1.1533
1.2368 1.1531
1.2388 1.1529
1.2408 1.1527
1.2427 1.1525
1.2447 1.1523
1.2466 1.1521
1.2486 1.1519
1.2506 1.1517
1.2525 1.1515
1.2545 1.1513
1.2564 1.1511
1.2584 1.1509
1.2604 1.1507
1.2623 1.1505
1.2643 1.1503
1.2662 1.1500
1.2682 1.1498
1.2702 1.1496
1.2721 1.1494
1.2741 1.1492
1.2761 1.1490
1.2780 1.1488
1.2800 1.1486
1.2819 1.1484
1.2839 1.1482
1.2859 1.1480
1.2878 1.1478
1.2898 1.1476
1.2918 1.1474
1.2937 1.1472
1.2957 1.1470
1.2976 1.1468
1.2996 1.1466
1.3016 1.1464
1.3035 1.1462
1.3055 1.1459
1.3075 1.1457
1.3094 1.1455
1.3114 1.1453
1.3134 1.1451
1.3153 1.1449
1.3173 1.1447
1.3193 1.1445
1.3212 1.1443
1.3232 1.1441
1.3251 1.1439
1.3271 1.1437
1.3291 1.1435
1.3310 1.1432
1.3330 1.1430
1.3350 1.1428
1.3369 1.1426
1.3389 1.1424
1.3409 1.1422
1.3428 1.1420
1.3448 1.1418
1.3468 1.1416
1.3487 1.1414
1.3507 1.1412
1.3527 1.1409
1.3546 1.1407
1.3566 1.1405
1.3586 1.1403
1.3605 1.1401
1.3625 1.1399
1.3645 1.1397
1.3664 1.1395
1.3684 1.1393
1.3704 1.1390
1.3724 1.1388
1.3743 1.1386
1.3763 1.1384
1.3783 1.1382
1.3802 1.1380
1.3822 1.1378
1.3842 1.1376
1.3861 1.1373
1.3881 1.1371
1.3901 1.1369
1.3920 1.1367
1.3940 1.1365
1.3960 1.1363
1.3980 1.1361
1.3999 1.1359
1.4019 1.1356
1.4039 1.1354
1.4058 1.1352
1.4078 1.1350
1.4098 1.1348
1.4118 1.1346
1.4137 1.1344
1.4157 1.1341
1.4177 1.1339
1.4197 1.1337
1.4216 1.1335
1.4236 1.1333
1.4256 1.1331
1.4276 1.1328
1.4295 1.1326
1.4315 1.1324
1.4335 1.1322
1.4354 1.1320
1.4374 1.1318
1.4394 1.1316
1.4414 1.1313
1.4434 1.1311
1.4453 1.1309
1.4473 1.1307
1.4493 1.1305
1.4513 1.1303
1.4532 1.1300
1.4552 1.1298
1.4572 1.1296
1.4592 1.1294
1.4611 1.1292
1.4631 1.1289
1.4651 1.1287
1.4671 1.1285
1.4691 1.1283
1.4710 1.1281
1.4730 1.1279
1.4750 1.1276
1.4770 1.1274
1.4790 1.1272
1.4809 1.1270
1.4829 1.1268
1.4849 1.1265
1.4869 1.1263
1.4889 1.1261
1.4908 1.1259
1.4928 1.1257
1.4948 1.1255
1.4968 1.1252
1.4988 1.1250
1.5008 1.1248
1.5027 1.1246
1.5047 1.1244
1.5067 1.1241
1.5087 1.1239
1.5107 1.1237
1.5127 1.1235
1.5146 1.1233
1.5166 1.1230
1.5186 1.1228
1.5206 1.1226
1.5226 1.1224
1.5246 1.1221
1.5266 1.1219
1.5285 1.1217
1.5305 1.1215
1.5325 1.1213
1.5345 1.1210
1.5365 1.1208
1.5385 1.1206
1.5405 1.1204
1.5425 1.1202
1.5444 1.1199
1.5464 1.1197
1.5484 1.1195
1.5504 1.1193
1.5524 1.1190
1.5544 1.1188
1.5564 1.1186
1.5584 1.1184
1.5604 1.1182
1.5624 1.1179
1.5644 1.1177
1.5664 1.1175
1.5683 1.1173
1.5703 1.1170
1.5723 1.1168
1.5743 1.1166
1.5763 1.1164
1.5783 1.1161
1.5803 1.1159
1.5823 1.1157
1.5843 1.1155
1.5863 1.1153
1.5883 1.1150
1.5903 1.1148
1.5923 1.1146
1.5943 1.1144
1.5963 1.1141
1.5983 1.1139
1.6003 1.1137
1.6023 1.1135
1.6043 1.1132
1.6063 1.1130
1.6083 1.1128
1.6103 1.1126
1.6123 1.1123
1.6143 1.1121
1.6163 1.1119
1.6183 1.1117
1.6203 1.1114
1.6223 1.1112
1.6243 1.1110
1.6263 1.1108
1.6283 1.1105
1.6303 1.1103
1.6323 1.1101
1.6343 1.1099
1.6363 1.1096
1.6383 1.1094
1.6403 1.1092
1.6423 1.1090
1.6443 1.1087
1.6463 1.1085
1.6483 1.1083
1.6504 1.1081
1.6524 1.1078
1.6544 1.1076
1.6564 1.1074
1.6584 1.1072
1.6604 1.1069
1.6624 1.1067
1.6644 1.1065
1.6664 1.1063
1.6684 1.1060
1.6705 1.1058
1.6725 1.1056
1.6745 1.1053
1.6765 1.1051
1.6785 1.1049
1.6805 1.1047
1.6825 1.1044
1.6845 1.1042
1.6866 1.1040
1.6886 1.1038
1.6906 1.1035
1.6926 1.1033
1.6946 1.1031
1.6966 1.1029
1.6987 1.1026
1.7007 1.1024
1.7027 1.1022
1.7047 1.1019
1.7067 1.1017
1.7087 1.1015
1.7108 1.1013
1.7128 1.1010
1.7148 1.1008
1.7168 1.1006
1.7189 1.1004
1.7209 1.1001
1.7229 1.0999
1.7249 1.0997
1.7269 1.0994
1.7290 1.0992
1.7310 1.0990
1.7330 1.0988
1.7350 1.0985
1.7371 1.0983
1.7391 1.0981
1.7411 1.0979
1.7432 1.0976
1.7452 1.0974
1.7472 1.0972
1.7492 1.0970
1.7513 1.0967
1.7533 1.0965
1.7553 1.0963
1.7574 1.0960
1.7594 1.0958
1.7614 1.0956
1.7634 1.0954
1.7655 1.0951
1.7675 1.0949
1.7695 1.0947
1.7716 1.0945
1.7736 1.0942
1.7757 1.0940
1.7777 1.0938
1.7797 1.0935
1.7818 1.0933
1.7838 1.0931
1.7858 1.0929
1.7879 1.0926
1.7899 1.0924
1.7920 1.0922
1.7940 1.0920
1.7960 1.0917
1.7981 1.0915
1.8001 1.0913
1.8022 1.0910
1.8042 1.0908
1.8062 1.0906
1.8083 1.0904
1.8103 1.0901
1.8124 1.0899
1.8144 1.0897
1.8165 1.0895
1.8185 1.0892
1.8206 1.0890
1.8226 1.0888
1.8247 1.0886
1.8267 1.0883
1.8287 1.0881
1.8308 1.0879
1.8328 1.0876
1.8349 1.0874
1.8369 1.0872
1.8390 1.0870
1.8411 1.0867
1.8431 1.0865
1.8452 1.0863
1.8472 1.0861
1.8493 1.0858
1.8513 1.0856
1.8534 1.0854
1.8554 1.0851
1.8575 1.0849
1.8595 1.0847
1.8616 1.0845
1.8637 1.0842
1.8657 1.0840
1.8678 1.0838
1.8698 1.0836
1.8719 1.0833
1.8740 1.0831
1.8760 1.0829
1.8781 1.0827
1.8801 1.0824
1.8822 1.0822
1.8843 1.0820
1.8863 1.0817
1.8884 1.0815
1.8905 1.0813
1.8925 1.0811
1.8946 1.0808
1.8967 1.0806
1.8987 1.0804
1.9008 1.0802
1.9029 1.0799
1.9050 1.0797
1.9070 1.0795
1.9091 1.0792
1.9112 1.0790
1.9132 1.0788
1.9153 1.0786
1.9174 1.0783
1.9195 1.0781
1.9215 1.0779
1.9236 1.0777
1.9257 1.0774
1.9278 1.0772
1.9298 1.0770
1.9319 1.0768
1.9340 1.0765
1.9361 1.0763
1.9382 1.0761
1.9402 1.0759
1.9423 1.0756
1.9444 1.0754
1.9465 1.0752
1.9486 1.0750
1.9507 1.0747
1.9527 1.0745
1.9548 1.0743
1.9569 1.0741
1.9590 1.0738
1.9611 1.0736
1.9632 1.0734
1.9653 1.0732
1.9674 1.0729
1.9694 1.0727
1.9715 1.0725
1.9736 1.0723
1.9757 1.0720
1.9778 1.0718
1.9799 1.0716
1.9820 1.0714
1.9841 1.0711
1.9862 1.0709
1.9883 1.0707
1.9904 1.0705
1.9925 1.0702
1.9946 1.0700
1.9967 1.0698
1.9988 1.0696
2.0009 1.0693
2.0030 1.0691
2.0051 1.0689
2.0072 1.0687
2.0093 1.0685
2.0114 1.0682
2.0135 1.0680
2.0156 1.0678
2.0177 1.0676
2.0198 1.0673
2.0219 1.0671
2.0240 1.0669
2.0261 1.0667
2.0283 1.0664
2.0304 1.0662
2.0325 1.0660
2.0346 1.0658
2.0367 1.0656
2.0388 1.0653
2.0409 1.0651
2.0430 1.0649
2.0452 1.0647
2.0473 1.0645
2.0494 1.0642
2.0515 1.0640
2.0536 1.0638
2.0558 1.0636
2.0579 1.0634
2.0600 1.0631
2.0621 1.0629
2.0642 1.0627
2.0664 1.0625
2.0685 1.0623
2.0706 1.0620
2.0727 1.0618
2.0749 1.0616
2.0770 1.0614
2.0791 1.0612
2.0812 1.0609
2.0834 1.0607
2.0855 1.0605
2.0876 1.0603
2.0898 1.0601
2.0919 1.0598
2.0940 1.0596
2.0962 1.0594
2.0983 1.0592
2.1004 1.0590
2.1026 1.0588
2.1047 1.0585
2.1068 1.0583
2.1090 1.0581
2.1111 1.0579
2.1133 1.0577
2.1154 1.0574
2.1175 1.0572
2.1197 1.0570
2.1218 1.0568
2.1240 1.0566
2.1261 1.0564
2.1283 1.0562
2.1304 1.0559
2.1326 1.0557
2.1347 1.0555
2.1369 1.0553
2.1390 1.0551
2.1412 1.0549
2.1433 1.0546
2.1455 1.0544
2.1476 1.0542
2.1498 1.0540
2.1519 1.0538
2.1541 1.0536
2.1562 1.0534
2.1584 1.0532
2.1605 1.0529
2.1627 1.0527
2.1649 1.0525
2.1670 1.0523
2.1692 1.0521
2.1714 1.0519
2.1735 1.0517
2.1757 1.0515
2.1778 1.0512
2.1800 1.0510
2.1822 1.0508
2.1843 1.0506
2.1865 1.0504
2.1887 1.0502
2.1908 1.0500
2.1930 1.0498
2.1952 1.0496
2.1974 1.0493
2.1995 1.0491
2.2017 1.0489
2.2039 1.0487
2.2061 1.0485
2.2082 1.0483
2.2104 1.0481
2.2126 1.0479
2.2148 1.0477
2.2169 1.0475
2.2191 1.0473
2.2213 1.0470
2.2235 1.0468
2.2257 1.0466
2.2279 1.0464
2.2300 1.0462
2.2322 1.0460
2.2344 1.0458
2.2366 1.0456
2.2388 1.0454
2.2410 1.0452
2.2432 1.0450
2.2454 1.0448
2.2476 1.0446
2.2498 1.0444
2.2519 1.0442
2.2541 1.0440
2.2563 1.0438
2.2585 1.0436
2.2607 1.0434
2.2629 1.0431
2.2651 1.0429
2.2673 1.0427
2.2695 1.0425
2.2717 1.0423
2.2739 1.0421
2.2761 1.0419
2.2783 1.0417
2.2805 1.0415
2.2827 1.0413
2.2850 1.0411
2.2872 1.0409
2.2894 1.0407
2.2916 1.0405
2.2938 1.0403
2.2960 1.0401
2.2982 1.0399
2.3004 1.0397
2.3026 1.0395
2.3049 1.0393
2.3071 1.0391
2.3093 1.0389
2.3115 1.0387
2.3137 1.0385
2.3159 1.0384
2.3182 1.0382
2.3204 1.0380
2.3226 1.0378
2.3248 1.0376
2.3271 1.0374
2.3293 1.0372
2.3315 1.0370
2.3337 1.0368
2.3360 1.0366
2.3382 1.0364
2.3404 1.0362
2.3427 1.0360
2.3449 1.0358
2.3471 1.0356
2.3493 1.0354
2.3516 1.0352
2.3538 1.0351
2.3561 1.0349
2.3583 1.0347
2.3605 1.0345
2.3628 1.0343
2.3650 1.0341
2.3672 1.0339
2.3695 1.0337
2.3717 1.0335
2.3740 1.0333
2.3762 1.0332
2.3785 1.0330
2.3807 1.0328
2.3830 1.0326
2.3852 1.0324
2.3875 1.0322
2.3897 1.0320
2.3920 1.0318
2.3942 1.0317
2.3965 1.0315
2.3987 1.0313
2.4010 1.0311
2.4032 1.0309
2.4055 1.0307
2.4077 1.0305
2.4100 1.0304
2.4123 1.0302
2.4145 1.0300
2.4168 1.0298
2.4190 1.0296
2.4213 1.0295
2.4236 1.0293
2.4258 1.0291
2.4281 1.0289
2.4304 1.0287
2.4326 1.0286
2.4349 1.0284
2.4372 1.0282
2.4394 1.0280
2.4417 1.0278
2.4440 1.0277
2.4463 1.0275
2.4485 1.0273
2.4508 1.0271
2.4531 1.0269
2.4554 1.0268
2.4576 1.0266
2.4599 1.0264
2.4622 1.0262
2.4645 1.0261
2.4668 1.0259
2.4690 1.0257
2.4713 1.0255
2.4736 1.0254
2.4759 1.0252
2.4782 1.0250
2.4805 1.0249
2.4828 1.0247
2.4850 1.0245
2.4873 1.0243
2.4896 1.0242
2.4919 1.0240
2.4942 1.0238
2.4965 1.0237
2.4988 1.0235
2.5011 1.0233
2.5034 1.0232
2.5057 1.0230
2.5080 1.0228
2.5103 1.0227
2.5126 1.0225
2.5149 1.0223
2.5172 1.0222
2.5195 1.0220
2.5218 1.0218
2.5241 1.0217
2.5264 1.0215
2.5287 1.0213
2.5310 1.0212
2.5333 1.0210
2.5356 1.0209
2.5379 1.0207
2.5402 1.0205
2.5426 1.0204
2.5449 1.0202
2.5472 1.0201
2.5495 1.0199
2.5518 1.0197
2.5541 1.0196
2.5564 1.0194
2.5588 1.0193
2.5611 1.0191
2.5634 1.0190
2.5657 1.0188
2.5681 1.0186
2.5704 1.0185
2.5727 1.0183
2.5750 1.0182
2.5773 1.0180
2.5797 1.0179
2.5820 1.0177
2.5843 1.0176
2.5867 1.0174
2.5890 1.0173
2.5913 1.0171
2.5937 1.0170
2.5960 1.0168
2.5983 1.0167
2.6007 1.0165
2.6030 1.0164
2.6053 1.0162
2.6077 1.0161
2.6100 1.0159
2.6123 1.0158
2.6147 1.0156
2.6170 1.0155
2.6194 1.0154
2.6217 1.0152
2.6240 1.0151
2.6264 1.0149
2.6287 1.0148
2.6311 1.0146
2.6334 1.0145
2.6358 1.0144
2.6381 1.0142
2.6405 1.0141
2.6428 1.0139
2.6452 1.0138
2.6475 1.0137
2.6499 1.0135
2.6522 1.0134
2.6546 1.0133
2.6569 1.0131
2.6593 1.0130
2.6617 1.0128
2.6640 1.0127
2.6664 1.0126
2.6687 1.0124
2.6711 1.0123
2.6734 1.0122
2.6758 1.0120
2.6782 1.0119
2.6805 1.0118
2.6829 1.0117
2.6853 1.0115
2.6876 1.0114
2.6900 1.0113
2.6924 1.0111
2.6947 1.0110
2.6971 1.0109
2.6995 1.0108
2.7018 1.0106
2.7042 1.0105
2.7066 1.0104
2.7090 1.0103
2.7113 1.0101
2.7137 1.0100
2.7161 1.0099
2.7185 1.0098
2.7208 1.0097
2.7232 1.0095
2.7256 1.0094
2.7280 1.0093
2.7304 1.0092
2.7327 1.0091
2.7351 1.0089
2.7375 1.0088
2.7399 1.0087
2.7423 1.0086
2.7447 1.0085
2.7470 1.0084
2.7494 1.0083
2.7518 1.0081
2.7542 1.0080
2.7566 1.0079
2.7590 1.0078
2.7614 1.0077
2.7638 1.0076
2.7662 1.0075
2.7685 1.0074
2.7709 1.0073
2.7733 1.0071
2.7757 1.0070
2.7781 1.0069
2.7805 1.0068
2.7829 1.0067
2.7853 1.0066
2.7877 1.0065
2.7901 1.0064
2.7925 1.0063
2.7949 1.0062
2.7973 1.0061
2.7997 1.0060
2.8021 1.0059
2.8045 1.0058
2.8069 1.0057
2.8093 1.0056
2.8117 1.0055
2.8141 1.0054
2.8165 1.0053
2.8189 1.0052
2.8213 1.0051
2.8238 1.0050
2.8262 1.0049
2.8286 1.0049
2.8310 1.0048
2.8334 1.0047
2.8358 1.0046
2.8382 1.0045
2.8406 1.0044
2.8430 1.0043
2.8455 1.0042
2.8479 1.0041
2.8503 1.0040
2.8527 1.0040
2.8551 1.0039
2.8575 1.0038
2.8599 1.0037
2.8624 1.0036
2.8648 1.0035
2.8672 1.0035
2.8696 1.0034
2.8720 1.0033
2.8745 1.0032
2.8769 1.0031
2.8793 1.0031
2.8817 1.0030
2.8842 1.0029
2.8866 1.0028
2.8890 1.0027
2.8914 1.0027
2.8938 1.0026
2.8963 1.0025
2.8987 1.0024
2.9011 1.0024
2.9036 1.0023
2.9060 1.0022
2.9084 1.0022
2.9108 1.0021
2.9133 1.0020
2.9157 1.0020
2.9181 1.0019
2.9206 1.0018
2.9230 1.0017
2.9254 1.0017
2.9279 1.0016
2.9303 1.0016
2.9327 1.0015
2.9352 1.0014
2.9376 1.0014
2.9400 1.0013
2.9425 1.0012
2.9449 1.0012
2.9473 1.0011
2.9498 1.0011
2.9522 1.0010
2.9546 1.0009
2.9571 1.0009
2.9595 1.0008
2.9619 1.0008
2.9644 1.0007
2.9668 1.0007
2.9693 1.0006
2.9717 1.0006
2.9741 1.0005
2.9766 1.0005
2.9790 1.0004
2.9815 1.0004
2.9839 1.0003
2.9864 1.0003
2.9888 1.0002
2.9912 1.0002
2.9937 1.0001
2.9961 1.0001
2.9986 1.0000
3.0010 1.0000
3.0035 0.99995
3.0059 0.99991
3.0083 0.99987
3.0108 0.99983
3.0132 0.99979
3.0157 0.99975
3.0181 0.99971
3.0206 0.99967
3.0230 0.99964
3.0255 0.99960
3.0279 0.99957
3.0303 0.99953
3.0328 0.99950
3.0352 0.99946
3.0377 0.99943
3.0401 0.99940
3.0426 0.99937
3.0450 0.99934
3.0475 0.99931
3.0499 0.99928
3.0524 0.99925
3.0548 0.99922
3.0573 0.99920
3.0597 0.99917
3.0622 0.99915
3.0646 0.99912
3.0671 0.99910
3.0695 0.99908
3.0720 0.99905
3.0744 0.99903
3.0769 0.99901
3.0793 0.99899
3.0818 0.99897
3.0842 0.99896
3.0867 0.99894
3.0891 0.99892
3.0916 0.99891
3.0941 0.99889
3.0965 0.99888
3.0990 0.99886
3.1014 0.99885
3.1039 0.99884
3.1063 0.99882
3.1088 0.99881
3.1112 0.99880
3.1137 0.99879
3.1161 0.99879
3.1186 0.99878
3.1210 0.99877
3.1235 0.99876
3.1259 0.99876
3.1284 0.99875
3.1308 0.99875
3.1333 0.99875
3.1358 0.99874
3.1382 0.99874
3.1407 0.99874
3.1431 0.99874
3.1456 0.99874
3.1480 0.99874
3.1505 0.99874
3.1529 0.99875
3.1554 0.99875
3.1578 0.99875
3.1603 0.99876
3.1627 0.99876
3.1652 0.99877
3.1676 0.99878
3.1701 0.99879
3.1725 0.99880
3.1750 0.99881
3.1775 0.99882
3.1799 0.99883
3.1824 0.99884
3.1848 0.99885
3.1873 0.99886
3.1897 0.99888
3.1922 0.99889
3.1946 0.99891
3.1971 0.99892
3.1995 0.99894
3.2020 0.99896
3.2044 0.99898
3.2069 0.99900
3.2093 0.99902
3.2118 0.99904
3.2142 0.99906
3.2167 0.99908
3.2191 0.99910
3.2216 0.99913
3.2240 0.99915
3.2265 0.99918
3.2289 0.99920
3.2314 0.99923
3.2338 0.99926
3.2363 0.99929
3.2387 0.99932
3.2412 0.99934
3.2436 0.99938
3.2461 0.99941
3.2485 0.99944
3.2510 0.99947
3.2534 0.99950
3.2559 0.99954
3.2583 0.99957
3.2608 0.99961
3.2632 0.99965
3.2657 0.99968
3.2681 0.99972
3.2705 0.99976
3.2730 0.99980
3.2754 0.99984
3.2779 0.99988
3.2803 0.99992
3.2828 0.99996
3.2852 1.0000
3.2877 1.0000
3.2901 1.0001
3.2926 1.0001
3.2950 1.0002
3.2974 1.0002
3.2999 1.0003
3.3023 1.0003
3.3048 1.0004
3.3072 1.0004
3.3096 1.0005
3.3121 1.0005
3.3145 1.0006
3.3170 1.0006
3.3194 1.0007
3.3218 1.0007
3.3243 1.0008
3.3267 1.0008
3.3292 1.0009
3.3316 1.0010
3.3340 1.0010
3.3365 1.0011
3.3389 1.0011
3.3413 1.0012
3.3438 1.0013
3.3462 1.0013
3.3486 1.0014
3.3511 1.0014
3.3535 1.0015
3.3559 1.0016
3.3584 1.0016
3.3608 1.0017
3.3632 1.0018
3.3657 1.0018
3.3681 1.0019
3.3705 1.0020
3.3730 1.0020
3.3754 1.0021
3.3778 1.0022
3.3802 1.0022
3.3827 1.0023
3.3851 1.0024
3.3875 1.0025
3.3900 1.0025
3.3924 1.0026
3.3948 1.0027
3.3972 1.0028
3.3997 1.0028
3.4021 1.0029
3.4045 1.0030
3.4069 1.0031
3.4093 1.0031
3.4118 1.0032
3.4142 1.0033
3.4166 1.0034
3.4190 1.0035
3.4214 1.0036
3.4239 1.0036
3.4263 1.0037
3.4287 1.0038
3.4311 1.0039
3.4335 1.0040
3.4359 1.0041
3.4384 1.0042
3.4408 1.0042
3.4432 1.0043
3.4456 1.0044
3.4480 1.0045
3.4504 1.0046
3.4528 1.0047
3.4552 1.0048
3.4577 1.0049
3.4601 1.0050
3.4625 1.0051
3.4649 1.0052
3.4673 1.0052
3.4697 1.0053
3.4721 1.0054
3.4745 1.0055
3.4769 1.0056
3.4793 1.0057
3.4817 1.0058
3.4841 1.0059
3.4865 1.0060
3.4889 1.0061
3.4913 1.0062
3.4937 1.0063
3.4961 1.0064
3.4985 1.0065
3.5009 1.0066
3.5033 1.0068
3.5057 1.0069
3.5081 1.0070
3.5105 1.0071
3.5129 1.0072
3.5153 1.0073
3.5177 1.0074
3.5201 1.0075
3.5225 1.0076
3.5249 1.0077
3.5273 1.0078
3.5296 1.0079
3.5320 1.0081
3.5344 1.0082
3.5368 1.0083
3.5392 1.0084
3.5416 1.0085
3.5440 1.0086
3.5464 1.0087
3.5487 1.0089
3.5511 1.0090
3.5535 1.0091
3.5559 1.0092
3.5583 1.0093
3.5606 1.0095
3.5630 1.0096
3.5654 1.0097
3.5678 1.0098
3.5702 1.0099
3.5725 1.0101
3.5749 1.0102
3.5773 1.0103
3.5797 1.0104
3.5820 1.0105
3.5844 1.0107
3.5868 1.0108
3.5891 1.0109
3.5915 1.0111
3.5939 1.0112
3.5962 1.0113
3.5986 1.0114
3.6010 1.0116
3.6033 1.0117
3.6057 1.0118
3.6081 1.0120
3.6104 1.0121
3.6128 1.0122
3.6152 1.0124
3.6175 1.0125
3.6199 1.0126
3.6222 1.0128
3.6246 1.0129
3.6269 1.0130
3.6293 1.0132
3.6317 1.0133
3.6340 1.0134
3.6364 1.0136
3.6387 1.0137
3.6411 1.0138
3.6434 1.0140
3.6458 1.0141
3.6481 1.0143
3.6505 1.0144
3.6528 1.0145
3.6552 1.0147
3.6575 1.0148
3.6599 1.0150
3.6622 1.0151
3.6645 1.0153
3.6669 1.0154
3.6692 1.0155
3.6716 1.0157
3.6739 1.0158
3.6762 1.0160
3.6786 1.0161
3.6809 1.0163
3.6833 1.0164
3.6856 1.0166
3.6879 1.0167
3.6903 1.0169
3.6926 1.0170
3.6949 1.0172
3.6973 1.0173
3.6996 1.0175
3.7019 1.0176
3.7042 1.0178
3.7066 1.0179
3.7089 1.0181
3.7112 1.0182
3.7135 1.0184
3.7159 1.0185
3.7182 1.0187
3.7205 1.0189
3.7228 1.0190
3.7252 1.0192
3.7275 1.0193
3.7298 1.0195
3.7321 1.0196
3.7344 1.0198
3.7367 1.0200
3.7391 1.0201
3.7414 1.0203
3.7437 1.0204
3.7460 1.0206
3.7483 1.0208
3.7506 1.0209
3.7529 1.0211
3.7552 1.0212
3.7575 1.0214
3.7598 1.0216
3.7622 1.0217
3.7645 1.0219
3.7668 1.0221
3.7691 1.0222
3.7714 1.0224
3.7737 1.0225
3.7760 1.0227
3.7783 1.0229
3.7806 1.0230
3.7829 1.0232
3.7852 1.0234
3.7875 1.0236
3.7897 1.0237
3.7920 1.0239
3.7943 1.0241
3.7966 1.0242
3.7989 1.0244
3.8012 1.0246
3.8035 1.0247
3.8058 1.0249
3.8081 1.0251
3.8104 1.0253
3.8126 1.0254
3.8149 1.0256
3.8172 1.0258
3.8195 1.0260
3.8218 1.0261
3.8241 1.0263
3.8263 1.0265
3.8286 1.0267
3.8309 1.0268
3.8332 1.0270
3.8354 1.0272
3.8377 1.0274
3.8400 1.0275
3.8423 1.0277
3.8445 1.0279
3.8468 1.0281
3.8491 1.0282
3.8513 1.0284
3.8536 1.0286
3.8559 1.0288
3.8582 1.0290
3.8604 1.0291
3.8627 1.0293
3.8649 1.0295
3.8672 1.0297
3.8695 1.0299
3.8717 1.0301
3.8740 1.0302
3.8762 1.0304
3.8785 1.0306
3.8808 1.0308
3.8830 1.0310
3.8853 1.0312
3.8875 1.0313
3.8898 1.0315
3.8920 1.0317
3.8943 1.0319
3.8965 1.0321
3.8988 1.0323
3.9010 1.0325
3.9033 1.0326
3.9055 1.0328
3.9078 1.0330
3.9100 1.0332
3.9123 1.0334
3.9145 1.0336
3.9168 1.0338
3.9190 1.0340
3.9212 1.0342
3.9235 1.0344
3.9257 1.0345
3.9280 1.0347
3.9302 1.0349
3.9324 1.0351
3.9347 1.0353
3.9369 1.0355
3.9391 1.0357
3.9414 1.0359
3.9436 1.0361
3.9458 1.0363
3.9481 1.0365
3.9503 1.0367
3.9525 1.0369
3.9547 1.0370
3.9570 1.0372
3.9592 1.0374
3.9614 1.0376
3.9636 1.0378
3.9659 1.0380
3.9681 1.0382
3.9703 1.0384
3.9725 1.0386
3.9747 1.0388
3.9770 1.0390
3.9792 1.0392
3.9814 1.0394
3.9836 1.0396
3.9858 1.0398
3.9880 1.0400
3.9902 1.0402
3.9925 1.0404
3.9947 1.0406
3.9969 1.0408
3.9991 1.0410
4.0013 1.0412
4.0035 1.0414
4.0057 1.0416
4.0079 1.0418
4.0101 1.0420
4.0123 1.0422
4.0145 1.0424
4.0167 1.0426
4.0189 1.0428
4.0211 1.0430
4.0233 1.0432
4.0255 1.0434
4.0277 1.0436
4.0299 1.0438
4.0321 1.0440
4.0343 1.0442
4.0365 1.0444
4.0387 1.0446
4.0409 1.0449
4.0431 1.0451
4.0453 1.0453
4.0474 1.0455
4.0496 1.0457
4.0518 1.0459
4.0540 1.0461
4.0562 1.0463
4.0584 1.0465
4.0606 1.0467
4.0628 1.0469
4.0649 1.0471
4.0671 1.0473
4.0693 1.0475
4.0715 1.0477
4.0737 1.0480
4.0758 1.0482
4.0780 1.0484
4.0802 1.0486
4.0824 1.0488
4.0845 1.0490
4.0867 1.0492
4.0889 1.0494
4.0911 1.0496
4.0932 1.0498
4.0954 1.0500
4.0976 1.0503
4.0997 1.0505
4.1019 1.0507
4.1041 1.0509
4.1062 1.0511
4.1084 1.0513
4.1106 1.0515
4.1127 1.0517
4.1149 1.0520
4.1171 1.0522
4.1192 1.0524
4.1214 1.0526
4.1235 1.0528
4.1257 1.0530
4.1278 1.0532
4.1300 1.0534
4.1322 1.0537
4.1343 1.0539
4.1365 1.0541
4.1386 1.0543
4.1408 1.0545
4.1429 1.0547
4.1451 1.0549
4.1472 1.0552
4.1494 1.0554
4.1515 1.0556
4.1537 1.0558
4.1558 1.0560
4.1580 1.0562
4.1601 1.0564
4.1623 1.0567
4.1644 1.0569
4.1665 1.0571
4.1687 1.0573
4.1708 1.0575
4.1730 1.0577
4.1751 1.0580
4.1773 1.0582
4.1794 1.0584
4.1815 1.0586
4.1837 1.0588
4.1858 1.0591
4.1879 1.0593
4.1901 1.0595
4.1922 1.0597
4.1944 1.0599
4.1965 1.0601
4.1986 1.0604
4.2007 1.0606
4.2029 1.0608
4.2050 1.0610
4.2071 1.0612
4.2093 1.0615
4.2114 1.0617
4.2135 1.0619
4.2156 1.0621
4.2178 1.0623
4.2199 1.0626
4.2220 1.0628
4.2241 1.0630
4.2262 1.0632
4.2284 1.0634
4.2305 1.0637
4.2326 1.0639
4.2347 1.0641
4.2368 1.0643
4.2390 1.0645
4.2411 1.0648
4.2432 1.0650
4.2453 1.0652
4.2474 1.0654
4.2495 1.0656
4.2516 1.0659
4.2538 1.0661
4.2559 1.0663
4.2580 1.0665
4.2601 1.0668
4.2622 1.0670
4.2643 1.0672
4.2664 1.0674
4.2685 1.0676
4.2706 1.0679
4.2727 1.0681
4.2748 1.0683
4.2769 1.0685
4.2791 1.0688
4.2812 1.0690
4.2833 1.0692
4.2854 1.0694
4.2875 1.0697
4.2896 1.0699
4.2917 1.0701
4.2938 1.0703
4.2959 1.0705
4.2980 1.0708
4.3000 1.0710
4.3021 1.0712
4.3042 1.0714
4.3063 1.0717
4.3084 1.0719
4.3105 1.0721
4.3126 1.0723
4.3147 1.0726
4.3168 1.0728
4.3189 1.0730
4.3210 1.0732
4.3231 1.0735
4.3252 1.0737
4.3272 1.0739
4.3293 1.0741
4.3314 1.0744
4.3335 1.0746
4.3356 1.0748
4.3377 1.0750
4.3398 1.0753
4.3418 1.0755
4.3439 1.0757
4.3460 1.0759
4.3481 1.0762
4.3502 1.0764
4.3522 1.0766
4.3543 1.0768
4.3564 1.0771
4.3585 1.0773
4.3606 1.0775
4.3626 1.0778
4.3647 1.0780
4.3668 1.0782
4.3689 1.0784
4.3709 1.0787
4.3730 1.0789
4.3751 1.0791
4.3772 1.0793
4.3792 1.0796
4.3813 1.0798
4.3834 1.0800
4.3854 1.0802
4.3875 1.0805
4.3896 1.0807
4.3916 1.0809
4.3937 1.0812
4.3958 1.0814
4.3978 1.0816
4.3999 1.0818
4.4020 1.0821
4.4040 1.0823
4.4061 1.0825
4.4082 1.0827
4.4102 1.0830
4.4123 1.0832
4.4144 1.0834
4.4164 1.0837
4.4185 1.0839
4.4205 1.0841
4.4226 1.0843
4.4247 1.0846
4.4267 1.0848
4.4288 1.0850
4.4308 1.0852
4.4329 1.0855
4.4349 1.0857
4.4370 1.0859
4.4390 1.0862
4.4411 1.0864
4.4432 1.0866
4.4452 1.0868
4.4473 1.0871
4.4493 1.0873
4.4514 1.0875
4.4534 1.0877
4.4555 1.0880
4.4575 1.0882
4.4596 1.0884
4.4616 1.0886
4.4637 1.0889
4.4657 1.0891
4.4678 1.0893
4.4698 1.0896
4.4718 1.0898
4.4739 1.0900
4.4759 1.0902
4.4780 1.0905
4.4800 1.0907
4.4821 1.0909
4.4841 1.0911
4.4862 1.0914
4.4882 1.0916
4.4902 1.0918
4.4923 1.0921
4.4943 1.0923
4.4964 1.0925
4.4984 1.0927
4.5004 1.0930
4.5025 1.0932
4.5045 1.0934
4.5065 1.0936
4.5086 1.0939
4.5106 1.0941
4.5126 1.0943
4.5147 1.0945
4.5167 1.0948
4.5188 1.0950
4.5208 1.0952
4.5228 1.0955
4.5249 1.0957
4.5269 1.0959
4.5289 1.0961
4.5309 1.0964
4.5330 1.0966
4.5350 1.0968
4.5370 1.0970
4.5391 1.0973
4.5411 1.0975
4.5431 1.0977
4.5452 1.0980
4.5472 1.0982
4.5492 1.0984
4.5512 1.0986
4.5533 1.0989
4.5553 1.0991
4.5573 1.0993
4.5593 1.0995
4.5614 1.0998
4.5634 1.1000
4.5654 1.1002
4.5674 1.1005
4.5694 1.1007
4.5715 1.1009
4.5735 1.1011
4.5755 1.1014
4.5775 1.1016
4.5796 1.1018
4.5816 1.1020
4.5836 1.1023
4.5856 1.1025
4.5876 1.1027
4.5897 1.1029
4.5917 1.1032
4.5937 1.1034
4.5957 1.1036
4.5977 1.1039
4.5997 1.1041
4.6017 1.1043
4.6038 1.1045
4.6058 1.1048
4.6078 1.1050
4.6098 1.1052
4.6118 1.1054
4.6138 1.1057
4.6158 1.1059
4.6179 1.1061
4.6199 1.1064
4.6219 1.1066
4.6239 1.1068
4.6259 1.1070
4.6279 1.1073
4.6299 1.1075
4.6319 1.1077
4.6339 1.1079
4.6359 1.1082
4.6379 1.1084
4.6399 1.1086
4.6420 1.1088
4.6440 1.1091
4.6460 1.1093
4.6480 1.1095
4.6500 1.1097
4.6520 1.1100
4.6540 1.1102
4.6560 1.1104
4.6580 1.1106
4.6600 1.1109
4.6620 1.1111
4.6640 1.1113
4.6660 1.1115
4.6680 1.1118
4.6700 1.1120
4.6720 1.1122
4.6740 1.1124
4.6760 1.1127
4.6780 1.1129
4.6800 1.1131
4.6820 1.1133
4.6840 1.1136
4.6860 1.1138
4.6880 1.1140
4.6900 1.1142
4.6920 1.1145
4.6940 1.1147
4.6960 1.1149
4.6980 1.1151
4.7000 1.1154
4.7020 1.1156
4.7040 1.1158
4.7060 1.1160
4.7080 1.1162
4.7100 1.1165
4.7120 1.1167
4.7140 1.1169
4.7160 1.1171
4.7179 1.1174
4.7199 1.1176
4.7219 1.1178
4.7239 1.1180
4.7259 1.1183
4.7279 1.1185
4.7299 1.1187
4.7319 1.1189
4.7339 1.1191
4.7359 1.1194
4.7379 1.1196
4.7399 1.1198
4.7418 1.1200
4.7438 1.1203
4.7458 1.1205
4.7478 1.1207
4.7498 1.1209
4.7518 1.1211
4.7538 1.1214
4.7558 1.1216
4.7578 1.1218
4.7598 1.1220
4.7617 1.1222
4.7637 1.1225
4.7657 1.1227
4.7677 1.1229
4.7697 1.1231
4.7717 1.1234
4.7736 1.1236
4.7756 1.1238
4.7776 1.1240
4.7796 1.1242
4.7816 1.1245
4.7836 1.1247
4.7855 1.1249
4.7875 1.1251
4.7895 1.1253
4.7915 1.1255
4.7935 1.1258
4.7955 1.1260
4.7974 1.1262
4.7994 1.1264
4.8014 1.1266
4.8034 1.1269
4.8054 1.1271
4.8074 1.1273
4.8093 1.1275
4.8113 1.1277
4.8133 1.1280
4.8153 1.1282
4.8173 1.1284
4.8192 1.1286
4.8212 1.1288
4.8232 1.1290
4.8252 1.1293
4.8271 1.1295
4.8291 1.1297
4.8311 1.1299
4.8331 1.1301
4.8350 1.1304
4.8370 1.1306
4.8390 1.1308
4.8410 1.1310
4.8429 1.1312
4.8449 1.1314
4.8469 1.1317
4.8489 1.1319
4.8508 1.1321
4.8528 1.1323
4.8548 1.1325
4.8568 1.1327
4.8587 1.1329
4.8607 1.1332
4.8627 1.1334
4.8647 1.1336
4.8667 1.1338
4.8686 1.1340
4.8706 1.1342
4.8726 1.1345
4.8746 1.1347
4.8765 1.1349
4.8785 1.1351
4.8805 1.1353
4.8825 1.1355
4.8844 1.1357
4.8864 1.1360
4.8884 1.1362
4.8903 1.1364
4.8923 1.1366
4.8943 1.1368
4.8962 1.1370
4.8982 1.1372
4.9002 1.1374
4.9021 1.1377
4.9041 1.1379
4.9061 1.1381
4.9080 1.1383
4.9100 1.1385
4.9120 1.1387
4.9139 1.1389
4.9159 1.1391
4.9179 1.1394
4.9199 1.1396
4.9218 1.1398
4.9238 1.1400
4.9258 1.1402
4.9277 1.1404
4.9297 1.1406
4.9317 1.1408
4.9336 1.1410
4.9356 1.1413
4.9376 1.1415
4.9395 1.1417
4.9415 1.1419
4.9435 1.1421
4.9454 1.1423
4.9474 1.1425
4.9494 1.1427
4.9513 1.1429
4.9533 1.1431
4.9553 1.1434
4.9573 1.1436
4.9592 1.1438
4.9612 1.1440
4.9632 1.1442
4.9651 1.1444
4.9671 1.1446
4.9691 1.1448
4.9710 1.1450
4.9730 1.1452
4.9750 1.1454
4.9769 1.1456
4.9789 1.1458
4.9808 1.1460
4.9828 1.1463
4.9848 1.1465
4.9867 1.1467
4.9887 1.1469
4.9906 1.1471
4.9926 1.1473
4.9946 1.1475
4.9965 1.1477
4.9985 1.1479
5.0005 1.1481
5.0024 1.1483
5.0044 1.1485
5.0063 1.1487
5.0083 1.1489
5.0103 1.1491
5.0122 1.1493
5.0142 1.1495
5.0161 1.1497
5.0181 1.1499
5.0201 1.1502
5.0220 1.1504
5.0240 1.1506
5.0259 1.1508
5.0279 1.1510
5.0299 1.1512
5.0318 1.1514
5.0338 1.1516
5.0357 1.1518
5.0377 1.1520
5.0397 1.1522
5.0416 1.1524
5.0436 1.1526
5.0455 1.1528
5.0475 1.1530
5.0495 1.1532
5.0514 1.1534
5.0534 1.1536
5.0554 1.1538
5.0573 1.1540
5.0593 1.1542
5.0612 1.1544
5.0632 1.1546
5.0652 1.1548
5.0671 1.1550
5.0691 1.1552
5.0710 1.1554
5.0730 1.1556
5.0750 1.1558
5.0769 1.1560
5.0789 1.1562
5.0808 1.1564
5.0828 1.1566
5.0848 1.1568
5.0867 1.1570
5.0887 1.1572
5.0906 1.1574
5.0926 1.1575
5.0946 1.1577
5.0965 1.1579
5.0985 1.1581
5.1004 1.1583
5.1024 1.1585
5.1044 1.1587
5.1063 1.1589
5.1083 1.1591
5.1103 1.1593
5.1122 1.1595
5.1142 1.1597
5.1161 1.1599
5.1181 1.1601
5.1201 1.1603
5.1220 1.1605
5.1240 1.1607
5.1259 1.1609
5.1279 1.1611
5.1299 1.1612
5.1318 1.1614
5.1338 1.1616
5.1357 1.1618
5.1377 1.1620
5.1397 1.1622
5.1416 1.1624
5.1436 1.1626
5.1455 1.1628
5.1475 1.1630
5.1495 1.1632
5.1514 1.1634
5.1534 1.1635
5.1553 1.1637
5.1573 1.1639
5.1593 1.1641
5.1612 1.1643
5.1632 1.1645
5.1652 1.1647
5.1671 1.1649
5.1691 1.1651
5.1710 1.1652
5.1730 1.1654
5.1750 1.1656
5.1769 1.1658
5.1789 1.1660
5.1808 1.1662
5.1828 1.1664
5.1848 1.1666
5.1867 1.1667
5.1887 1.1669
5.1906 1.1671
5.1926 1.1673
5.1946 1.1675
5.1965 1.1677
5.1985 1.1679
5.2004 1.1680
5.2024 1.1682
5.2044 1.1684
5.2063 1.1686
5.2083 1.1688
5.2103 1.1690
5.2122 1.1692
5.2142 1.1693
5.2161 1.1695
5.2181 1.1697
5.2201 1.1699
5.2220 1.1701
5.2240 1.1703
5.2259 1.1704
5.2279 1.1706
5.2299 1.1708
5.2318 1.1710
5.2338 1.1712
5.2357 1.1713
5.2377 1.1715
5.2397 1.1717
5.2416 1.1719
5.2436 1.1721
5.2455 1.1722
5.2475 1.1724
5.2495 1.1726
5.2514 1.1728
5.2534 1.1730
5.2553 1.1731
5.2573 1.1733
5.2593 1.1735
5.2612 1.1737
5.2632 1.1739
5.2652 1.1740
5.2671 1.1742
5.2691 1.1744
5.2710 1.1746
5.2730 1.1747
5.2750 1.1749
5.2769 1.1751
5.2789 1.1753
5.2808 1.1754
5.2828 1.1756
5.2848 1.1758
5.2867 1.1760
5.2887 1.1762
5.2906 1.1763
5.2926 1.1765
5.2946 1.1767
5.2965 1.1768
5.2985 1.1770
5.3004 1.1772
5.3024 1.1774
5.3044 1.1775
5.3063 1.1777
5.3083 1.1779
5.3102 1.1781
5.3122 1.1782
5.3142 1.1784
5.3161 1.1786
5.3181 1.1787
5.3201 1.1789
5.3220 1.1791
5.3240 1.1793
5.3259 1.1794
5.3279 1.1796
5.3299 1.1798
5.3318 1.1799
5.3338 1.1801
5.3357 1.1803
5.3377 1.1804
5.3397 1.1806
5.3416 1.1808
5.3436 1.1809
5.3455 1.1811
5.3475 1.1813
5.3495 1.1814
5.3514 1.1816
5.3534 1.1818
5.3553 1.1819
5.3573 1.1821
5.3593 1.1823
5.3612 1.1824
5.3632 1.1826
5.3652 1.1828
5.3671 1.1829
5.3691 1.1831
5.3710 1.1833
5.3730 1.1834
5.3750 1.1836
5.3769 1.1838
5.3789 1.1839
5.3808 1.1841
5.3828 1.1842
5.3848 1.1844
5.3867 1.1846
5.3887 1.1847
5.3906 1.1849
5.3926 1.1851
5.3946 1.1852
5.3965 1.1854
5.3985 1.1855
5.4004 1.1857
5.4024 1.1859
5.4044 1.1860
5.4063 1.1862
5.4083 1.1863
5.4102 1.1865
5.4122 1.1866
5.4142 1.1868
5.4161 1.1870
5.4181 1.1871
5.4201 1.1873
5.4220 1.1874
5.4240 1.1876
5.4259 1.1877
5.4279 1.1879
5.4299 1.1881
5.4318 1.1882
5.4338 1.1884
5.4357 1.1885
5.4377 1.1887
5.4397 1.1888
5.4416 1.1890
5.4436 1.1891
5.4455 1.1893
5.4475 1.1894
5.4495 1.1896
5.4514 1.1898
5.4534 1.1899
5.4554 1.1901
5.4573 1.1902
5.4593 1.1904
5.4613 1.1905
5.4632 1.1907
5.4652 1.1908
5.4672 1.1910
5.4691 1.1911
5.4711 1.1913
5.4731 1.1914
5.4750 1.1916
5.4770 1.1917
5.4790 1.1919
5.4809 1.1920
5.4829 1.1922
5.4849 1.1923
5.4868 1.1925
5.4888 1.1926
5.4908 1.1928
5.4928 1.1929
5.4947 1.1930
5.4967 1.1932
5.4987 1.1933
5.5006 1.1935
5.5026 1.1936
5.5046 1.1938
5.5065 1.1939
5.5085 1.1941
5.5105 1.1942
5.5124 1.1943
5.5144 1.1945
5.5164 1.1946
5.5183 1.1948
5.5203 1.1949
5.5223 1.1951
5.5242 1.1952
5.5262 1.1953
5.5282 1.1955
5.5302 1.1956
5.5321 1.1958
5.5341 1.1959
5.5361 1.1961
5.5380 1.1962
5.5400 1.1963
5.5420 1.1965
5.5439 1.1966
5.5459 1.1967
5.5479 1.1969
5.5498 1.1970
5.5518 1.1972
5.5538 1.1973
5.5557 1.1974
5.5577 1.1976
5.5597 1.1977
5.5616 1.1978
5.5636 1.1980
5.5656 1.1981
5.5676 1.1983
5.5695 1.1984
5.5715 1.1985
5.5735 1.1987
5.5754 1.1988
5.5774 1.1989
5.5794 1.1991
5.5813 1.1992
5.5833 1.1993
5.5853 1.1995
5.5872 1.1996
5.5892 1.1997
5.5912 1.1999
5.5931 1.2000
5.5951 1.2001
5.5971 1.2002
5.5991 1.2004
5.6010 1.2005
5.6030 1.2006
5.6050 1.2008
5.6070 1.2009
5.6089 1.2010
5.6109 1.2011
5.6129 1.2013
5.6149 1.2014
5.6169 1.2015
5.6188 1.2017
5.6208 1.2018
5.6228 1.2019
5.6248 1.2020
5.6267 1.2022
5.6287 1.2023
5.6307 1.2024
5.6327 1.2025
5.6346 1.2027
5.6366 1.2028
5.6386 1.2029
5.6406 1.2030
5.6425 1.2032
5.6445 1.2033
5.6465 1.2034
5.6485 1.2035
5.6504 1.2036
5.6524 1.2038
5.6544 1.2039
5.6564 1.2040
5.6583 1.2041
5.6603 1.2042
5.6623 1.2044
5.6643 1.2045
5.6663 1.2046
5.6682 1.2047
5.6702 1.2048
5.6722 1.2050
5.6742 1.2051
5.6761 1.2052
5.6781 1.2053
5.6801 1.2054
5.6821 1.2055
5.6840 1.2057
5.6860 1.2058
5.6880 1.2059
5.6900 1.2060
5.6919 1.2061
5.6939 1.2062
5.6959 1.2064
5.6979 1.2065
5.6998 1.2066
5.7018 1.2067
5.7038 1.2068
5.7058 1.2069
5.7077 1.2070
5.7097 1.2071
5.7117 1.2072
5.7137 1.2074
5.7157 1.2075
5.7176 1.2076
5.7196 1.2077
5.7216 1.2078
5.7236 1.2079
5.7256 1.2080
5.7276 1.2081
5.7295 1.2082
5.7315 1.2083
5.7335 1.2084
5.7355 1.2086
5.7375 1.2087
5.7395 1.2088
5.7414 1.2089
5.7434 1.2090
5.7454 1.2091
5.7474 1.2092
5.7494 1.2093
5.7514 1.2094
5.7533 1.2095
5.7553 1.2096
5.7573 1.2097
5.7593 1.2098
5.7613 1.2099
5.7633 1.2100
5.7653 1.2101
5.7672 1.2102
5.7692 1.2103
5.7712 1.2104
5.7732 1.2105
5.7752 1.2106
5.7772 1.2107
5.7791 1.2108
5.7811 1.2109
5.7831 1.2110
5.7851 1.2111
5.7871 1.2112
5.7891 1.2113
5.7910 1.2114
5.7930 1.2115
5.7950 1.2116
5.7970 1.2117
5.7990 1.2118
5.8010 1.2119
5.8029 1.2120
5.8049 1.2121
5.8069 1.2122
5.8089 1.2123
5.8109 1.2124
5.8129 1.2125
5.8148 1.2125
5.8168 1.2126
5.8188 1.2127
5.8208 1.2128
5.8228 1.2129
5.8248 1.2130
5.8267 1.2131
5.8287 1.2132
5.8307 1.2133
5.8327 1.2134
5.8347 1.2135
5.8367 1.2135
5.8386 1.2136
5.8406 1.2137
5.8426 1.2138
5.8446 1.2139
5.8466 1.2140
5.8486 1.2141
5.8506 1.2142
5.8526 1.2142
5.8546 1.2143
5.8566 1.2144
5.8586 1.2145
5.8605 1.2146
5.8625 1.2147
5.8645 1.2147
5.8665 1.2148
5.8685 1.2149
5.8705 1.2150
5.8725 1.2151
5.8745 1.2152
5.8765 1.2152
5.8785 1.2153
5.8805 1.2154
5.8825 1.2155
5.8844 1.2156
5.8864 1.2156
5.8884 1.2157
5.8904 1.2158
5.8924 1.2159
5.8944 1.2160
5.8964 1.2160
5.8984 1.2161
5.9004 1.2162
5.9024 1.2163
5.9044 1.2163
5.9063 1.2164
5.9083 1.2165
5.9103 1.2166
5.9123 1.2166
5.9143 1.2167
5.9163 1.2168
5.9183 1.2169
5.9203 1.2169
5.9223 1.2170
5.9243 1.2171
5.9263 1.2171
5.9283 1.2172
5.9302 1.2173
5.9322 1.2174
5.9342 1.2174
5.9362 1.2175
5.9382 1.2176
5.9402 1.2176
5.9422 1.2177
5.9442 1.2178
5.9462 1.2178
5.9482 1.2179
5.9502 1.2180
5.9521 1.2180
5.9541 1.2181
5.9561 1.2182
5.9581 1.2182
5.9601 1.2183
5.9621 1.2184
5.9641 1.2184
5.9661 1.2185
5.9681 1.2186
5.9701 1.2186
5.9721 1.2187
5.9741 1.2188
5.9760 1.2188
5.9780 1.2189
5.9800 1.2189
5.9820 1.2190
5.9840 1.2191
5.9860 1.2191
5.9880 1.2192
5.9900 1.2192
5.9920 1.2193
5.9940 1.2194
5.9960 1.2194
5.9980 1.2195
6.0000 1.2195
6.0020 1.2196
6.0040 1.2196
6.0060 1.2197
6.0080 1.2198
6.0100 1.2198
6.0120 1.2199
6.0140 1.2199
6.0160 1.2200
6.0180 1.2200
6.0200 1.2201
6.0220 1.2201
6.0240 1.2202
6.0260 1.2202
6.0280 1.2203
6.0300 1.2204
6.0320 1.2204
6.0340 1.2205
6.0360 1.2205
6.0380 1.2206
6.0400 1.2206
6.0420 1.2207
6.0440 1.2207
6.0460 1.2207
6.0480 1.2208
6.0500 1.2208
6.0520 1.2209
6.0540 1.2209
6.0560 1.2210
6.0580 1.2210
6.0600 1.2211
6.0620 1.2211
6.0640 1.2212
6.0660 1.2212
6.0680 1.2213
6.0700 1.2213
6.0720 1.2213
6.0740 1.2214
6.0760 1.2214
6.0780 1.2215
6.0800 1.2215
6.0820 1.2216
6.0840 1.2216
6.0860 1.2216
6.0880 1.2217
6.0900 1.2217
6.0919 1.2218
6.0939 1.2218
6.0959 1.2218
6.0979 1.2219
6.0999 1.2219
6.1019 1.2219
6.1039 1.2220
6.1059 1.2220
6.1079 1.2221
6.1099 1.2221
6.1119 1.2221
6.1139 1.2222
6.1159 1.2222
6.1179 1.2222
6.1199 1.2223
6.1219 1.2223
6.1239 1.2223
6.1259 1.2224
6.1279 1.2224
6.1299 1.2224
6.1319 1.2225
6.1339 1.2225
6.1359 1.2225
6.1379 1.2225
6.1399 1.2226
6.1419 1.2226
6.1439 1.2226
6.1459 1.2227
6.1479 1.2227
6.1499 1.2227
6.1519 1.2227
6.1539 1.2228
6.1559 1.2228
6.1579 1.2228
6.1599 1.2228
6.1619 1.2229
6.1639 1.2229
6.1659 1.2229
6.1679 1.2229
6.1699 1.2230
6.1719 1.2230
6.1739 1.2230
6.1759 1.2230
6.1779 1.2231
6.1799 1.2231
6.1819 1.2231
6.1839 1.2231
6.1859 1.2231
6.1879 1.2232
6.1899 1.2232
6.1919 1.2232
6.1939 1.2232
6.1959 1.2232
6.1979 1.2233
6.1999 1.2233
6.2019 1.2233
6.2039 1.2233
6.2059 1.2233
6.2079 1.2233
6.2099 1.2234
6.2119 1.2234
6.2139 1.2234
6.2159 1.2234
6.2179 1.2234
6.2199 1.2234
6.2219 1.2234
6.2239 1.2235
6.2259 1.2235
6.2279 1.2235
6.2299 1.2235
6.2319 1.2235
6.2339 1.2235
6.2359 1.2235
6.2379 1.2235
6.2399 1.2235
6.2419 1.2235
6.2439 1.2236
6.2459 1.2236
6.2479 1.2236
6.2499 1.2236
6.2519 1.2236
6.2539 1.2236
6.2559 1.2236
6.2579 1.2236
6.2599 1.2236
6.2619 1.2236
6.2639 1.2236
6.2659 1.2236
6.2679 1.2236
6.2699 1.2236
6.2719 1.2236
6.2738 1.2236
6.2758 1.2236
6.2778 1.2236
6.2798 1.2236
6.2818 1.2236
6.2838 1.2236
6.2858 1.2236
6.2878 1.2236
6.2898 1.2236
6.2918 1.2236
6.2938 1.2236
6.2958 1.2236
6.2978 1.2236
6.2998 1.2236
6.3018 1.2236
6.3038 1.2236
6.3058 1.2236
6.3078 1.2236
6.3098 1.2236
6.3118 1.2236
6.3138 1.2236
6.3158 1.2236
6.3178 1.2236
6.3198 1.2236
6.3218 1.2236
6.3238 1.2236
6.3258 1.2236
6.3278 1.2235
6.3298 1.2235
6.3318 1.2235
6.3338 1.2235
6.3358 1.2235
6.3378 1.2235
6.3398 1.2235
6.3418 1.2235
6.3438 1.2235
6.3458 1.2234
6.3478 1.2234
6.3498 1.2234
6.3518 1.2234
6.3538 1.2234
6.3558 1.2234
6.3578 1.2234
6.3598 1.2233
6.3618 1.2233
6.3638 1.2233
6.3658 1.2233
6.3678 1.2233
6.3698 1.2233
6.3718 1.2232
6.3738 1.2232
6.3758 1.2232
6.3778 1.2232
6.3798 1.2232
6.3818 1.2232
6.3838 1.2231
6.3858 1.2231
6.3878 1.2231
6.3898 1.2231
6.3918 1.2231
6.3938 1.2230
6.3958 1.2230
6.3978 1.2230
6.3998 1.2230
6.4018 1.2229
6.4038 1.2229
6.4058 1.2229
6.4078 1.2229
6.4098 1.2228
6.4118 1.2228
6.4138 1.2228
6.4158 1.2228
6.4178 1.2227
6.4198 1.2227
6.4218 1.2227
6.4238 1.2226
6.4258 1.2226
6.4278 1.2226
6.4298 1.2226
6.4318 1.2225
6.4338 1.2225
6.4358 1.2225
6.4378 1.2224
6.4398 1.2224
6.4418 1.2224
6.4438 1.2223
6.4458 1.2223
6.4478 1.2223
6.4498 1.2222
6.4518 1.2222
6.4538 1.2222
6.4557 1.2221
6.4577 1.2221
6.4597 1.2221
6.4617 1.2220
6.4637 1.2220
6.4657 1.2220
6.4677 1.2219
6.4697 1.2219
6.4717 1.2218
6.4737 1.2218
6.4757 1.2218
6.4777 1.2217
6.4797 1.2217
6.4817 1.2217
6.4837 1.2216
6.4857 1.2216
6.4877 1.2215
6.4897 1.2215
6.4917 1.2214
6.4937 1.2214
6.4957 1.2214
6.4977 1.2213
6.4997 1.2213
6.5017 1.2212
6.5037 1.2212
6.5057 1.2211
6.5077 1.2211
6.5097 1.2211
6.5117 1.2210
6.5137 1.2210
6.5157 1.2209
6.5177 1.2209
6.5197 1.2208
6.5217 1.2208
6.5237 1.2207
6.5257 1.2207
6.5277 1.2206
6.5297 1.2206
6.5317 1.2205
6.5337 1.2205
6.5357 1.2204
6.5377 1.2204
6.5397 1.2203
6.5417 1.2203
6.5437 1.2202
6.5457 1.2202
6.5477 1.2201
6.5497 1.2201
6.5517 1.2200
6.5537 1.2199
6.5557 1.2199
6.5577 1.2198
6.5597 1.2198
6.5617 1.2197
6.5637 1.2197
6.5657 1.2196
6.5677 1.2196
6.5697 1.2195
6.5717 1.2194
6.5737 1.2194
6.5757 1.2193
6.5777 1.2193
6.5797 1.2192
6.5817 1.2191
6.5837 1.2191
6.5857 1.2190
6.5877 1.2190
6.5897 1.2189
6.5916 1.2188
6.5936 1.2188
6.5956 1.2187
6.5976 1.2187
6.5996 1.2186
6.6016 1.2185
6.6036 1.2185
6.6056 1.2184
6.6076 1.2183
6.6096 1.2183
6.6116 1.2182
6.6135 1.2181
6.6155 1.2181
6.6175 1.2180
6.6195 1.2179
6.6215 1.2179
6.6235 1.2178
6.6255 1.2177
6.6275 1.2177
6.6295 1.2176
6.6315 1.2175
6.6335 1.2175
6.6355 1.2174
6.6374 1.2173
6.6394 1.2172
6.6414 1.2172
6.6434 1.2171
6.6454 1.2170
6.6474 1.2170
6.6494 1.2169
6.6514 1.2168
6.6534 1.2167
6.6554 1.2167
6.6574 1.2166
6.6593 1.2165
6.6613 1.2164
6.6633 1.2164
6.6653 1.2163
6.6673 1.2162
6.6693 1.2161
6.6713 1.2161
6.6733 1.2160
6.6753 1.2159
6.6773 1.2158
6.6793 1.2157
6.6813 1.2157
6.6832 1.2156
6.6852 1.2155
6.6872 1.2154
6.6892 1.2153
6.6912 1.2153
6.6932 1.2152
6.6952 1.2151
6.6972 1.2150
6.6992 1.2149
6.7012 1.2149
6.7032 1.2148
6.7051 1.2147
6.7071 1.2146
6.7091 1.2145
6.7111 1.2144
6.7131 1.2143
6.7151 1.2143
6.7171 1.2142
6.7191 1.2141
6.7211 1.2140
6.7231 1.2139
6.7251 1.2138
6.7271 1.2137
6.7290 1.2137
6.7310 1.2136
6.7330 1.2135
6.7350 1.2134
6.7370 1.2133
6.7390 1.2132
6.7409 1.2131
6.7429 1.2130
6.7449 1.2129
6.7469 1.2128
6.7489 1.2128
6.7509 1.2127
6.7528 1.2126
6.7548 1.2125
6.7568 1.2124
6.7588 1.2123
6.7608 1.2122
6.7628 1.2121
6.7647 1.2120
6.7667 1.2119
6.7687 1.2118
6.7707 1.2117
6.7727 1.2116
6.7747 1.2115
6.7766 1.2114
6.7786 1.2113
6.7806 1.2112
6.7826 1.2111
6.7846 1.2110
6.7866 1.2109
6.7885 1.2108
6.7905 1.2108
6.7925 1.2107
6.7945 1.2106
6.7965 1.2105
6.7985 1.2104
6.8004 1.2102
6.8024 1.2101
6.8044 1.2100
6.8064 1.2099
6.8084 1.2098
6.8104 1.2097
6.8123 1.2096
6.8143 1.2095
6.8163 1.2094
6.8183 1.2093
6.8203 1.2092
6.8223 1.2091
6.8242 1.2090
6.8262 1.2089
6.8282 1.2088
6.8302 1.2087
6.8322 1.2086
6.8342 1.2085
6.8362 1.2084
6.8381 1.2083
6.8401 1.2082
6.8421 1.2080
6.8441 1.2079
6.8461 1.2078
6.8481 1.2077
6.8500 1.2076
6.8520 1.2075
6.8540 1.2074
6.8560 1.2073
6.8579 1.2072
6.8599 1.2071
6.8619 1.2069
6.8639 1.2068
6.8659 1.2067
6.8678 1.2066
6.8698 1.2065
6.8718 1.2064
6.8738 1.2063
6.8757 1.2062
6.8777 1.2060
6.8797 1.2059
6.8817 1.2058
6.8836 1.2057
6.8856 1.2056
6.8876 1.2055
6.8896 1.2053
6.8915 1.2052
6.8935 1.2051
6.8955 1.2050
6.8975 1.2049
6.8994 1.2048
6.9014 1.2046
6.9034 1.2045
6.9054 1.2044
6.9073 1.2043
6.9093 1.2042
6.9113 1.2040
6.9133 1.2039
6.9153 1.2038
6.9172 1.2037
6.9192 1.2036
6.9212 1.2034
6.9232 1.2033
6.9251 1.2032
6.9271 1.2031
6.9291 1.2029
6.9311 1.2028
6.9330 1.2027
6.9350 1.2026
6.9370 1.2024
6.9390 1.2023
6.9409 1.2022
6.9429 1.2021
6.9449 1.2019
6.9469 1.2018
6.9488 1.2017
6.9508 1.2016
6.9528 1.2014
6.9548 1.2013
6.9567 1.2012
6.9587 1.2011
6.9607 1.2009
6.9627 1.2008
6.9647 1.2007
6.9666 1.2005
6.9686 1.2004
6.9706 1.2003
6.9726 1.2002
6.9745 1.2000
6.9765 1.1999
6.9785 1.1998
6.9804 1.1996
6.9824 1.1995
6.9844 1.1994
6.9863 1.1992
6.9883 1.1991
6.9903 1.1990
6.9922 1.1988
6.9942 1.1987
6.9962 1.1986
6.9981 1.1984
7.0001 1.1983
7.0021 1.1982
7.0041 1.1980
7.0060 1.1979
7.0080 1.1978
7.0100 1.1976
7.0119 1.1975
7.0139 1.1973
7.0159 1.1972
7.0178 1.1971
7.0198 1.1969
7.0218 1.1968
7.0237 1.1967
7.0257 1.1965
7.0277 1.1964
7.0296 1.1962
7.0316 1.1961
7.0336 1.1960
7.0355 1.1958
7.0375 1.1957
7.0395 1.1955
7.0415 1.1954
7.0434 1.1953
7.0454 1.1951
7.0474 1.1950
7.0493 1.1948
7.0513 1.1947
7.0533 1.1945
7.0552 1.1944
7.0572 1.1943
7.0592 1.1941
7.0611 1.1940
7.0631 1.1938
7.0651 1.1937
7.0670 1.1935
7.0690 1.1934
7.0710 1.1932
7.0729 1.1931
7.0749 1.1929
7.0769 1.1928
7.0788 1.1927
7.0808 1.1925
7.0828 1.1924
7.0848 1.1922
7.0867 1.1921
7.0887 1.1919
7.0907 1.1918
7.0926 1.1916
7.0946 1.1915
7.0966 1.1913
7.0985 1.1912
7.1005 1.1910
7.1025 1.1909
7.1044 1.1907
7.1064 1.1906
7.1084 1.1904
7.1103 1.1903
7.1123 1.1901
7.1143 1.1900
7.1162 1.1898
7.1182 1.1897
7.1201 1.1895
7.1221 1.1894
7.1241 1.1892
7.1260 1.1890
7.1280 1.1889
7.1299 1.1887
7.1319 1.1886
7.1339 1.1884
7.1358 1.1883
7.1378 1.1881
7.1397 1.1880
7.1417 1.1878
7.1437 1.1876
7.1456 1.1875
7.1476 1.1873
7.1496 1.1872
7.1515 1.1870
7.1535 1.1869
7.1554 1.1867
7.1574 1.1865
7.1594 1.1864
7.1613 1.1862
7.1633 1.1861
7.1652 1.1859
7.1672 1.1857
7.1692 1.1856
7.1711 1.1854
7.1731 1.1853
7.1750 1.1851
7.1770 1.1849
7.1790 1.1848
7.1809 1.1846
7.1829 1.1845
7.1848 1.1843
7.1868 1.1841
7.1888 1.1840
7.1907 1.1838
7.1927 1.1836
7.1946 1.1835
7.1966 1.1833
7.1986 1.1832
7.2005 1.1830
7.2025 1.1828
7.2045 1.1827
7.2064 1.1825
7.2084 1.1823
7.2103 1.1822
7.2123 1.1820
7.2143 1.1818
7.2162 1.1817
7.2182 1.1815
7.2201 1.1813
7.2221 1.1812
7.2241 1.1810
7.2260 1.1808
7.2280 1.1807
7.2299 1.1805
7.2319 1.1803
7.2339 1.1802
7.2358 1.1800
7.2378 1.1798
7.2397 1.1797
7.2417 1.1795
7.2437 1.1793
7.2456 1.1791
7.2476 1.1790
7.2495 1.1788
7.2515 1.1786
7.2535 1.1785
7.2554 1.1783
7.2574 1.1781
7.2594 1.1779
7.2613 1.1778
7.2633 1.1776
7.2652 1.1774
7.2672 1.1773
7.2692 1.1771
7.2711 1.1769
7.2731 1.1767
7.2750 1.1766
7.2770 1.1764
7.2790 1.1762
7.2809 1.1760
7.2829 1.1759
7.2848 1.1757
7.2868 1.1755
7.2888 1.1753
7.2907 1.1752
7.2927 1.1750
7.2946 1.1748
7.2966 1.1746
7.2986 1.1745
7.3005 1.1743
7.3025 1.1741
7.3045 1.1739
7.3064 1.1737
7.3084 1.1736
7.3103 1.1734
7.3123 1.1732
7.3143 1.1730
7.3162 1.1729
7.3182 1.1727
7.3201 1.1725
7.3221 1.1723
7.3241 1.1721
7.3260 1.1720
7.3280 1.1718
7.3299 1.1716
7.3319 1.1714
7.3339 1.1712
7.3358 1.1710
7.3378 1.1709
7.3397 1.1707
7.3417 1.1705
7.3437 1.1703
7.3456 1.1701
7.3476 1.1700
7.3495 1.1698
7.3515 1.1696
7.3535 1.1694
7.3554 1.1692
7.3574 1.1690
7.3594 1.1689
7.3613 1.1687
7.3633 1.1685
7.3652 1.1683
7.3672 1.1681
7.3692 1.1679
7.3711 1.1677
7.3731 1.1676
7.3750 1.1674
7.3770 1.1672
7.3790 1.1670
7.3809 1.1668
7.3829 1.1666
7.3848 1.1664
7.3868 1.1663
7.3888 1.1661
7.3907 1.1659
7.3927 1.1657
7.3946 1.1655
7.3966 1.1653
7.3986 1.1651
7.4005 1.1649
7.4025 1.1648
7.4044 1.1646
7.4064 1.1644
7.4084 1.1642
7.4103 1.1640
7.4123 1.1638
7.4143 1.1636
7.4162 1.1634
7.4182 1.1632
7.4201 1.1630
7.4221 1.1629
7.4241 1.1627
7.4260 1.1625
7.4280 1.1623
7.4299 1.1621
7.4319 1.1619
7.4339 1.1617
7.4358 1.1615
7.4378 1.1613
7.4397 1.1611
7.4417 1.1609
7.4437 1.1607
7.4456 1.1605
7.4476 1.1604
7.4495 1.1602
7.4515 1.1600
7.4535 1.1598
7.4554 1.1596
7.4574 1.1594
7.4594 1.1592
7.4613 1.1590
7.4633 1.1588
7.4652 1.1586
7.4672 1.1584
7.4692 1.1582
7.4711 1.1580
7.4731 1.1578
7.4750 1.1576
7.4770 1.1574
7.4790 1.1572
7.4809 1.1570
7.4829 1.1568
7.4848 1.1566
7.4868 1.1564
7.4888 1.1562
7.4907 1.1560
7.4927 1.1558
7.4946 1.1556
7.4966 1.1554
7.4986 1.1552
7.5005 1.1551
7.5025 1.1549
7.5044 1.1547
7.5064 1.1545
7.5084 1.1543
7.5103 1.1541
7.5123 1.1539
7.5143 1.1537
7.5162 1.1535
7.5182 1.1533
7.5201 1.1531
7.5221 1.1529
7.5241 1.1527
7.5260 1.1525
7.5280 1.1522
7.5299 1.1520
7.5319 1.1518
7.5339 1.1516
7.5358 1.1514
7.5378 1.1512
7.5397 1.1510
7.5417 1.1508
7.5437 1.1506
7.5456 1.1504
7.5476 1.1502
7.5495 1.1500
7.5515 1.1498
7.5535 1.1496
7.5554 1.1494
7.5574 1.1492
7.5593 1.1490
7.5613 1.1488
7.5633 1.1486
7.5652 1.1484
7.5672 1.1482
7.5692 1.1480
7.5711 1.1478
7.5731 1.1476
7.5750 1.1474
7.5770 1.1472
7.5790 1.1470
7.5809 1.1467
7.5829 1.1465
7.5848 1.1463
7.5868 1.1461
7.5888 1.1459
7.5907 1.1457
7.5927 1.1455
7.5946 1.1453
7.5966 1.1451
7.5986 1.1449
7.6005 1.1447
7.6025 1.1445
7.6045 1.1443
7.6064 1.1441
7.6084 1.1438
7.6104 1.1436
7.6123 1.1434
7.6143 1.1432
7.6163 1.1430
7.6182 1.1428
7.6202 1.1426
7.6222 1.1424
7.6241 1.1422
7.6261 1.1420
7.6281 1.1418
7.6301 1.1415
7.6320 1.1413
7.6340 1.1411
7.6360 1.1409
7.6379 1.1407
7.6399 1.1405
7.6419 1.1403
7.6438 1.1401
7.6458 1.1399
7.6478 1.1397
7.6497 1.1394
7.6517 1.1392
7.6537 1.1390
7.6556 1.1388
7.6576 1.1386
7.6596 1.1384
7.6615 1.1382
7.6635 1.1380
7.6655 1.1377
7.6674 1.1375
7.6694 1.1373
7.6714 1.1371
7.6734 1.1369
7.6753 1.1367
7.6773 1.1365
7.6793 1.1363
7.6812 1.1360
7.6832 1.1358
7.6852 1.1356
7.6871 1.1354
7.6891 1.1352
7.6911 1.1350
7.6930 1.1348
7.6950 1.1345
7.6970 1.1343
7.6990 1.1341
7.7010 1.1339
7.7029 1.1337
7.7049 1.1335
7.7069 1.1333
7.7089 1.1330
7.7108 1.1328
7.7128 1.1326
7.7148 1.1324
7.7168 1.1322
7.7187 1.1320
7.7207 1.1317
7.7227 1.1315
7.7247 1.1313
7.7266 1.1311
7.7286 1.1309
7.7306 1.1307
7.7326 1.1304
7.7345 1.1302
7.7365 1.1300
7.7385 1.1298
7.7405 1.1296
7.7424 1.1294
7.7444 1.1291
7.7464 1.1289
7.7484 1.1287
7.7504 1.1285
7.7523 1.1283
7.7543 1.1280
7.7563 1.1278
7.7583 1.1276
7.7602 1.1274
7.7622 1.1272
7.7642 1.1270
7.7662 1.1267
7.7682 1.1265
7.7702 1.1263
7.7721 1.1261
7.7741 1.1259
7.7761 1.1256
7.7781 1.1254
7.7801 1.1252
7.7821 1.1250
7.7840 1.1248
7.7860 1.1245
7.7880 1.1243
7.7900 1.1241
7.7920 1.1239
7.7940 1.1237
7.7959 1.1234
7.7979 1.1232
7.7999 1.1230
7.8019 1.1228
7.8039 1.1226
7.8059 1.1223
7.8078 1.1221
7.8098 1.1219
7.8118 1.1217
7.8138 1.1215
7.8158 1.1212
7.8178 1.1210
7.8198 1.1208
7.8218 1.1206
7.8237 1.1203
7.8257 1.1201
7.8277 1.1199
7.8297 1.1197
7.8317 1.1195
7.8337 1.1192
7.8357 1.1190
7.8377 1.1188
7.8397 1.1186
7.8417 1.1183
7.8437 1.1181
7.8456 1.1179
7.8476 1.1177
7.8496 1.1175
7.8516 1.1172
7.8536 1.1170
7.8556 1.1168
7.8576 1.1166
7.8596 1.1163
7.8616 1.1161
7.8636 1.1159
7.8656 1.1157
7.8676 1.1154
7.8696 1.1152
7.8716 1.1150
7.8736 1.1148
7.8756 1.1146
7.8776 1.1143
7.8796 1.1141
7.8816 1.1139
7.8836 1.1137
7.8856 1.1134
7.8876 1.1132
7.8896 1.1130
7.8916 1.1128
7.8936 1.1125
7.8956 1.1123
7.8976 1.1121
7.8996 1.1119
7.9016 1.1116
7.9035 1.1114
7.9055 1.1112
7.9075 1.1110
7.9096 1.1107
7.9116 1.1105
7.9136 1.1103
7.9156 1.1101
7.9176 1.1098
7.9196 1.1096
7.9216 1.1094
7.9236 1.1092
7.9256 1.1089
7.9276 1.1087
7.9296 1.1085
7.9316 1.1083
7.9336 1.1080
7.9356 1.1078
7.9376 1.1076
7.9397 1.1074
7.9417 1.1071
7.9437 1.1069
7.9457 1.1067
7.9477 1.1065
7.9497 1.1062
7.9517 1.1060
7.9537 1.1058
7.9557 1.1055
7.9578 1.1053
7.9598 1.1051
7.9618 1.1049
7.9638 1.1046
7.9658 1.1044
7.9678 1.1042
7.9698 1.1040
7.9719 1.1037
7.9739 1.1035
7.9759 1.1033
7.9779 1.1031
7.9799 1.1028
7.9819 1.1026
7.9839 1.1024
7.9860 1.1021
7.9880 1.1019
7.9900 1.1017
7.9920 1.1015
7.9940 1.1012
7.9961 1.1010
7.9981 1.1008
8.0001 1.1006
8.0021 1.1003
8.0042 1.1001
8.0062 1.0999
8.0082 1.0996
8.0103 1.0994
8.0123 1.0992
8.0143 1.0990
8.0163 1.0987
8.0184 1.0985
8.0204 1.0983
8.0224 1.0981
8.0245 1.0978
8.0265 1.0976
8.0285 1.0974
8.0305 1.0971
8.0326 1.0969
8.0346 1.0967
8.0366 1.0965
8.0387 1.0962
8.0407 1.0960
8.0427 1.0958
8.0448 1.0956
8.0468 1.0953
8.0488 1.0951
8.0508 1.0949
8.0529 1.0947
8.0549 1.0944
8.0569 1.0942
8.0590 1.0940
8.0610 1.0937
8.0630 1.0935
8.0650 1.0933
8.0671 1.0931
8.0691 1.0928
8.0712 1.0926
8.0732 1.0924
8.0753 1.0922
8.0773 1.0919
8.0794 1.0917
8.0814 1.0915
8.0835 1.0912
8.0855 1.0910
8.0875 1.0908
8.0896 1.0906
8.0916 1.0903
8.0937 1.0901
8.0957 1.0899
8.0978 1.0897
8.0998 1.0894
8.1019 1.0892
8.1039 1.0890
8.1059 1.0888
8.1080 1.0885
8.1100 1.0883
8.1121 1.0881
8.1141 1.0878
8.1162 1.0876
8.1182 1.0874
8.1203 1.0872
8.1223 1.0869
8.1243 1.0867
8.1264 1.0865
8.1285 1.0863
8.1305 1.0860
8.1326 1.0858
8.1346 1.0856
8.1367 1.0853
8.1388 1.0851
8.1408 1.0849
8.1429 1.0847
8.1449 1.0844
8.1470 1.0842
8.1491 1.0840
8.1511 1.0838
8.1532 1.0835
8.1552 1.0833
8.1573 1.0831
8.1594 1.0828
8.1614 1.0826
8.1635 1.0824
8.1655 1.0822
8.1676 1.0819
8.1697 1.0817
8.1717 1.0815
8.1738 1.0813
8.1758 1.0810
8.1779 1.0808
8.1800 1.0806
8.1821 1.0804
8.1841 1.0801
8.1862 1.0799
8.1883 1.0797
8.1904 1.0794
8.1924 1.0792
8.1945 1.0790
8.1966 1.0788
8.1987 1.0785
8.2007 1.0783
8.2028 1.0781
8.2049 1.0779
8.2070 1.0776
8.2090 1.0774
8.2111 1.0772
8.2132 1.0770
8.2153 1.0767
8.2173 1.0765
8.2194 1.0763
8.2215 1.0761
8.2236 1.0758
8.2256 1.0756
8.2277 1.0754
8.2298 1.0752
8.2319 1.0749
8.2340 1.0747
8.2361 1.0745
8.2382 1.0743
8.2402 1.0740
8.2423 1.0738
8.2444 1.0736
8.2465 1.0734
8.2486 1.0731
8.2507 1.0729
8.2528 1.0727
8.2549 1.0725
8.2570 1.0722
8.2591 1.0720
8.2612 1.0718
8.2632 1.0716
8.2653 1.0713
8.2674 1.0711
8.2695 1.0709
8.2716 1.0707
8.2737 1.0704
8.2758 1.0702
8.2779 1.0700
8.2800 1.0698
8.2821 1.0695
8.2842 1.0693
8.2863 1.0691
8.2884 1.0689
8.2905 1.0686
8.2926 1.0684
8.2947 1.0682
8.2968 1.0680
8.2990 1.0678
8.3011 1.0675
8.3032 1.0673
8.3053 1.0671
8.3074 1.0669
8.3095 1.0666
8.3116 1.0664
8.3137 1.0662
8.3158 1.0660
8.3179 1.0658
8.3200 1.0655
8.3221 1.0653
8.3242 1.0651
8.3264 1.0649
8.3285 1.0646
8.3306 1.0644
8.3327 1.0642
8.3349 1.0640
8.3370 1.0638
8.3391 1.0635
8.3412 1.0633
8.3433 1.0631
8.3455 1.0629
8.3476 1.0627
8.3497 1.0624
8.3518 1.0622
8.3539 1.0620
8.3561 1.0618
8.3582 1.0616
8.3603 1.0613
8.3624 1.0611
8.3645 1.0609
8.3667 1.0607
8.3688 1.0605
8.3710 1.0602
8.3731 1.0600
8.3752 1.0598
8.3774 1.0596
8.3795 1.0594
8.3816 1.0592
8.3838 1.0589
8.3859 1.0587
8.3880 1.0585
8.3902 1.0583
8.3923 1.0581
8.3945 1.0579
8.3966 1.0576
8.3987 1.0574
8.4009 1.0572
8.4030 1.0570
8.4051 1.0568
8.4073 1.0566
8.4094 1.0563
8.4116 1.0561
8.4137 1.0559
8.4159 1.0557
8.4180 1.0555
8.4202 1.0553
8.4223 1.0550
8.4245 1.0548
8.4267 1.0546
8.4288 1.0544
8.4310 1.0542
8.4331 1.0540
8.4353 1.0538
8.4374 1.0536
8.4396 1.0533
8.4417 1.0531
8.4439 1.0529
8.4460 1.0527
8.4482 1.0525
8.4503 1.0523
8.4525 1.0521
8.4547 1.0518
8.4568 1.0516
8.4590 1.0514
8.4612 1.0512
8.4633 1.0510
8.4655 1.0508
8.4677 1.0506
8.4698 1.0504
8.4720 1.0502
8.4742 1.0499
8.4763 1.0497
8.4785 1.0495
8.4807 1.0493
8.4828 1.0491
8.4850 1.0489
8.4872 1.0487
8.4894 1.0485
8.4916 1.0483
8.4937 1.0481
8.4959 1.0479
8.4981 1.0476
8.5003 1.0474
8.5025 1.0472
8.5047 1.0470
8.5068 1.0468
8.5090 1.0466
8.5112 1.0464
8.5134 1.0462
8.5156 1.0460
8.5177 1.0458
8.5199 1.0456
8.5221 1.0454
8.5243 1.0452
8.5265 1.0450
8.5287 1.0448
8.5309 1.0445
8.5331 1.0443
8.5353 1.0441
8.5375 1.0439
8.5397 1.0437
8.5419 1.0435
8.5441 1.0433
8.5463 1.0431
8.5485 1.0429
8.5507 1.0427
8.5529 1.0425
8.5551 1.0423
8.5573 1.0421
8.5594 1.0419
8.5616 1.0417
8.5639 1.0415
8.5661 1.0413
8.5683 1.0411
8.5705 1.0409
8.5727 1.0407
8.5749 1.0405
8.5771 1.0403
8.5793 1.0401
8.5816 1.0399
8.5838 1.0397
8.5860 1.0395
8.5882 1.0393
8.5904 1.0391
8.5926 1.0389
8.5948 1.0387
8.5970 1.0385
8.5993 1.0383
8.6015 1.0381
8.6037 1.0379
8.6059 1.0377
8.6082 1.0375
8.6104 1.0373
8.6126 1.0372
8.6149 1.0370
8.6171 1.0368
8.6193 1.0366
8.6215 1.0364
8.6238 1.0362
8.6260 1.0360
8.6282 1.0358
8.6304 1.0356
8.6327 1.0354
8.6349 1.0352
8.6371 1.0350
8.6394 1.0348
8.6416 1.0346
8.6439 1.0345
8.6461 1.0343
8.6483 1.0341
8.6506 1.0339
8.6528 1.0337
8.6551 1.0335
8.6573 1.0333
8.6596 1.0331
8.6618 1.0329
8.6640 1.0328
8.6663 1.0326
8.6685 1.0324
8.6708 1.0322
8.6730 1.0320
8.6753 1.0318
8.6775 1.0316
8.6798 1.0314
8.6821 1.0313
8.6843 1.0311
8.6866 1.0309
8.6888 1.0307
8.6911 1.0305
8.6933 1.0303
8.6956 1.0302
8.6979 1.0300
8.7001 1.0298
8.7024 1.0296
8.7046 1.0294
8.7069 1.0292
8.7092 1.0291
8.7114 1.0289
8.7137 1.0287
8.7160 1.0285
8.7182 1.0283
8.7205 1.0282
8.7228 1.0280
8.7251 1.0278
8.7273 1.0276
8.7296 1.0275
8.7319 1.0273
8.7341 1.0271
8.7364 1.0269
8.7387 1.0267
8.7410 1.0266
8.7432 1.0264
8.7455 1.0262
8.7478 1.0260
8.7501 1.0259
8.7524 1.0257
8.7547 1.0255
8.7569 1.0254
8.7592 1.0252
8.7615 1.0250
8.7638 1.0248
8.7661 1.0247
8.7684 1.0245
8.7707 1.0243
8.7730 1.0242
8.7753 1.0240
8.7775 1.0238
8.7798 1.0236
8.7821 1.0235
8.7844 1.0233
8.7867 1.0231
8.7890 1.0230
8.7913 1.0228
8.7936 1.0226
8.7959 1.0225
8.7982 1.0223
8.8005 1.0221
8.8028 1.0220
8.8051 1.0218
8.8074 1.0217
8.8097 1.0215
8.8120 1.0213
8.8143 1.0212
8.8167 1.0210
8.8190 1.0208
8.8213 1.0207
8.8236 1.0205
8.8259 1.0204
8.8282 1.0202
8.8305 1.0200
8.8328 1.0199
8.8352 1.0197
8.8375 1.0196
8.8398 1.0194
8.8421 1.0192
8.8444 1.0191
8.8468 1.0189
8.8491 1.0188
8.8514 1.0186
8.8537 1.0185
8.8560 1.0183
8.8584 1.0182
8.8607 1.0180
8.8630 1.0179
8.8653 1.0177
8.8677 1.0176
8.8700 1.0174
8.8723 1.0173
8.8747 1.0171
8.8770 1.0169
8.8793 1.0168
8.8817 1.0167
8.8840 1.0165
8.8863 1.0164
8.8887 1.0162
8.8910 1.0161
8.8933 1.0159
8.8957 1.0158
8.8980 1.0156
8.9003 1.0155
8.9027 1.0153
8.9050 1.0152
8.9074 1.0150
8.9097 1.0149
8.9121 1.0148
8.9144 1.0146
8.9168 1.0145
8.9191 1.0143
8.9215 1.0142
8.9238 1.0141
8.9262 1.0139
8.9285 1.0138
8.9309 1.0136
8.9332 1.0135
8.9356 1.0134
8.9379 1.0132
8.9403 1.0131
8.9426 1.0130
8.9450 1.0128
8.9473 1.0127
8.9497 1.0126
8.9521 1.0124
8.9544 1.0123
8.9568 1.0122
8.9592 1.0120
8.9615 1.0119
8.9639 1.0118
8.9663 1.0116
8.9686 1.0115
8.9710 1.0114
8.9734 1.0112
8.9757 1.0111
8.9781 1.0110
8.9805 1.0109
8.9828 1.0107
8.9852 1.0106
8.9875 1.0105
8.9899 1.0104
8.9923 1.0102
8.9947 1.0101
8.9971 1.0100
8.9994 1.0099
9.0018 1.0098
9.0042 1.0096
9.0066 1.0095
9.0090 1.0094
9.0113 1.0093
9.0137 1.0092
9.0161 1.0090
9.0185 1.0089
9.0209 1.0088
9.0232 1.0087
9.0256 1.0086
9.0280 1.0085
9.0304 1.0083
9.0328 1.0082
9.0351 1.0081
9.0375 1.0080
9.0399 1.0079
9.0423 1.0078
9.0447 1.0077
9.0471 1.0076
9.0495 1.0075
9.0519 1.0073
9.0543 1.0072
9.0567 1.0071
9.0591 1.0070
9.0615 1.0069
9.0639 1.0068
9.0663 1.0067
9.0687 1.0066
9.0711 1.0065
9.0735 1.0064
9.0759 1.0063
9.0782 1.0062
9.0806 1.0061
9.0830 1.0060
9.0854 1.0059
9.0878 1.0058
9.0902 1.0057
9.0927 1.0056
9.0951 1.0055
9.0975 1.0054
9.0999 1.0053
9.1023 1.0052
9.1047 1.0051
9.1071 1.0050
9.1095 1.0049
9.1119 1.0048
9.1143 1.0047
9.1168 1.0046
9.1192 1.0046
9.1216 1.0045
9.1240 1.0044
9.1264 1.0043
9.1288 1.0042
9.1312 1.0041
9.1336 1.0040
9.1360 1.0039
9.1385 1.0039
9.1409 1.0038
9.1433 1.0037
9.1457 1.0036
9.1481 1.0035
9.1505 1.0034
9.1530 1.0034
9.1554 1.0033
9.1578 1.0032
9.1602 1.0031
9.1627 1.0030
9.1651 1.0030
9.1675 1.0029
9.1699 1.0028
9.1724 1.0027
9.1748 1.0026
9.1772 1.0026
9.1796 1.0025
9.1821 1.0024
9.1845 1.0024
9.1869 1.0023
9.1893 1.0022
9.1918 1.0021
9.1942 1.0021
9.1966 1.0020
9.1991 1.0019
9.2015 1.0019
9.2039 1.0018
9.2063 1.0017
9.2088 1.0017
9.2112 1.0016
9.2136 1.0015
9.2160 1.0015
9.2185 1.0014
9.2209 1.0013
9.2233 1.0013
9.2258 1.0012
9.2282 1.0012
9.2307 1.0011
9.2331 1.0010
9.2355 1.0010
9.2380 1.0009
9.2404 1.0009
9.2429 1.0008
9.2453 1.0008
9.2478 1.0007
9.2502 1.0007
9.2526 1.0006
9.2551 1.0005
9.2575 1.0005
9.2600 1.0004
9.2624 1.0004
9.2648 1.0003
9.2673 1.0003
9.2697 1.0003
9.2722 1.0002
9.2746 1.0002
9.2771 1.0001
9.2795 1.0001
9.2819 1.0000
9.2844 0.99998
9.2868 0.99994
9.2893 0.99989
9.2917 0.99985
9.2941 0.99981
9.2966 0.99977
9.2990 0.99973
9.3015 0.99969
9.3039 0.99966
9.3064 0.99962
9.3088 0.99958
9.3112 0.99955
9.3137 0.99951
9.3161 0.99948
9.3186 0.99945
9.3210 0.99941
9.3234 0.99938
9.3259 0.99935
9.3283 0.99932
9.3308 0.99929
9.3332 0.99926
9.3357 0.99924
9.3381 0.99921
9.3406 0.99918
9.3430 0.99916
9.3455 0.99913
9.3479 0.99911
9.3504 0.99908
9.3529 0.99906
9.3553 0.99904
9.3578 0.99902
9.3602 0.99900
9.3627 0.99898
9.3651 0.99896
9.3676 0.99894
9.3701 0.99892
9.3725 0.99891
9.3750 0.99889
9.3774 0.99887
9.3799 0.99886
9.3823 0.99885
9.3848 0.99883
9.3873 0.99882
9.3897 0.99881
9.3922 0.99880
9.3946 0.99879
9.3971 0.99878
9.3995 0.99877
9.4020 0.99876
9.4044 0.99876
9.4069 0.99875
9.4094 0.99874
9.4118 0.99874
9.4143 0.99874
9.4167 0.99873
9.4192 0.99873
9.4216 0.99873
9.4241 0.99873
9.4266 0.99873
9.4290 0.99873
9.4315 0.99873
9.4339 0.99873
9.4364 0.99873
9.4388 0.99874
9.4413 0.99874
9.4438 0.99875
9.4462 0.99875
9.4487 0.99876
9.4511 0.99877
9.4536 0.99877
9.4560 0.99878
9.4585 0.99879
9.4610 0.99880
9.4634 0.99881
9.4659 0.99883
9.4683 0.99884
9.4708 0.99885
9.4732 0.99887
9.4757 0.99888
9.4781 0.99890
9.4806 0.99891
9.4831 0.99893
9.4855 0.99895
9.4880 0.99897
9.4904 0.99899
9.4929 0.99901
9.4953 0.99903
9.4978 0.99905
9.5003 0.99907
9.5027 0.99909
9.5052 0.99912
9.5076 0.99914
9.5101 0.99917
9.5125 0.99919
9.5150 0.99922
9.5175 0.99925
9.5199 0.99928
9.5224 0.99931
9.5248 0.99934
9.5272 0.99937
9.5297 0.99940
9.5321 0.99943
9.5346 0.99946
9.5370 0.99950
9.5394 0.99953
9.5419 0.99957
9.5443 0.99960
9.5468 0.99964
9.5492 0.99967
9.5517 0.99971
9.5541 0.99975
9.5565 0.99979
9.5590 0.99983
9.5614 0.99987
9.5639 0.99991
9.5663 0.99996
9.5687 1.0000
9.5712 1.0000
9.5736 1.0001
9.5761 1.0001
9.5785 1.0002
9.5809 1.0002
9.5834 1.0003
9.5858 1.0003
9.5883 1.0004
9.5907 1.0004
9.5932 1.0005
9.5956 1.0005
9.5980 1.0006
9.6005 1.0006
9.6029 1.0007
9.6054 1.0007
9.6078 1.0008
9.6102 1.0008
9.6127 1.0009
9.6151 1.0010
9.6176 1.0010
9.6200 1.0011
9.6225 1.0011
9.6249 1.0012
9.6273 1.0013
9.6298 1.0013
9.6322 1.0014
9.6346 1.0014
9.6371 1.0015
9.6395 1.0016
9.6419 1.0016
9.6443 1.0017
9.6468 1.0018
9.6492 1.0018
9.6516 1.0019
9.6541 1.0020
9.6565 1.0020
9.6589 1.0021
9.6613 1.0022
9.6638 1.0022
9.6662 1.0023
9.6686 1.0024
9.6710 1.0025
9.6735 1.0025
9.6759 1.0026
9.6783 1.0027
9.6807 1.0028
9.6832 1.0028
9.6856 1.0029
9.6880 1.0030
9.6904 1.0031
9.6929 1.0031
9.6953 1.0032
9.6977 1.0033
9.7001 1.0034
9.7026 1.0035
9.7050 1.0036
9.7074 1.0036
9.7098 1.0037
9.7122 1.0038
9.7146 1.0039
9.7171 1.0040
9.7195 1.0041
9.7219 1.0042
9.7243 1.0042
9.7267 1.0043
9.7291 1.0044
9.7315 1.0045
9.7339 1.0046
9.7363 1.0047
9.7388 1.0048
9.7412 1.0049
9.7436 1.0050
9.7460 1.0051
9.7484 1.0052
9.7508 1.0053
9.7532 1.0053
9.7556 1.0054
9.7580 1.0055
9.7605 1.0056
9.7629 1.0057
9.7653 1.0058
9.7677 1.0059
9.7701 1.0060
9.7725 1.0061
9.7749 1.0062
9.7773 1.0063
9.7796 1.0064
9.7820 1.0065
9.7844 1.0067
9.7868 1.0068
9.7892 1.0069
9.7916 1.0070
9.7940 1.0071
9.7964 1.0072
9.7988 1.0073
9.8012 1.0074
9.8036 1.0075
9.8060 1.0076
9.8084 1.0077
9.8108 1.0078
9.8132 1.0080
9.8156 1.0081
9.8180 1.0082
9.8203 1.0083
9.8227 1.0084
9.8251 1.0085
9.8275 1.0086
9.8299 1.0087
9.8322 1.0089
9.8346 1.0090
9.8370 1.0091
9.8394 1.0092
9.8418 1.0093
9.8441 1.0095
9.8465 1.0096
9.8489 1.0097
9.8513 1.0098
9.8537 1.0099
