x y
9.25000000000000 -1.00000000000000
9.2476 -1.0001
9.2451 -1.0001
9.2427 -1.0002
9.2402 -1.0002
9.2378 -1.0003
9.2354 -1.0003
9.2329 -1.0004
9.2305 -1.0004
9.2280 -1.0005
9.2256 -1.0006
9.2231 -1.0006
9.2207 -1.0007
9.2183 -1.0007
9.2158 -1.0008
9.2134 -1.0009
9.2109 -1.0009
9.2085 -1.0010
9.2061 -1.0011
9.2036 -1.0011
9.2012 -1.0012
9.1988 -1.0013
9.1964 -1.0013
9.1939 -1.0014
9.1915 -1.0015
9.1891 -1.0015
9.1867 -1.0016
9.1842 -1.0017
9.1818 -1.0018
9.1794 -1.0018
9.1770 -1.0019
9.1745 -1.0020
9.1721 -1.0021
9.1697 -1.0021
9.1673 -1.0022
9.1648 -1.0023
9.1624 -1.0024
9.1600 -1.0024
9.1575 -1.0025
9.1551 -1.0026
9.1527 -1.0027
9.1503 -1.0028
9.1478 -1.0028
9.1454 -1.0029
9.1430 -1.0030
9.1406 -1.0031
9.1381 -1.0032
9.1357 -1.0033
9.1333 -1.0033
9.1309 -1.0034
9.1285 -1.0035
9.1261 -1.0036
9.1237 -1.0037
9.1213 -1.0038
9.1189 -1.0039
9.1164 -1.0040
9.1140 -1.0041
9.1116 -1.0041
9.1092 -1.0042
9.1068 -1.0043
9.1044 -1.0044
9.1020 -1.0045
9.0996 -1.0046
9.0972 -1.0047
9.0947 -1.0048
9.0923 -1.0049
9.0899 -1.0050
9.0875 -1.0051
9.0851 -1.0052
9.0827 -1.0053
9.0803 -1.0054
9.0779 -1.0055
9.0755 -1.0056
9.0731 -1.0057
9.0707 -1.0058
9.0683 -1.0059
9.0659 -1.0060
9.0635 -1.0061
9.0611 -1.0062
9.0587 -1.0063
9.0563 -1.0064
9.0539 -1.0065
9.0515 -1.0067
9.0491 -1.0068
9.0467 -1.0069
9.0443 -1.0070
9.0419 -1.0071
9.0396 -1.0072
9.0372 -1.0073
9.0348 -1.0074
9.0324 -1.0075
9.0300 -1.0077
9.0276 -1.0078
9.0252 -1.0079
9.0228 -1.0080
9.0204 -1.0081
9.0181 -1.0082
9.0157 -1.0083
9.0133 -1.0085
9.0109 -1.0086
9.0085 -1.0087
9.0062 -1.0088
9.0038 -1.0089
9.0014 -1.0091
8.9990 -1.0092
8.9966 -1.0093
8.9943 -1.0094
8.9919 -1.0095
8.9895 -1.0097
8.9871 -1.0098
8.9847 -1.0099
8.9824 -1.0100
8.9800 -1.0102
8.9776 -1.0103
8.9753 -1.0104
8.9729 -1.0105
8.9705 -1.0107
8.9682 -1.0108
8.9658 -1.0109
8.9634 -1.0111
8.9611 -1.0112
8.9587 -1.0113
8.9563 -1.0115
8.9540 -1.0116
8.9516 -1.0117
8.9492 -1.0119
8.9469 -1.0120
8.9445 -1.0121
8.9422 -1.0123
8.9398 -1.0124
8.9374 -1.0125
8.9351 -1.0127
8.9327 -1.0128
8.9304 -1.0129
8.9280 -1.0131
8.9257 -1.0132
8.9233 -1.0134
8.9210 -1.0135
8.9186 -1.0136
8.9163 -1.0138
8.9139 -1.0139
8.9116 -1.0141
8.9092 -1.0142
8.9069 -1.0143
8.9045 -1.0145
8.9022 -1.0146
8.8998 -1.0148
8.8975 -1.0149
8.8951 -1.0151
8.8928 -1.0152
8.8905 -1.0154
8.8881 -1.0155
8.8858 -1.0156
8.8835 -1.0158
8.8811 -1.0159
8.8788 -1.0161
8.8765 -1.0162
8.8741 -1.0164
8.8718 -1.0165
8.8695 -1.0167
8.8671 -1.0168
8.8648 -1.0170
8.8625 -1.0171
8.8601 -1.0173
8.8578 -1.0174
8.8555 -1.0176
8.8531 -1.0178
8.8508 -1.0179
8.8485 -1.0181
8.8462 -1.0182
8.8439 -1.0184
8.8416 -1.0185
8.8392 -1.0187
8.8369 -1.0188
8.8346 -1.0190
8.8323 -1.0192
8.8300 -1.0193
8.8276 -1.0195
8.8253 -1.0196
8.8230 -1.0198
8.8207 -1.0200
8.8184 -1.0201
8.8161 -1.0203
8.8138 -1.0204
8.8114 -1.0206
8.8091 -1.0208
8.8068 -1.0209
8.8045 -1.0211
8.8022 -1.0213
8.7999 -1.0214
8.7976 -1.0216
8.7953 -1.0218
8.7930 -1.0219
8.7907 -1.0221
8.7884 -1.0223
8.7861 -1.0224
8.7838 -1.0226
8.7815 -1.0228
8.7792 -1.0229
8.7769 -1.0231
8.7746 -1.0233
8.7723 -1.0234
8.7700 -1.0236
8.7677 -1.0238
8.7655 -1.0239
8.7632 -1.0241
8.7609 -1.0243
8.7586 -1.0245
8.7563 -1.0246
8.7540 -1.0248
8.7517 -1.0250
8.7494 -1.0251
8.7471 -1.0253
8.7449 -1.0255
8.7426 -1.0257
8.7403 -1.0258
8.7380 -1.0260
8.7357 -1.0262
8.7335 -1.0264
8.7312 -1.0266
8.7289 -1.0267
8.7267 -1.0269
8.7244 -1.0271
8.7221 -1.0273
8.7198 -1.0274
8.7176 -1.0276
8.7153 -1.0278
8.7130 -1.0280
8.7107 -1.0282
8.7085 -1.0283
8.7062 -1.0285
8.7039 -1.0287
8.7017 -1.0289
8.6994 -1.0291
8.6971 -1.0292
8.6949 -1.0294
8.6926 -1.0296
8.6904 -1.0298
8.6881 -1.0300
8.6859 -1.0302
8.6836 -1.0303
8.6813 -1.0305
8.6791 -1.0307
8.6768 -1.0309
8.6746 -1.0311
8.6723 -1.0313
8.6700 -1.0315
8.6678 -1.0317
8.6655 -1.0318
8.6633 -1.0320
8.6611 -1.0322
8.6588 -1.0324
8.6566 -1.0326
8.6543 -1.0328
8.6521 -1.0330
8.6498 -1.0332
8.6476 -1.0333
8.6454 -1.0335
8.6431 -1.0337
8.6409 -1.0339
8.6386 -1.0341
8.6364 -1.0343
8.6341 -1.0345
8.6319 -1.0347
8.6297 -1.0349
8.6274 -1.0351
8.6252 -1.0353
8.6230 -1.0355
8.6208 -1.0357
8.6185 -1.0358
8.6163 -1.0360
8.6141 -1.0362
8.6118 -1.0364
8.6096 -1.0366
8.6074 -1.0368
8.6052 -1.0370
8.6029 -1.0372
8.6007 -1.0374
8.5985 -1.0376
8.5963 -1.0378
8.5940 -1.0380
8.5918 -1.0382
8.5896 -1.0384
8.5874 -1.0386
8.5852 -1.0388
8.5830 -1.0390
8.5807 -1.0392
8.5785 -1.0394
8.5763 -1.0396
8.5741 -1.0398
8.5719 -1.0400
8.5697 -1.0402
8.5675 -1.0404
8.5653 -1.0406
8.5630 -1.0408
8.5608 -1.0410
8.5586 -1.0412
8.5564 -1.0414
8.5542 -1.0416
8.5520 -1.0418
8.5498 -1.0420
8.5476 -1.0422
8.5454 -1.0424
8.5432 -1.0426
8.5410 -1.0428
8.5388 -1.0430
8.5366 -1.0432
8.5344 -1.0434
8.5322 -1.0436
8.5300 -1.0438
8.5278 -1.0440
8.5257 -1.0442
8.5235 -1.0444
8.5213 -1.0447
8.5191 -1.0449
8.5169 -1.0451
8.5147 -1.0453
8.5125 -1.0455
8.5103 -1.0457
8.5081 -1.0459
8.5060 -1.0461
8.5038 -1.0463
8.5016 -1.0465
8.4994 -1.0467
8.4972 -1.0469
8.4951 -1.0471
8.4929 -1.0473
8.4907 -1.0476
8.4885 -1.0478
8.4863 -1.0480
8.4841 -1.0482
8.4820 -1.0484
8.4798 -1.0486
8.4776 -1.0488
8.4754 -1.0490
8.4733 -1.0492
8.4711 -1.0494
8.4689 -1.0497
8.4668 -1.0499
8.4646 -1.0501
8.4624 -1.0503
8.4603 -1.0505
8.4581 -1.0507
8.4559 -1.0509
8.4538 -1.0511
8.4516 -1.0513
8.4494 -1.0516
8.4473 -1.0518
8.4451 -1.0520
8.4429 -1.0522
8.4408 -1.0524
8.4386 -1.0526
8.4365 -1.0528
8.4343 -1.0531
8.4322 -1.0533
8.4300 -1.0535
8.4279 -1.0537
8.4257 -1.0539
8.4236 -1.0541
8.4214 -1.0543
8.4193 -1.0546
8.4171 -1.0548
8.4150 -1.0550
8.4128 -1.0552
8.4107 -1.0554
8.4085 -1.0556
8.4064 -1.0559
8.4042 -1.0561
8.4021 -1.0563
8.3999 -1.0565
8.3978 -1.0567
8.3956 -1.0569
8.3935 -1.0572
8.3914 -1.0574
8.3892 -1.0576
8.3871 -1.0578
8.3849 -1.0580
8.3828 -1.0582
8.3807 -1.0585
8.3785 -1.0587
8.3764 -1.0589
8.3743 -1.0591
8.3721 -1.0593
8.3700 -1.0595
8.3679 -1.0598
8.3657 -1.0600
8.3636 -1.0602
8.3615 -1.0604
8.3593 -1.0606
8.3572 -1.0609
8.3551 -1.0611
8.3529 -1.0613
8.3508 -1.0615
8.3487 -1.0617
8.3466 -1.0620
8.3445 -1.0622
8.3423 -1.0624
8.3402 -1.0626
8.3381 -1.0628
8.3360 -1.0631
8.3338 -1.0633
8.3317 -1.0635
8.3296 -1.0637
8.3275 -1.0640
8.3254 -1.0642
8.3232 -1.0644
8.3211 -1.0646
8.3190 -1.0648
8.3169 -1.0651
8.3148 -1.0653
8.3127 -1.0655
8.3105 -1.0657
8.3084 -1.0659
8.3063 -1.0662
8.3042 -1.0664
8.3021 -1.0666
8.3000 -1.0668
8.2979 -1.0671
8.2958 -1.0673
8.2937 -1.0675
8.2916 -1.0677
8.2895 -1.0680
8.2874 -1.0682
8.2853 -1.0684
8.2832 -1.0686
8.2811 -1.0688
8.2790 -1.0691
8.2769 -1.0693
8.2747 -1.0695
8.2726 -1.0697
8.2705 -1.0700
8.2684 -1.0702
8.2663 -1.0704
8.2643 -1.0706
8.2622 -1.0709
8.2601 -1.0711
8.2580 -1.0713
8.2559 -1.0715
8.2538 -1.0718
8.2517 -1.0720
8.2496 -1.0722
8.2475 -1.0724
8.2454 -1.0727
8.2433 -1.0729
8.2413 -1.0731
8.2392 -1.0733
8.2371 -1.0736
8.2350 -1.0738
8.2329 -1.0740
8.2308 -1.0742
8.2287 -1.0745
8.2266 -1.0747
8.2245 -1.0749
8.2224 -1.0751
8.2204 -1.0754
8.2183 -1.0756
8.2162 -1.0758
8.2141 -1.0760
8.2121 -1.0763
8.2100 -1.0765
8.2079 -1.0767
8.2058 -1.0770
8.2038 -1.0772
8.2017 -1.0774
8.1996 -1.0776
8.1975 -1.0779
8.1955 -1.0781
8.1934 -1.0783
8.1913 -1.0785
8.1892 -1.0788
8.1872 -1.0790
8.1851 -1.0792
8.1830 -1.0794
8.1809 -1.0797
8.1789 -1.0799
8.1768 -1.0801
8.1747 -1.0804
8.1726 -1.0806
8.1706 -1.0808
8.1685 -1.0810
8.1664 -1.0813
8.1644 -1.0815
8.1623 -1.0817
8.1603 -1.0819
8.1582 -1.0822
8.1561 -1.0824
8.1541 -1.0826
8.1520 -1.0829
8.1500 -1.0831
8.1479 -1.0833
8.1458 -1.0835
8.1438 -1.0838
8.1417 -1.0840
8.1397 -1.0842
8.1376 -1.0844
8.1355 -1.0847
8.1335 -1.0849
8.1314 -1.0851
8.1294 -1.0854
8.1273 -1.0856
8.1252 -1.0858
8.1232 -1.0860
8.1211 -1.0863
8.1191 -1.0865
8.1170 -1.0867
8.1150 -1.0869
8.1129 -1.0872
8.1109 -1.0874
8.1088 -1.0876
8.1068 -1.0879
8.1047 -1.0881
8.1027 -1.0883
8.1006 -1.0885
8.0986 -1.0888
8.0966 -1.0890
8.0945 -1.0892
8.0925 -1.0895
8.0904 -1.0897
8.0884 -1.0899
8.0863 -1.0901
8.0843 -1.0904
8.0822 -1.0906
8.0802 -1.0908
8.0782 -1.0911
8.0761 -1.0913
8.0741 -1.0915
8.0720 -1.0917
8.0700 -1.0920
8.0679 -1.0922
8.0659 -1.0924
8.0638 -1.0927
8.0618 -1.0929
8.0598 -1.0931
8.0577 -1.0933
8.0557 -1.0936
8.0536 -1.0938
8.0516 -1.0940
8.0496 -1.0943
8.0476 -1.0945
8.0455 -1.0947
8.0435 -1.0949
8.0415 -1.0952
8.0394 -1.0954
8.0374 -1.0956
8.0354 -1.0959
8.0334 -1.0961
8.0313 -1.0963
8.0293 -1.0965
8.0273 -1.0968
8.0252 -1.0970
8.0232 -1.0972
8.0212 -1.0975
8.0191 -1.0977
8.0171 -1.0979
8.0151 -1.0981
8.0131 -1.0984
8.0110 -1.0986
8.0090 -1.0988
8.0070 -1.0990
8.0049 -1.0993
8.0029 -1.0995
8.0009 -1.0997
7.9989 -1.0999
7.9968 -1.1002
7.9948 -1.1004
7.9928 -1.1006
7.9908 -1.1009
7.9888 -1.1011
7.9867 -1.1013
7.9847 -1.1015
7.9827 -1.1018
7.9807 -1.1020
7.9786 -1.1022
7.9766 -1.1024
7.9746 -1.1027
7.9726 -1.1029
7.9706 -1.1031
7.9686 -1.1034
7.9666 -1.1036
7.9645 -1.1038
7.9625 -1.1040
7.9605 -1.1043
7.9585 -1.1045
7.9565 -1.1047
7.9545 -1.1049
7.9525 -1.1052
7.9504 -1.1054
7.9484 -1.1056
7.9464 -1.1058
7.9444 -1.1061
7.9424 -1.1063
7.9404 -1.1065
7.9384 -1.1068
7.9363 -1.1070
7.9343 -1.1072
7.9323 -1.1074
7.9303 -1.1077
7.9283 -1.1079
7.9263 -1.1081
7.9243 -1.1083
7.9223 -1.1086
7.9203 -1.1088
7.9183 -1.1090
7.9163 -1.1092
7.9143 -1.1095
7.9123 -1.1097
7.9103 -1.1099
7.9083 -1.1101
7.9062 -1.1104
7.9042 -1.1106
7.9022 -1.1108
7.9002 -1.1110
7.8982 -1.1113
7.8962 -1.1115
7.8942 -1.1117
7.8922 -1.1119
7.8902 -1.1122
7.8882 -1.1124
7.8862 -1.1126
7.8842 -1.1128
7.8822 -1.1131
7.8802 -1.1133
7.8782 -1.1135
7.8762 -1.1137
7.8742 -1.1140
7.8722 -1.1142
7.8702 -1.1144
7.8682 -1.1146
7.8662 -1.1149
7.8642 -1.1151
7.8622 -1.1153
7.8602 -1.1155
7.8582 -1.1158
7.8562 -1.1160
7.8542 -1.1162
7.8523 -1.1164
7.8503 -1.1166
7.8483 -1.1169
7.8463 -1.1171
7.8443 -1.1173
7.8423 -1.1175
7.8403 -1.1178
7.8383 -1.1180
7.8363 -1.1182
7.8343 -1.1184
7.8323 -1.1187
7.8304 -1.1189
7.8284 -1.1191
7.8264 -1.1193
7.8244 -1.1195
7.8224 -1.1198
7.8204 -1.1200
7.8184 -1.1202
7.8164 -1.1204
7.8144 -1.1207
7.8124 -1.1209
7.8104 -1.1211
7.8084 -1.1213
7.8065 -1.1215
7.8045 -1.1218
7.8025 -1.1220
7.8005 -1.1222
7.7985 -1.1224
7.7965 -1.1226
7.7946 -1.1229
7.7926 -1.1231
7.7906 -1.1233
7.7886 -1.1235
7.7866 -1.1237
7.7846 -1.1240
7.7827 -1.1242
7.7807 -1.1244
7.7787 -1.1246
7.7767 -1.1248
7.7747 -1.1251
7.7727 -1.1253
7.7708 -1.1255
7.7688 -1.1257
7.7668 -1.1259
7.7648 -1.1262
7.7628 -1.1264
7.7608 -1.1266
7.7589 -1.1268
7.7569 -1.1270
7.7549 -1.1273
7.7529 -1.1275
7.7509 -1.1277
7.7489 -1.1279
7.7470 -1.1281
7.7450 -1.1283
7.7430 -1.1286
7.7410 -1.1288
7.7391 -1.1290
7.7371 -1.1292
7.7351 -1.1294
7.7331 -1.1297
7.7311 -1.1299
7.7292 -1.1301
7.7272 -1.1303
7.7252 -1.1305
7.7232 -1.1307
7.7213 -1.1310
7.7193 -1.1312
7.7173 -1.1314
7.7153 -1.1316
7.7134 -1.1318
7.7114 -1.1320
7.7094 -1.1323
7.7074 -1.1325
7.7055 -1.1327
7.7035 -1.1329
7.7015 -1.1331
7.6995 -1.1333
7.6976 -1.1335
7.6956 -1.1338
7.6936 -1.1340
7.6916 -1.1342
7.6897 -1.1344
7.6877 -1.1346
7.6857 -1.1348
7.6837 -1.1350
7.6817 -1.1353
7.6798 -1.1355
7.6778 -1.1357
7.6758 -1.1359
7.6739 -1.1361
7.6719 -1.1363
7.6699 -1.1365
7.6680 -1.1368
7.6660 -1.1370
7.6640 -1.1372
7.6620 -1.1374
7.6601 -1.1376
7.6581 -1.1378
7.6561 -1.1380
7.6542 -1.1382
7.6522 -1.1385
7.6502 -1.1387
7.6483 -1.1389
7.6463 -1.1391
7.6443 -1.1393
7.6424 -1.1395
7.6404 -1.1397
7.6384 -1.1399
7.6365 -1.1402
7.6345 -1.1404
7.6325 -1.1406
7.6306 -1.1408
7.6286 -1.1410
7.6266 -1.1412
7.6246 -1.1414
7.6227 -1.1416
7.6207 -1.1418
7.6187 -1.1420
7.6168 -1.1423
7.6148 -1.1425
7.6128 -1.1427
7.6109 -1.1429
7.6089 -1.1431
7.6069 -1.1433
7.6050 -1.1435
7.6030 -1.1437
7.6010 -1.1439
7.5991 -1.1441
7.5971 -1.1443
7.5951 -1.1445
7.5932 -1.1448
7.5912 -1.1450
7.5892 -1.1452
7.5872 -1.1454
7.5853 -1.1456
7.5833 -1.1458
7.5813 -1.1460
7.5794 -1.1462
7.5774 -1.1464
7.5755 -1.1466
7.5735 -1.1468
7.5715 -1.1470
7.5696 -1.1472
7.5676 -1.1474
7.5657 -1.1476
7.5637 -1.1478
7.5617 -1.1480
7.5598 -1.1483
7.5578 -1.1485
7.5559 -1.1487
7.5539 -1.1489
7.5519 -1.1491
7.5500 -1.1493
7.5480 -1.1495
7.5461 -1.1497
7.5441 -1.1499
7.5421 -1.1501
7.5402 -1.1503
7.5382 -1.1505
7.5362 -1.1507
7.5343 -1.1509
7.5323 -1.1511
7.5304 -1.1513
7.5284 -1.1515
7.5264 -1.1517
7.5245 -1.1519
7.5225 -1.1521
7.5206 -1.1523
7.5186 -1.1525
7.5166 -1.1527
7.5147 -1.1529
7.5127 -1.1531
7.5108 -1.1533
7.5088 -1.1535
7.5068 -1.1537
7.5049 -1.1539
7.5029 -1.1541
7.5010 -1.1543
7.4990 -1.1545
7.4970 -1.1547
7.4951 -1.1549
7.4931 -1.1551
7.4911 -1.1553
7.4892 -1.1555
7.4872 -1.1557
7.4853 -1.1559
7.4833 -1.1561
7.4813 -1.1563
7.4794 -1.1565
7.4774 -1.1567
7.4755 -1.1569
7.4735 -1.1571
7.4715 -1.1573
7.4696 -1.1575
7.4676 -1.1577
7.4657 -1.1579
7.4637 -1.1581
7.4617 -1.1583
7.4598 -1.1585
7.4578 -1.1587
7.4559 -1.1588
7.4539 -1.1590
7.4519 -1.1592
7.4500 -1.1594
7.4480 -1.1596
7.4461 -1.1598
7.4441 -1.1600
7.4421 -1.1602
7.4402 -1.1604
7.4382 -1.1606
7.4362 -1.1608
7.4343 -1.1610
7.4323 -1.1612
7.4304 -1.1614
7.4284 -1.1616
7.4264 -1.1617
7.4245 -1.1619
7.4225 -1.1621
7.4206 -1.1623
7.4186 -1.1625
7.4166 -1.1627
7.4147 -1.1629
7.4127 -1.1631
7.4108 -1.1633
7.4088 -1.1635
7.4068 -1.1637
7.4049 -1.1638
7.4029 -1.1640
7.4010 -1.1642
7.3990 -1.1644
7.3970 -1.1646
7.3951 -1.1648
7.3931 -1.1650
7.3912 -1.1652
7.3892 -1.1654
7.3872 -1.1655
7.3853 -1.1657
7.3833 -1.1659
7.3813 -1.1661
7.3794 -1.1663
7.3774 -1.1665
7.3755 -1.1667
7.3735 -1.1669
7.3715 -1.1670
7.3696 -1.1672
7.3676 -1.1674
7.3657 -1.1676
7.3637 -1.1678
7.3617 -1.1680
7.3598 -1.1681
7.3578 -1.1683
7.3559 -1.1685
7.3539 -1.1687
7.3519 -1.1689
7.3500 -1.1691
7.3480 -1.1693
7.3461 -1.1694
7.3441 -1.1696
7.3421 -1.1698
7.3402 -1.1700
7.3382 -1.1702
7.3363 -1.1703
7.3343 -1.1705
7.3323 -1.1707
7.3304 -1.1709
7.3284 -1.1711
7.3264 -1.1713
7.3245 -1.1714
7.3225 -1.1716
7.3206 -1.1718
7.3186 -1.1720
7.3166 -1.1722
7.3147 -1.1723
7.3127 -1.1725
7.3108 -1.1727
7.3088 -1.1729
7.3068 -1.1731
7.3049 -1.1732
7.3029 -1.1734
7.3010 -1.1736
7.2990 -1.1738
7.2970 -1.1739
7.2951 -1.1741
7.2931 -1.1743
7.2912 -1.1745
7.2892 -1.1746
7.2872 -1.1748
7.2853 -1.1750
7.2833 -1.1752
7.2813 -1.1753
7.2794 -1.1755
7.2774 -1.1757
7.2755 -1.1759
7.2735 -1.1760
7.2715 -1.1762
7.2696 -1.1764
7.2676 -1.1766
7.2657 -1.1767
7.2637 -1.1769
7.2617 -1.1771
7.2598 -1.1773
7.2578 -1.1774
7.2559 -1.1776
7.2539 -1.1778
7.2519 -1.1779
7.2500 -1.1781
7.2480 -1.1783
7.2461 -1.1785
7.2441 -1.1786
7.2421 -1.1788
7.2402 -1.1790
7.2382 -1.1791
7.2363 -1.1793
7.2343 -1.1795
7.2323 -1.1797
7.2304 -1.1798
7.2284 -1.1800
7.2264 -1.1802
7.2245 -1.1803
7.2225 -1.1805
7.2206 -1.1807
7.2186 -1.1808
7.2166 -1.1810
7.2147 -1.1812
7.2127 -1.1813
7.2108 -1.1815
7.2088 -1.1817
7.2068 -1.1818
7.2049 -1.1820
7.2029 -1.1822
7.2010 -1.1823
7.1990 -1.1825
7.1970 -1.1827
7.1951 -1.1828
7.1931 -1.1830
7.1912 -1.1831
7.1892 -1.1833
7.1872 -1.1835
7.1853 -1.1836
7.1833 -1.1838
7.1814 -1.1840
7.1794 -1.1841
7.1774 -1.1843
7.1755 -1.1844
7.1735 -1.1846
7.1715 -1.1848
7.1696 -1.1849
7.1676 -1.1851
7.1657 -1.1852
7.1637 -1.1854
7.1617 -1.1856
7.1598 -1.1857
7.1578 -1.1859
7.1559 -1.1860
7.1539 -1.1862
7.1519 -1.1864
7.1500 -1.1865
7.1480 -1.1867
7.1461 -1.1868
7.1441 -1.1870
7.1421 -1.1871
7.1402 -1.1873
7.1382 -1.1875
7.1363 -1.1876
7.1343 -1.1878
7.1323 -1.1879
7.1304 -1.1881
7.1284 -1.1882
7.1264 -1.1884
7.1245 -1.1885
7.1225 -1.1887
7.1205 -1.1889
7.1186 -1.1890
7.1166 -1.1892
7.1146 -1.1893
7.1127 -1.1895
7.1107 -1.1896
7.1087 -1.1898
7.1068 -1.1899
7.1048 -1.1901
7.1028 -1.1902
7.1009 -1.1904
7.0989 -1.1905
7.0969 -1.1907
7.0950 -1.1908
7.0930 -1.1910
7.0910 -1.1911
7.0891 -1.1913
7.0871 -1.1914
7.0851 -1.1916
7.0831 -1.1917
7.0812 -1.1919
7.0792 -1.1920
7.0772 -1.1922
7.0753 -1.1923
7.0733 -1.1925
7.0713 -1.1926
7.0694 -1.1928
7.0674 -1.1929
7.0654 -1.1930
7.0635 -1.1932
7.0615 -1.1933
7.0595 -1.1935
7.0576 -1.1936
7.0556 -1.1938
7.0536 -1.1939
7.0517 -1.1941
7.0497 -1.1942
7.0477 -1.1943
7.0457 -1.1945
7.0438 -1.1946
7.0418 -1.1948
7.0398 -1.1949
7.0379 -1.1951
7.0359 -1.1952
7.0339 -1.1953
7.0320 -1.1955
7.0300 -1.1956
7.0280 -1.1958
7.0261 -1.1959
7.0241 -1.1960
7.0221 -1.1962
7.0202 -1.1963
7.0182 -1.1965
7.0162 -1.1966
7.0143 -1.1967
7.0123 -1.1969
7.0103 -1.1970
7.0083 -1.1971
7.0064 -1.1973
7.0044 -1.1974
7.0024 -1.1975
7.0005 -1.1977
6.9985 -1.1978
6.9965 -1.1980
6.9946 -1.1981
6.9926 -1.1982
6.9906 -1.1984
6.9887 -1.1985
6.9867 -1.1986
6.9847 -1.1988
6.9827 -1.1989
6.9808 -1.1990
6.9788 -1.1992
6.9768 -1.1993
6.9748 -1.1994
6.9729 -1.1995
6.9709 -1.1997
6.9689 -1.1998
6.9669 -1.1999
6.9650 -1.2001
6.9630 -1.2002
6.9610 -1.2003
6.9590 -1.2005
6.9571 -1.2006
6.9551 -1.2007
6.9531 -1.2008
6.9511 -1.2010
6.9492 -1.2011
6.9472 -1.2012
6.9452 -1.2014
6.9432 -1.2015
6.9412 -1.2016
6.9393 -1.2017
6.9373 -1.2019
6.9353 -1.2020
6.9333 -1.2021
6.9314 -1.2022
6.9294 -1.2024
6.9274 -1.2025
6.9254 -1.2026
6.9235 -1.2027
6.9215 -1.2028
6.9195 -1.2030
6.9175 -1.2031
6.9156 -1.2032
6.9136 -1.2033
6.9116 -1.2035
6.9096 -1.2036
6.9077 -1.2037
6.9057 -1.2038
6.9037 -1.2039
6.9017 -1.2041
6.8997 -1.2042
6.8978 -1.2043
6.8958 -1.2044
6.8938 -1.2045
6.8918 -1.2046
6.8899 -1.2048
6.8879 -1.2049
6.8859 -1.2050
6.8839 -1.2051
6.8820 -1.2052
6.8800 -1.2053
6.8780 -1.2055
6.8760 -1.2056
6.8741 -1.2057
6.8721 -1.2058
6.8701 -1.2059
6.8681 -1.2060
6.8662 -1.2061
6.8642 -1.2063
6.8622 -1.2064
6.8602 -1.2065
6.8582 -1.2066
6.8562 -1.2067
6.8543 -1.2068
6.8523 -1.2069
6.8503 -1.2070
6.8483 -1.2071
6.8463 -1.2073
6.8443 -1.2074
6.8424 -1.2075
6.8404 -1.2076
6.8384 -1.2077
6.8364 -1.2078
6.8344 -1.2079
6.8324 -1.2080
6.8305 -1.2081
6.8285 -1.2082
6.8265 -1.2083
6.8245 -1.2084
6.8225 -1.2085
6.8205 -1.2087
6.8186 -1.2088
6.8166 -1.2089
6.8146 -1.2090
6.8126 -1.2091
6.8106 -1.2092
6.8086 -1.2093
6.8067 -1.2094
6.8047 -1.2095
6.8027 -1.2096
6.8007 -1.2097
6.7987 -1.2098
6.7967 -1.2099
6.7948 -1.2100
6.7928 -1.2101
6.7908 -1.2102
6.7888 -1.2103
6.7868 -1.2104
6.7848 -1.2105
6.7829 -1.2106
6.7809 -1.2107
6.7789 -1.2108
6.7769 -1.2109
6.7749 -1.2110
6.7729 -1.2111
6.7710 -1.2112
6.7690 -1.2113
6.7670 -1.2114
6.7650 -1.2115
6.7630 -1.2116
6.7610 -1.2116
6.7590 -1.2117
6.7571 -1.2118
6.7551 -1.2119
6.7531 -1.2120
6.7511 -1.2121
6.7491 -1.2122
6.7471 -1.2123
6.7452 -1.2124
6.7432 -1.2125
6.7412 -1.2126
6.7392 -1.2127
6.7372 -1.2128
6.7352 -1.2128
6.7332 -1.2129
6.7312 -1.2130
6.7292 -1.2131
6.7273 -1.2132
6.7253 -1.2133
6.7233 -1.2134
6.7213 -1.2135
6.7193 -1.2136
6.7173 -1.2136
6.7153 -1.2137
6.7133 -1.2138
6.7113 -1.2139
6.7093 -1.2140
6.7073 -1.2141
6.7054 -1.2141
6.7034 -1.2142
6.7014 -1.2143
6.6994 -1.2144
6.6974 -1.2145
6.6954 -1.2146
6.6934 -1.2146
6.6914 -1.2147
6.6894 -1.2148
6.6874 -1.2149
6.6854 -1.2150
6.6834 -1.2150
6.6815 -1.2151
6.6795 -1.2152
6.6775 -1.2153
6.6755 -1.2154
6.6735 -1.2154
6.6715 -1.2155
6.6695 -1.2156
6.6675 -1.2157
6.6655 -1.2158
6.6635 -1.2158
6.6615 -1.2159
6.6596 -1.2160
6.6576 -1.2161
6.6556 -1.2161
6.6536 -1.2162
6.6516 -1.2163
6.6496 -1.2164
6.6476 -1.2164
6.6456 -1.2165
6.6436 -1.2166
6.6416 -1.2166
6.6396 -1.2167
6.6376 -1.2168
6.6357 -1.2169
6.6337 -1.2169
6.6317 -1.2170
6.6297 -1.2171
6.6277 -1.2171
6.6257 -1.2172
6.6237 -1.2173
6.6217 -1.2173
6.6197 -1.2174
6.6177 -1.2175
6.6157 -1.2175
6.6138 -1.2176
6.6118 -1.2177
6.6098 -1.2177
6.6078 -1.2178
6.6058 -1.2179
6.6038 -1.2179
6.6018 -1.2180
6.5998 -1.2181
6.5978 -1.2181
6.5958 -1.2182
6.5938 -1.2183
6.5918 -1.2183
6.5898 -1.2184
6.5878 -1.2184
6.5858 -1.2185
6.5838 -1.2186
6.5818 -1.2186
6.5798 -1.2187
6.5778 -1.2188
6.5758 -1.2188
6.5738 -1.2189
6.5718 -1.2189
6.5698 -1.2190
6.5678 -1.2190
6.5658 -1.2191
6.5638 -1.2192
6.5618 -1.2192
6.5598 -1.2193
6.5578 -1.2193
6.5558 -1.2194
6.5538 -1.2194
6.5518 -1.2195
6.5499 -1.2195
6.5479 -1.2196
6.5459 -1.2197
6.5439 -1.2197
6.5419 -1.2198
6.5399 -1.2198
6.5379 -1.2199
6.5359 -1.2199
6.5339 -1.2200
6.5319 -1.2200
6.5299 -1.2201
6.5279 -1.2201
6.5259 -1.2202
6.5239 -1.2202
6.5219 -1.2203
6.5199 -1.2203
6.5179 -1.2204
6.5159 -1.2204
6.5139 -1.2205
6.5119 -1.2205
6.5099 -1.2206
6.5079 -1.2206
6.5059 -1.2206
6.5039 -1.2207
6.5019 -1.2207
6.4999 -1.2208
6.4979 -1.2208
6.4959 -1.2209
6.4939 -1.2209
6.4919 -1.2209
6.4899 -1.2210
6.4879 -1.2210
6.4859 -1.2211
6.4839 -1.2211
6.4819 -1.2212
6.4799 -1.2212
6.4779 -1.2212
6.4759 -1.2213
6.4739 -1.2213
6.4719 -1.2214
6.4699 -1.2214
6.4679 -1.2214
6.4659 -1.2215
6.4639 -1.2215
6.4619 -1.2215
6.4599 -1.2216
6.4579 -1.2216
6.4559 -1.2217
6.4539 -1.2217
6.4519 -1.2217
6.4499 -1.2218
6.4479 -1.2218
6.4459 -1.2218
6.4439 -1.2219
6.4419 -1.2219
6.4399 -1.2219
6.4379 -1.2220
6.4359 -1.2220
6.4339 -1.2220
6.4319 -1.2220
6.4299 -1.2221
6.4279 -1.2221
6.4259 -1.2221
6.4239 -1.2222
6.4219 -1.2222
6.4199 -1.2222
6.4179 -1.2222
6.4159 -1.2223
6.4139 -1.2223
6.4119 -1.2223
6.4099 -1.2224
6.4079 -1.2224
6.4059 -1.2224
6.4039 -1.2224
6.4019 -1.2225
6.3999 -1.2225
6.3979 -1.2225
6.3959 -1.2225
6.3939 -1.2226
6.3919 -1.2226
6.3899 -1.2226
6.3879 -1.2226
6.3859 -1.2226
6.3839 -1.2227
6.3819 -1.2227
6.3799 -1.2227
6.3779 -1.2227
6.3759 -1.2227
6.3739 -1.2228
6.3719 -1.2228
6.3699 -1.2228
6.3680 -1.2228
6.3660 -1.2228
6.3640 -1.2229
6.3620 -1.2229
6.3600 -1.2229
6.3580 -1.2229
6.3560 -1.2229
6.3540 -1.2229
6.3520 -1.2229
6.3500 -1.2230
6.3480 -1.2230
6.3460 -1.2230
6.3440 -1.2230
6.3420 -1.2230
6.3400 -1.2230
6.3380 -1.2230
6.3360 -1.2230
6.3340 -1.2231
6.3320 -1.2231
6.3299 -1.2231
6.3279 -1.2231
6.3259 -1.2231
6.3239 -1.2231
6.3219 -1.2231
6.3199 -1.2231
6.3179 -1.2231
6.3159 -1.2231
6.3139 -1.2231
6.3119 -1.2231
6.3099 -1.2232
6.3079 -1.2232
6.3059 -1.2232
6.3039 -1.2232
6.3019 -1.2232
6.2999 -1.2232
6.2978 -1.2232
6.2958 -1.2232
6.2938 -1.2232
6.2918 -1.2232
6.2898 -1.2232
6.2878 -1.2232
6.2858 -1.2232
6.2838 -1.2232
6.2818 -1.2232
6.2798 -1.2232
6.2778 -1.2232
6.2758 -1.2232
6.2738 -1.2232
6.2718 -1.2232
6.2698 -1.2232
6.2677 -1.2232
6.2657 -1.2232
6.2637 -1.2232
6.2617 -1.2232
6.2597 -1.2232
6.2577 -1.2232
6.2557 -1.2232
6.2537 -1.2232
6.2517 -1.2231
6.2497 -1.2231
6.2477 -1.2231
6.2457 -1.2231
6.2437 -1.2231
6.2417 -1.2231
6.2397 -1.2231
6.2376 -1.2231
6.2356 -1.2231
6.2336 -1.2231
6.2316 -1.2231
6.2296 -1.2231
6.2276 -1.2230
6.2256 -1.2230
6.2236 -1.2230
6.2216 -1.2230
6.2196 -1.2230
6.2176 -1.2230
6.2156 -1.2230
6.2136 -1.2230
6.2116 -1.2229
6.2096 -1.2229
6.2076 -1.2229
6.2056 -1.2229
6.2036 -1.2229
6.2016 -1.2229
6.1996 -1.2228
6.1976 -1.2228
6.1956 -1.2228
6.1936 -1.2228
6.1916 -1.2228
6.1896 -1.2228
6.1876 -1.2227
6.1856 -1.2227
6.1836 -1.2227
6.1816 -1.2227
6.1796 -1.2227
6.1777 -1.2226
6.1757 -1.2226
6.1737 -1.2226
6.1717 -1.2226
6.1697 -1.2225
6.1677 -1.2225
6.1657 -1.2225
6.1637 -1.2225
6.1617 -1.2224
6.1597 -1.2224
6.1577 -1.2224
6.1557 -1.2224
6.1537 -1.2223
6.1517 -1.2223
6.1497 -1.2223
6.1477 -1.2223
6.1457 -1.2222
6.1437 -1.2222
6.1417 -1.2222
6.1397 -1.2222
6.1377 -1.2221
6.1357 -1.2221
6.1337 -1.2221
6.1317 -1.2220
6.1297 -1.2220
6.1277 -1.2220
6.1257 -1.2219
6.1237 -1.2219
6.1217 -1.2219
6.1197 -1.2218
6.1177 -1.2218
6.1157 -1.2218
6.1137 -1.2217
6.1117 -1.2217
6.1097 -1.2217
6.1077 -1.2216
6.1057 -1.2216
6.1037 -1.2216
6.1017 -1.2215
6.0997 -1.2215
6.0977 -1.2215
6.0957 -1.2214
6.0937 -1.2214
6.0917 -1.2213
6.0897 -1.2213
6.0877 -1.2213
6.0857 -1.2212
6.0837 -1.2212
6.0817 -1.2211
6.0797 -1.2211
6.0777 -1.2211
6.0757 -1.2210
6.0737 -1.2210
6.0717 -1.2209
6.0697 -1.2209
6.0677 -1.2208
6.0657 -1.2208
6.0637 -1.2208
6.0617 -1.2207
6.0597 -1.2207
6.0577 -1.2206
6.0557 -1.2206
6.0537 -1.2205
6.0517 -1.2205
6.0497 -1.2204
6.0477 -1.2204
6.0457 -1.2203
6.0437 -1.2203
6.0417 -1.2202
6.0397 -1.2202
6.0377 -1.2201
6.0357 -1.2201
6.0337 -1.2200
6.0317 -1.2200
6.0297 -1.2199
6.0277 -1.2199
6.0257 -1.2198
6.0237 -1.2198
6.0217 -1.2197
6.0197 -1.2197
6.0177 -1.2196
6.0157 -1.2196
6.0137 -1.2195
6.0117 -1.2195
6.0097 -1.2194
6.0077 -1.2194
6.0057 -1.2193
6.0037 -1.2192
6.0017 -1.2192
5.9997 -1.2191
5.9977 -1.2191
5.9958 -1.2190
5.9938 -1.2190
5.9918 -1.2189
5.9898 -1.2188
5.9878 -1.2188
5.9858 -1.2187
5.9838 -1.2187
5.9818 -1.2186
5.9798 -1.2185
5.9778 -1.2185
5.9758 -1.2184
5.9738 -1.2184
5.9718 -1.2183
5.9698 -1.2182
5.9678 -1.2182
5.9658 -1.2181
5.9638 -1.2180
5.9618 -1.2180
5.9598 -1.2179
5.9578 -1.2179
5.9558 -1.2178
5.9538 -1.2177
5.9518 -1.2177
5.9498 -1.2176
5.9479 -1.2175
5.9459 -1.2175
5.9439 -1.2174
5.9419 -1.2173
5.9399 -1.2172
5.9379 -1.2172
5.9359 -1.2171
5.9339 -1.2170
5.9319 -1.2170
5.9299 -1.2169
5.9279 -1.2168
5.9259 -1.2168
5.9240 -1.2167
5.9220 -1.2166
5.9200 -1.2165
5.9180 -1.2165
5.9160 -1.2164
5.9140 -1.2163
5.9120 -1.2162
5.9100 -1.2162
5.9080 -1.2161
5.9060 -1.2160
5.9040 -1.2159
5.9021 -1.2159
5.9001 -1.2158
5.8981 -1.2157
5.8961 -1.2156
5.8941 -1.2156
5.8921 -1.2155
5.8901 -1.2154
5.8881 -1.2153
5.8861 -1.2153
5.8841 -1.2152
5.8821 -1.2151
5.8801 -1.2150
5.8782 -1.2149
5.8762 -1.2149
5.8742 -1.2148
5.8722 -1.2147
5.8702 -1.2146
5.8682 -1.2145
5.8662 -1.2144
5.8642 -1.2144
5.8622 -1.2143
5.8602 -1.2142
5.8582 -1.2141
5.8563 -1.2140
5.8543 -1.2139
5.8523 -1.2139
5.8503 -1.2138
5.8483 -1.2137
5.8463 -1.2136
5.8443 -1.2135
5.8423 -1.2134
5.8403 -1.2133
5.8383 -1.2132
5.8363 -1.2132
5.8344 -1.2131
5.8324 -1.2130
5.8304 -1.2129
5.8284 -1.2128
5.8264 -1.2127
5.8244 -1.2126
5.8224 -1.2125
5.8204 -1.2124
5.8185 -1.2123
5.8165 -1.2123
5.8145 -1.2122
5.8125 -1.2121
5.8105 -1.2120
5.8085 -1.2119
5.8065 -1.2118
5.8046 -1.2117
5.8026 -1.2116
5.8006 -1.2115
5.7986 -1.2114
5.7966 -1.2113
5.7946 -1.2112
5.7927 -1.2111
5.7907 -1.2110
5.7887 -1.2109
5.7867 -1.2108
5.7847 -1.2107
5.7827 -1.2106
5.7808 -1.2105
5.7788 -1.2104
5.7768 -1.2103
5.7748 -1.2102
5.7728 -1.2101
5.7708 -1.2100
5.7689 -1.2099
5.7669 -1.2098
5.7649 -1.2097
5.7629 -1.2096
5.7609 -1.2095
5.7589 -1.2094
5.7570 -1.2093
5.7550 -1.2092
5.7530 -1.2091
5.7510 -1.2090
5.7490 -1.2089
5.7470 -1.2088
5.7451 -1.2087
5.7431 -1.2086
5.7411 -1.2085
5.7391 -1.2084
5.7371 -1.2083
5.7351 -1.2082
5.7332 -1.2081
5.7312 -1.2080
5.7292 -1.2079
5.7272 -1.2078
5.7252 -1.2076
5.7232 -1.2075
5.7213 -1.2074
5.7193 -1.2073
5.7173 -1.2072
5.7153 -1.2071
5.7133 -1.2070
5.7113 -1.2069
5.7094 -1.2068
5.7074 -1.2067
5.7054 -1.2065
5.7034 -1.2064
5.7014 -1.2063
5.6994 -1.2062
5.6975 -1.2061
5.6955 -1.2060
5.6935 -1.2059
5.6915 -1.2058
5.6896 -1.2056
5.6876 -1.2055
5.6856 -1.2054
5.6836 -1.2053
5.6817 -1.2052
5.6797 -1.2051
5.6777 -1.2049
5.6757 -1.2048
5.6738 -1.2047
5.6718 -1.2046
5.6698 -1.2045
5.6678 -1.2044
5.6659 -1.2042
5.6639 -1.2041
5.6619 -1.2040
5.6599 -1.2039
5.6580 -1.2038
5.6560 -1.2036
5.6540 -1.2035
5.6520 -1.2034
5.6500 -1.2033
5.6481 -1.2032
5.6461 -1.2030
5.6441 -1.2029
5.6421 -1.2028
5.6402 -1.2027
5.6382 -1.2025
5.6362 -1.2024
5.6342 -1.2023
5.6323 -1.2022
5.6303 -1.2020
5.6283 -1.2019
5.6263 -1.2018
5.6244 -1.2017
5.6224 -1.2015
5.6204 -1.2014
5.6184 -1.2013
5.6165 -1.2012
5.6145 -1.2010
5.6125 -1.2009
5.6105 -1.2008
5.6086 -1.2007
5.6066 -1.2005
5.6046 -1.2004
5.6026 -1.2003
5.6006 -1.2001
5.5987 -1.2000
5.5967 -1.1999
5.5947 -1.1998
5.5927 -1.1996
5.5908 -1.1995
5.5888 -1.1994
5.5868 -1.1992
5.5848 -1.1991
5.5829 -1.1990
5.5809 -1.1988
5.5789 -1.1987
5.5770 -1.1986
5.5750 -1.1984
5.5730 -1.1983
5.5710 -1.1982
5.5691 -1.1980
5.5671 -1.1979
5.5651 -1.1978
5.5632 -1.1976
5.5612 -1.1975
5.5592 -1.1974
5.5573 -1.1972
5.5553 -1.1971
5.5533 -1.1969
5.5514 -1.1968
5.5494 -1.1967
5.5474 -1.1965
5.5455 -1.1964
5.5435 -1.1963
5.5415 -1.1961
5.5396 -1.1960
5.5376 -1.1958
5.5356 -1.1957
5.5336 -1.1956
5.5317 -1.1954
5.5297 -1.1953
5.5277 -1.1951
5.5258 -1.1950
5.5238 -1.1949
5.5218 -1.1947
5.5199 -1.1946
5.5179 -1.1944
5.5159 -1.1943
5.5140 -1.1941
5.5120 -1.1940
5.5100 -1.1939
5.5081 -1.1937
5.5061 -1.1936
5.5041 -1.1934
5.5022 -1.1933
5.5002 -1.1931
5.4982 -1.1930
5.4962 -1.1928
5.4943 -1.1927
5.4923 -1.1926
5.4903 -1.1924
5.4884 -1.1923
5.4864 -1.1921
5.4844 -1.1920
5.4825 -1.1918
5.4805 -1.1917
5.4785 -1.1915
5.4766 -1.1914
5.4746 -1.1912
5.4726 -1.1911
5.4707 -1.1909
5.4687 -1.1908
5.4667 -1.1906
5.4648 -1.1905
5.4628 -1.1903
5.4608 -1.1902
5.4588 -1.1900
5.4569 -1.1899
5.4549 -1.1897
5.4529 -1.1896
5.4510 -1.1894
5.4490 -1.1893
5.4470 -1.1891
5.4451 -1.1890
5.4431 -1.1888
5.4411 -1.1886
5.4392 -1.1885
5.4372 -1.1883
5.4353 -1.1882
5.4333 -1.1880
5.4313 -1.1879
5.4294 -1.1877
5.4274 -1.1876
5.4255 -1.1874
5.4235 -1.1872
5.4215 -1.1871
5.4196 -1.1869
5.4176 -1.1868
5.4156 -1.1866
5.4137 -1.1865
5.4117 -1.1863
5.4098 -1.1861
5.4078 -1.1860
5.4058 -1.1858
5.4039 -1.1857
5.4019 -1.1855
5.4000 -1.1853
5.3980 -1.1852
5.3960 -1.1850
5.3941 -1.1849
5.3921 -1.1847
5.3902 -1.1845
5.3882 -1.1844
5.3862 -1.1842
5.3843 -1.1841
5.3823 -1.1839
5.3804 -1.1837
5.3784 -1.1836
5.3764 -1.1834
5.3745 -1.1832
5.3725 -1.1831
5.3706 -1.1829
5.3686 -1.1828
5.3666 -1.1826
5.3647 -1.1824
5.3627 -1.1823
5.3607 -1.1821
5.3588 -1.1819
5.3568 -1.1818
5.3549 -1.1816
5.3529 -1.1814
5.3509 -1.1813
5.3490 -1.1811
5.3470 -1.1809
5.3451 -1.1808
5.3431 -1.1806
5.3411 -1.1804
5.3392 -1.1803
5.3372 -1.1801
5.3353 -1.1799
5.3333 -1.1798
5.3313 -1.1796
5.3294 -1.1794
5.3274 -1.1793
5.3255 -1.1791
5.3235 -1.1789
5.3215 -1.1787
5.3196 -1.1786
5.3176 -1.1784
5.3157 -1.1782
5.3137 -1.1781
5.3117 -1.1779
5.3098 -1.1777
5.3078 -1.1775
5.3058 -1.1774
5.3039 -1.1772
5.3019 -1.1770
5.3000 -1.1769
5.2980 -1.1767
5.2960 -1.1765
5.2941 -1.1763
5.2921 -1.1762
5.2902 -1.1760
5.2882 -1.1758
5.2862 -1.1756
5.2843 -1.1755
5.2823 -1.1753
5.2804 -1.1751
5.2784 -1.1749
5.2764 -1.1748
5.2745 -1.1746
5.2725 -1.1744
5.2706 -1.1742
5.2686 -1.1741
5.2666 -1.1739
5.2647 -1.1737
5.2627 -1.1735
5.2607 -1.1733
5.2588 -1.1732
5.2568 -1.1730
5.2549 -1.1728
5.2529 -1.1726
5.2509 -1.1725
5.2490 -1.1723
5.2470 -1.1721
5.2451 -1.1719
5.2431 -1.1717
5.2411 -1.1716
5.2392 -1.1714
5.2372 -1.1712
5.2353 -1.1710
5.2333 -1.1708
5.2313 -1.1707
5.2294 -1.1705
5.2274 -1.1703
5.2255 -1.1701
5.2235 -1.1699
5.2215 -1.1697
5.2196 -1.1696
5.2176 -1.1694
5.2157 -1.1692
5.2137 -1.1690
5.2117 -1.1688
5.2098 -1.1686
5.2078 -1.1685
5.2058 -1.1683
5.2039 -1.1681
5.2019 -1.1679
5.2000 -1.1677
5.1980 -1.1675
5.1960 -1.1673
5.1941 -1.1672
5.1921 -1.1670
5.1902 -1.1668
5.1882 -1.1666
5.1862 -1.1664
5.1843 -1.1662
5.1823 -1.1660
5.1804 -1.1659
5.1784 -1.1657
5.1764 -1.1655
5.1745 -1.1653
5.1725 -1.1651
5.1706 -1.1649
5.1686 -1.1647
5.1666 -1.1645
5.1647 -1.1644
5.1627 -1.1642
5.1608 -1.1640
5.1588 -1.1638
5.1568 -1.1636
5.1549 -1.1634
5.1529 -1.1632
5.1509 -1.1630
5.1490 -1.1628
5.1470 -1.1626
5.1451 -1.1625
5.1431 -1.1623
5.1411 -1.1621
5.1392 -1.1619
5.1372 -1.1617
5.1353 -1.1615
5.1333 -1.1613
5.1313 -1.1611
5.1294 -1.1609
5.1274 -1.1607
5.1255 -1.1605
5.1235 -1.1603
5.1215 -1.1601
5.1196 -1.1600
5.1176 -1.1598
5.1157 -1.1596
5.1137 -1.1594
5.1117 -1.1592
5.1098 -1.1590
5.1078 -1.1588
5.1059 -1.1586
5.1039 -1.1584
5.1019 -1.1582
5.1000 -1.1580
5.0980 -1.1578
5.0960 -1.1576
5.0941 -1.1574
5.0921 -1.1572
5.0902 -1.1570
5.0882 -1.1568
5.0862 -1.1566
5.0843 -1.1564
5.0823 -1.1562
5.0804 -1.1560
5.0784 -1.1558
5.0764 -1.1556
5.0745 -1.1554
5.0725 -1.1552
5.0706 -1.1550
5.0686 -1.1548
5.0666 -1.1546
5.0647 -1.1545
5.0627 -1.1543
5.0608 -1.1541
5.0588 -1.1539
5.0568 -1.1537
5.0549 -1.1535
5.0529 -1.1533
5.0509 -1.1531
5.0490 -1.1529
5.0470 -1.1527
5.0451 -1.1525
5.0431 -1.1523
5.0411 -1.1521
5.0392 -1.1518
5.0372 -1.1516
5.0353 -1.1514
5.0333 -1.1512
5.0313 -1.1510
5.0294 -1.1508
5.0274 -1.1506
5.0255 -1.1504
5.0235 -1.1502
5.0215 -1.1500
5.0196 -1.1498
5.0176 -1.1496
5.0157 -1.1494
5.0137 -1.1492
5.0117 -1.1490
5.0098 -1.1488
5.0078 -1.1486
5.0059 -1.1484
5.0039 -1.1482
5.0019 -1.1480
5.0000 -1.1478
4.9980 -1.1476
4.9960 -1.1474
4.9941 -1.1472
4.9921 -1.1470
4.9902 -1.1468
4.9882 -1.1465
4.9862 -1.1463
4.9843 -1.1461
4.9823 -1.1459
4.9804 -1.1457
4.9784 -1.1455
4.9764 -1.1453
4.9745 -1.1451
4.9725 -1.1449
4.9705 -1.1447
4.9686 -1.1445
4.9666 -1.1443
4.9646 -1.1441
4.9627 -1.1439
4.9607 -1.1437
4.9587 -1.1434
4.9568 -1.1432
4.9548 -1.1430
4.9528 -1.1428
4.9509 -1.1426
4.9489 -1.1424
4.9469 -1.1422
4.9449 -1.1420
4.9430 -1.1418
4.9410 -1.1416
4.9390 -1.1413
4.9371 -1.1411
4.9351 -1.1409
4.9331 -1.1407
4.9312 -1.1405
4.9292 -1.1403
4.9272 -1.1401
4.9253 -1.1399
4.9233 -1.1397
4.9213 -1.1395
4.9194 -1.1392
4.9174 -1.1390
4.9154 -1.1388
4.9135 -1.1386
4.9115 -1.1384
4.9095 -1.1382
4.9075 -1.1380
4.9056 -1.1378
4.9036 -1.1376
4.9016 -1.1373
4.8997 -1.1371
4.8977 -1.1369
4.8957 -1.1367
4.8938 -1.1365
4.8918 -1.1363
4.8898 -1.1361
4.8879 -1.1358
4.8859 -1.1356
4.8839 -1.1354
4.8820 -1.1352
4.8800 -1.1350
4.8780 -1.1348
4.8760 -1.1346
4.8741 -1.1343
4.8721 -1.1341
4.8701 -1.1339
4.8681 -1.1337
4.8661 -1.1335
4.8642 -1.1333
4.8622 -1.1331
4.8602 -1.1328
4.8582 -1.1326
4.8563 -1.1324
4.8543 -1.1322
4.8523 -1.1320
4.8503 -1.1318
4.8484 -1.1315
4.8464 -1.1313
4.8444 -1.1311
4.8424 -1.1309
4.8405 -1.1307
4.8385 -1.1305
4.8365 -1.1302
4.8345 -1.1300
4.8326 -1.1298
4.8306 -1.1296
4.8286 -1.1294
4.8266 -1.1292
4.8247 -1.1289
4.8227 -1.1287
4.8207 -1.1285
4.8187 -1.1283
4.8167 -1.1281
4.8148 -1.1279
4.8128 -1.1276
4.8108 -1.1274
4.8088 -1.1272
4.8068 -1.1270
4.8049 -1.1268
4.8029 -1.1265
4.8009 -1.1263
4.7989 -1.1261
4.7969 -1.1259
4.7949 -1.1257
4.7930 -1.1254
4.7910 -1.1252
4.7890 -1.1250
4.7870 -1.1248
4.7850 -1.1246
4.7830 -1.1243
4.7811 -1.1241
4.7791 -1.1239
4.7771 -1.1237
4.7751 -1.1235
4.7731 -1.1232
4.7711 -1.1230
4.7692 -1.1228
4.7672 -1.1226
4.7652 -1.1224
4.7632 -1.1221
4.7612 -1.1219
4.7592 -1.1217
4.7573 -1.1215
4.7553 -1.1213
4.7533 -1.1210
4.7513 -1.1208
4.7493 -1.1206
4.7473 -1.1204
4.7453 -1.1201
4.7433 -1.1199
4.7413 -1.1197
4.7393 -1.1195
4.7373 -1.1193
4.7354 -1.1190
4.7334 -1.1188
4.7314 -1.1186
4.7294 -1.1184
4.7274 -1.1181
4.7254 -1.1179
4.7234 -1.1177
4.7214 -1.1175
4.7194 -1.1173
4.7174 -1.1170
4.7154 -1.1168
4.7134 -1.1166
4.7115 -1.1164
4.7095 -1.1161
4.7075 -1.1159
4.7055 -1.1157
4.7035 -1.1155
4.7015 -1.1152
4.6995 -1.1150
4.6975 -1.1148
4.6955 -1.1146
4.6935 -1.1144
4.6915 -1.1141
4.6895 -1.1139
4.6875 -1.1137
4.6855 -1.1135
4.6835 -1.1132
4.6815 -1.1130
4.6795 -1.1128
4.6775 -1.1126
4.6755 -1.1123
4.6735 -1.1121
4.6715 -1.1119
4.6695 -1.1117
4.6675 -1.1114
4.6655 -1.1112
4.6635 -1.1110
4.6615 -1.1108
4.6595 -1.1105
4.6575 -1.1103
4.6555 -1.1101
4.6535 -1.1099
4.6515 -1.1096
4.6495 -1.1094
4.6474 -1.1092
4.6454 -1.1090
4.6434 -1.1087
4.6414 -1.1085
4.6394 -1.1083
4.6374 -1.1081
4.6354 -1.1078
4.6334 -1.1076
4.6314 -1.1074
4.6294 -1.1072
4.6274 -1.1069
4.6254 -1.1067
4.6234 -1.1065
4.6214 -1.1062
4.6193 -1.1060
4.6173 -1.1058
4.6153 -1.1056
4.6133 -1.1053
4.6113 -1.1051
4.6093 -1.1049
4.6073 -1.1047
4.6052 -1.1044
4.6032 -1.1042
4.6012 -1.1040
4.5992 -1.1038
4.5972 -1.1035
4.5952 -1.1033
4.5932 -1.1031
4.5911 -1.1028
4.5891 -1.1026
4.5871 -1.1024
4.5851 -1.1022
4.5831 -1.1019
4.5810 -1.1017
4.5790 -1.1015
4.5770 -1.1013
4.5750 -1.1010
4.5730 -1.1008
4.5709 -1.1006
4.5689 -1.1003
4.5669 -1.1001
4.5649 -1.0999
4.5629 -1.0997
4.5608 -1.0994
4.5588 -1.0992
4.5568 -1.0990
4.5548 -1.0988
4.5527 -1.0985
4.5507 -1.0983
4.5487 -1.0981
4.5467 -1.0978
4.5446 -1.0976
4.5426 -1.0974
4.5406 -1.0972
4.5385 -1.0969
4.5365 -1.0967
4.5345 -1.0965
4.5324 -1.0963
4.5304 -1.0960
4.5284 -1.0958
4.5264 -1.0956
4.5243 -1.0954
4.5223 -1.0951
4.5203 -1.0949
4.5182 -1.0947
4.5162 -1.0944
4.5142 -1.0942
4.5121 -1.0940
4.5101 -1.0938
4.5080 -1.0935
4.5060 -1.0933
4.5040 -1.0931
4.5019 -1.0929
4.4999 -1.0926
4.4979 -1.0924
4.4958 -1.0922
4.4938 -1.0919
4.4918 -1.0917
4.4897 -1.0915
4.4877 -1.0912
4.4856 -1.0910
4.4836 -1.0908
4.4815 -1.0906
4.4795 -1.0903
4.4774 -1.0901
4.4754 -1.0899
4.4734 -1.0896
4.4713 -1.0894
4.4693 -1.0892
4.4672 -1.0890
4.4652 -1.0887
4.4631 -1.0885
4.4611 -1.0883
4.4590 -1.0881
4.4570 -1.0878
4.4549 -1.0876
4.4529 -1.0874
4.4508 -1.0871
4.4488 -1.0869
4.4467 -1.0867
4.4447 -1.0865
4.4426 -1.0862
4.4406 -1.0860
4.4385 -1.0858
4.4365 -1.0856
4.4344 -1.0853
4.4324 -1.0851
4.4303 -1.0849
4.4282 -1.0846
4.4262 -1.0844
4.4241 -1.0842
4.4221 -1.0840
4.4200 -1.0837
4.4179 -1.0835
4.4159 -1.0833
4.4138 -1.0831
4.4118 -1.0828
4.4097 -1.0826
4.4076 -1.0824
4.4056 -1.0822
4.4035 -1.0819
4.4015 -1.0817
4.3994 -1.0815
4.3973 -1.0812
4.3952 -1.0810
4.3932 -1.0808
4.3911 -1.0806
4.3890 -1.0803
4.3870 -1.0801
4.3849 -1.0799
4.3828 -1.0797
4.3808 -1.0794
4.3787 -1.0792
4.3766 -1.0790
4.3746 -1.0787
4.3725 -1.0785
4.3704 -1.0783
4.3683 -1.0781
4.3663 -1.0778
4.3642 -1.0776
4.3621 -1.0774
4.3600 -1.0772
4.3580 -1.0769
4.3559 -1.0767
4.3538 -1.0765
4.3517 -1.0763
4.3496 -1.0760
4.3476 -1.0758
4.3455 -1.0756
4.3434 -1.0753
4.3413 -1.0751
4.3392 -1.0749
4.3371 -1.0747
4.3351 -1.0744
4.3330 -1.0742
4.3309 -1.0740
4.3288 -1.0738
4.3267 -1.0735
4.3246 -1.0733
4.3225 -1.0731
4.3204 -1.0729
4.3184 -1.0726
4.3163 -1.0724
4.3142 -1.0722
4.3121 -1.0720
4.3100 -1.0717
4.3079 -1.0715
4.3058 -1.0713
4.3037 -1.0711
4.3016 -1.0708
4.2995 -1.0706
4.2974 -1.0704
4.2953 -1.0702
4.2932 -1.0699
4.2911 -1.0697
4.2890 -1.0695
4.2869 -1.0693
4.2848 -1.0691
4.2827 -1.0688
4.2806 -1.0686
4.2785 -1.0684
4.2764 -1.0682
4.2743 -1.0679
4.2722 -1.0677
4.2701 -1.0675
4.2680 -1.0673
4.2659 -1.0670
4.2638 -1.0668
4.2617 -1.0666
4.2596 -1.0664
4.2575 -1.0662
4.2553 -1.0659
4.2532 -1.0657
4.2511 -1.0655
4.2490 -1.0653
4.2469 -1.0650
4.2448 -1.0648
4.2427 -1.0646
4.2406 -1.0644
4.2384 -1.0642
4.2363 -1.0639
4.2342 -1.0637
4.2321 -1.0635
4.2300 -1.0633
4.2278 -1.0631
4.2257 -1.0628
4.2236 -1.0626
4.2215 -1.0624
4.2194 -1.0622
4.2172 -1.0620
4.2151 -1.0617
4.2130 -1.0615
4.2109 -1.0613
4.2087 -1.0611
4.2066 -1.0609
4.2045 -1.0606
4.2023 -1.0604
4.2002 -1.0602
4.1981 -1.0600
4.1960 -1.0598
4.1938 -1.0595
4.1917 -1.0593
4.1896 -1.0591
4.1874 -1.0589
4.1853 -1.0587
4.1831 -1.0584
4.1810 -1.0582
4.1789 -1.0580
4.1767 -1.0578
4.1746 -1.0576
4.1725 -1.0574
4.1703 -1.0571
4.1682 -1.0569
4.1660 -1.0567
4.1639 -1.0565
4.1617 -1.0563
4.1596 -1.0561
4.1574 -1.0558
4.1553 -1.0556
4.1532 -1.0554
4.1510 -1.0552
4.1489 -1.0550
4.1467 -1.0548
4.1446 -1.0546
4.1424 -1.0543
4.1403 -1.0541
4.1381 -1.0539
4.1359 -1.0537
4.1338 -1.0535
4.1316 -1.0533
4.1295 -1.0530
4.1273 -1.0528
4.1252 -1.0526
4.1230 -1.0524
4.1208 -1.0522
4.1187 -1.0520
4.1165 -1.0518
4.1144 -1.0516
4.1122 -1.0513
4.1100 -1.0511
4.1079 -1.0509
4.1057 -1.0507
4.1035 -1.0505
4.1014 -1.0503
4.0992 -1.0501
4.0970 -1.0499
4.0949 -1.0496
4.0927 -1.0494
4.0905 -1.0492
4.0884 -1.0490
4.0862 -1.0488
4.0840 -1.0486
4.0818 -1.0484
4.0797 -1.0482
4.0775 -1.0480
4.0753 -1.0478
4.0731 -1.0476
4.0710 -1.0473
4.0688 -1.0471
4.0666 -1.0469
4.0644 -1.0467
4.0622 -1.0465
4.0600 -1.0463
4.0579 -1.0461
4.0557 -1.0459
4.0535 -1.0457
4.0513 -1.0455
4.0491 -1.0453
4.0469 -1.0451
4.0447 -1.0449
4.0425 -1.0447
4.0404 -1.0444
4.0382 -1.0442
4.0360 -1.0440
4.0338 -1.0438
4.0316 -1.0436
4.0294 -1.0434
4.0272 -1.0432
4.0250 -1.0430
4.0228 -1.0428
4.0206 -1.0426
4.0184 -1.0424
4.0162 -1.0422
4.0140 -1.0420
4.0118 -1.0418
4.0096 -1.0416
4.0074 -1.0414
4.0052 -1.0412
4.0030 -1.0410
4.0008 -1.0408
3.9986 -1.0406
3.9963 -1.0404
3.9941 -1.0402
3.9919 -1.0400
3.9897 -1.0398
3.9875 -1.0396
3.9853 -1.0394
3.9831 -1.0392
3.9809 -1.0390
3.9786 -1.0388
3.9764 -1.0386
3.9742 -1.0384
3.9720 -1.0382
3.9698 -1.0380
3.9676 -1.0378
3.9653 -1.0376
3.9631 -1.0374
3.9609 -1.0372
3.9587 -1.0370
3.9564 -1.0368
3.9542 -1.0366
3.9520 -1.0364
3.9498 -1.0362
3.9475 -1.0360
3.9453 -1.0358
3.9431 -1.0357
3.9408 -1.0355
3.9386 -1.0353
3.9364 -1.0351
3.9341 -1.0349
3.9319 -1.0347
3.9297 -1.0345
3.9274 -1.0343
3.9252 -1.0341
3.9230 -1.0339
3.9207 -1.0337
3.9185 -1.0335
3.9162 -1.0334
3.9140 -1.0332
3.9117 -1.0330
3.9095 -1.0328
3.9073 -1.0326
3.9050 -1.0324
3.9028 -1.0322
3.9005 -1.0320
3.8983 -1.0318
3.8960 -1.0317
3.8938 -1.0315
3.8915 -1.0313
3.8893 -1.0311
3.8870 -1.0309
3.8847 -1.0307
3.8825 -1.0305
3.8802 -1.0304
3.8780 -1.0302
3.8757 -1.0300
3.8735 -1.0298
3.8712 -1.0296
3.8689 -1.0294
3.8667 -1.0293
3.8644 -1.0291
3.8622 -1.0289
3.8599 -1.0287
3.8576 -1.0285
3.8554 -1.0284
3.8531 -1.0282
3.8508 -1.0280
3.8485 -1.0278
3.8463 -1.0276
3.8440 -1.0275
3.8417 -1.0273
3.8395 -1.0271
3.8372 -1.0269
3.8349 -1.0267
3.8326 -1.0266
3.8304 -1.0264
3.8281 -1.0262
3.8258 -1.0260
3.8235 -1.0259
3.8212 -1.0257
3.8190 -1.0255
3.8167 -1.0253
3.8144 -1.0252
3.8121 -1.0250
3.8098 -1.0248
3.8075 -1.0246
3.8053 -1.0245
3.8030 -1.0243
3.8007 -1.0241
3.7984 -1.0240
3.7961 -1.0238
3.7938 -1.0236
3.7915 -1.0234
3.7892 -1.0233
3.7869 -1.0231
3.7846 -1.0229
3.7823 -1.0228
3.7800 -1.0226
3.7777 -1.0224
3.7754 -1.0223
3.7731 -1.0221
3.7708 -1.0219
3.7685 -1.0218
3.7662 -1.0216
3.7639 -1.0214
3.7616 -1.0213
3.7593 -1.0211
3.7570 -1.0209
3.7547 -1.0208
3.7524 -1.0206
3.7501 -1.0205
3.7478 -1.0203
3.7455 -1.0201
3.7431 -1.0200
3.7408 -1.0198
3.7385 -1.0197
3.7362 -1.0195
3.7339 -1.0193
3.7316 -1.0192
3.7293 -1.0190
3.7269 -1.0189
3.7246 -1.0187
3.7223 -1.0185
3.7200 -1.0184
3.7177 -1.0182
3.7153 -1.0181
3.7130 -1.0179
3.7107 -1.0178
3.7084 -1.0176
3.7060 -1.0175
3.7037 -1.0173
3.7014 -1.0172
3.6990 -1.0170
3.6967 -1.0169
3.6944 -1.0167
3.6921 -1.0166
3.6897 -1.0164
3.6874 -1.0163
3.6851 -1.0161
3.6827 -1.0160
3.6804 -1.0158
3.6780 -1.0157
3.6757 -1.0155
3.6734 -1.0154
3.6710 -1.0152
3.6687 -1.0151
3.6663 -1.0149
3.6640 -1.0148
3.6617 -1.0146
3.6593 -1.0145
3.6570 -1.0144
3.6546 -1.0142
3.6523 -1.0141
3.6499 -1.0139
3.6476 -1.0138
3.6452 -1.0136
3.6429 -1.0135
3.6405 -1.0134
3.6382 -1.0132
3.6358 -1.0131
3.6335 -1.0130
3.6311 -1.0128
3.6288 -1.0127
3.6264 -1.0125
3.6240 -1.0124
3.6217 -1.0123
3.6193 -1.0121
3.6170 -1.0120
3.6146 -1.0119
3.6122 -1.0117
3.6099 -1.0116
3.6075 -1.0115
3.6052 -1.0113
3.6028 -1.0112
3.6004 -1.0111
3.5981 -1.0109
3.5957 -1.0108
3.5933 -1.0107
3.5910 -1.0106
3.5886 -1.0104
3.5862 -1.0103
3.5838 -1.0102
3.5815 -1.0101
3.5791 -1.0099
3.5767 -1.0098
3.5744 -1.0097
3.5720 -1.0096
3.5696 -1.0094
3.5672 -1.0093
3.5648 -1.0092
3.5625 -1.0091
3.5601 -1.0090
3.5577 -1.0088
3.5553 -1.0087
3.5530 -1.0086
3.5506 -1.0085
3.5482 -1.0084
3.5458 -1.0082
3.5434 -1.0081
3.5410 -1.0080
3.5386 -1.0079
3.5363 -1.0078
3.5339 -1.0077
3.5315 -1.0076
3.5291 -1.0074
3.5267 -1.0073
3.5243 -1.0072
3.5219 -1.0071
3.5195 -1.0070
3.5171 -1.0069
3.5147 -1.0068
3.5123 -1.0067
3.5100 -1.0066
3.5076 -1.0065
3.5052 -1.0063
3.5028 -1.0062
3.5004 -1.0061
3.4980 -1.0060
3.4956 -1.0059
3.4932 -1.0058
3.4908 -1.0057
3.4884 -1.0056
3.4860 -1.0055
3.4836 -1.0054
3.4812 -1.0053
3.4788 -1.0052
3.4764 -1.0051
3.4739 -1.0050
3.4715 -1.0049
3.4691 -1.0048
3.4667 -1.0047
3.4643 -1.0046
3.4619 -1.0045
3.4595 -1.0044
3.4571 -1.0043
3.4547 -1.0043
3.4523 -1.0042
3.4499 -1.0041
3.4474 -1.0040
3.4450 -1.0039
3.4426 -1.0038
3.4402 -1.0037
3.4378 -1.0036
3.4354 -1.0035
3.4330 -1.0034
3.4305 -1.0034
3.4281 -1.0033
3.4257 -1.0032
3.4233 -1.0031
3.4209 -1.0030
3.4184 -1.0029
3.4160 -1.0029
3.4136 -1.0028
3.4112 -1.0027
3.4088 -1.0026
3.4063 -1.0025
3.4039 -1.0025
3.4015 -1.0024
3.3991 -1.0023
3.3966 -1.0022
3.3942 -1.0021
3.3918 -1.0021
3.3894 -1.0020
3.3869 -1.0019
3.3845 -1.0018
3.3821 -1.0018
3.3797 -1.0017
3.3772 -1.0016
3.3748 -1.0016
3.3724 -1.0015
3.3699 -1.0014
3.3675 -1.0014
3.3651 -1.0013
3.3626 -1.0012
3.3602 -1.0012
3.3578 -1.0011
3.3553 -1.0010
3.3529 -1.0010
3.3505 -1.0009
3.3480 -1.0008
3.3456 -1.0008
3.3432 -1.0007
3.3407 -1.0006
3.3383 -1.0006
3.3359 -1.0005
3.3334 -1.0005
3.3310 -1.0004
3.3285 -1.0003
3.3261 -1.0003
3.3237 -1.0002
3.3212 -1.0002
3.3188 -1.0001
3.3163 -1.0001
3.3139 -1.0000
3.3115 -0.99997
3.3090 -0.99992
3.3066 -0.99986
3.3041 -0.99981
3.3017 -0.99976
3.2993 -0.99972
3.2968 -0.99967
3.2944 -0.99962
3.2919 -0.99957
3.2895 -0.99953
3.2870 -0.99948
3.2846 -0.99944
3.2821 -0.99940
3.2797 -0.99935
3.2773 -0.99931
3.2748 -0.99927
3.2724 -0.99923
3.2699 -0.99919
3.2675 -0.99915
3.2650 -0.99911
3.2626 -0.99907
3.2601 -0.99904
3.2577 -0.99900
3.2552 -0.99896
3.2528 -0.99893
3.2503 -0.99890
3.2479 -0.99886
3.2454 -0.99883
3.2430 -0.99880
3.2405 -0.99877
3.2381 -0.99874
3.2356 -0.99871
3.2332 -0.99868
3.2307 -0.99865
3.2283 -0.99862
3.2258 -0.99860
3.2234 -0.99857
3.2209 -0.99855
3.2185 -0.99852
3.2160 -0.99850
3.2136 -0.99847
3.2111 -0.99845
3.2087 -0.99843
3.2062 -0.99841
3.2038 -0.99839
3.2013 -0.99837
3.1989 -0.99835
3.1964 -0.99834
3.1940 -0.99832
3.1915 -0.99830
3.1890 -0.99829
3.1866 -0.99827
3.1841 -0.99826
3.1817 -0.99825
3.1792 -0.99823
3.1768 -0.99822
3.1743 -0.99821
3.1719 -0.99820
3.1694 -0.99819
3.1670 -0.99818
3.1645 -0.99818
3.1621 -0.99817
3.1596 -0.99816
3.1572 -0.99816
3.1547 -0.99815
3.1523 -0.99815
3.1498 -0.99815
3.1473 -0.99814
3.1449 -0.99814
3.1424 -0.99814
3.1400 -0.99814
3.1375 -0.99814
3.1351 -0.99814
3.1326 -0.99814
3.1302 -0.99815
3.1277 -0.99815
3.1253 -0.99815
3.1228 -0.99816
3.1204 -0.99816
3.1179 -0.99817
3.1155 -0.99818
3.1130 -0.99819
3.1106 -0.99819
3.1081 -0.99820
3.1056 -0.99821
3.1032 -0.99823
3.1007 -0.99824
3.0983 -0.99825
3.0958 -0.99826
3.0934 -0.99828
3.0909 -0.99829
3.0885 -0.99831
3.0860 -0.99832
3.0836 -0.99834
3.0811 -0.99836
3.0787 -0.99838
3.0762 -0.99840
3.0738 -0.99842
3.0713 -0.99844
3.0689 -0.99846
3.0664 -0.99848
3.0639 -0.99850
3.0615 -0.99853
3.0590 -0.99855
3.0566 -0.99858
3.0541 -0.99860
3.0517 -0.99863
3.0492 -0.99866
3.0468 -0.99869
3.0443 -0.99872
3.0419 -0.99875
3.0394 -0.99878
3.0370 -0.99881
3.0345 -0.99884
3.0321 -0.99887
3.0296 -0.99891
3.0272 -0.99894
3.0247 -0.99898
3.0223 -0.99901
3.0198 -0.99905
3.0174 -0.99908
3.0149 -0.99912
3.0125 -0.99916
3.0101 -0.99920
3.0076 -0.99924
3.0052 -0.99928
3.0027 -0.99932
3.0003 -0.99937
2.9978 -0.99941
2.9954 -0.99945
2.9929 -0.99950
2.9905 -0.99954
2.9880 -0.99959
2.9856 -0.99963
2.9832 -0.99968
2.9807 -0.99973
2.9783 -0.99978
2.9758 -0.99983
2.9734 -0.99988
2.9710 -0.99993
2.9685 -0.99998
2.9661 -1.0000
2.9636 -1.0001
2.9612 -1.0001
2.9587 -1.0002
2.9563 -1.0003
2.9539 -1.0003
2.9514 -1.0004
2.9490 -1.0004
2.9466 -1.0005
2.9441 -1.0005
2.9417 -1.0006
2.9392 -1.0007
2.9368 -1.0007
2.9344 -1.0008
2.9319 -1.0008
2.9295 -1.0009
2.9271 -1.0010
2.9246 -1.0010
2.9222 -1.0011
2.9198 -1.0012
2.9173 -1.0012
2.9149 -1.0013
2.9125 -1.0014
2.9100 -1.0014
2.9076 -1.0015
2.9052 -1.0016
2.9028 -1.0017
2.9003 -1.0017
2.8979 -1.0018
2.8955 -1.0019
2.8930 -1.0019
2.8906 -1.0020
2.8882 -1.0021
2.8858 -1.0022
2.8833 -1.0022
2.8809 -1.0023
2.8785 -1.0024
2.8761 -1.0025
2.8736 -1.0026
2.8712 -1.0026
2.8688 -1.0027
2.8664 -1.0028
2.8639 -1.0029
2.8615 -1.0030
2.8591 -1.0030
2.8567 -1.0031
2.8543 -1.0032
2.8519 -1.0033
2.8494 -1.0034
2.8470 -1.0035
2.8446 -1.0036
2.8422 -1.0037
2.8398 -1.0037
2.8374 -1.0038
2.8349 -1.0039
2.8325 -1.0040
2.8301 -1.0041
2.8277 -1.0042
2.8253 -1.0043
2.8229 -1.0044
2.8205 -1.0045
2.8181 -1.0046
2.8157 -1.0047
2.8133 -1.0048
2.8108 -1.0049
2.8084 -1.0050
2.8060 -1.0051
2.8036 -1.0052
2.8012 -1.0053
2.7988 -1.0054
2.7964 -1.0055
2.7940 -1.0056
2.7916 -1.0057
2.7892 -1.0058
2.7868 -1.0059
2.7844 -1.0060
2.7820 -1.0061
2.7796 -1.0062
2.7772 -1.0063
2.7748 -1.0064
2.7724 -1.0065
2.7700 -1.0066
2.7676 -1.0067
2.7652 -1.0068
2.7628 -1.0069
2.7604 -1.0070
2.7581 -1.0071
2.7557 -1.0073
2.7533 -1.0074
2.7509 -1.0075
2.7485 -1.0076
2.7461 -1.0077
2.7437 -1.0078
2.7413 -1.0079
2.7389 -1.0081
2.7366 -1.0082
2.7342 -1.0083
2.7318 -1.0084
2.7294 -1.0085
2.7270 -1.0086
2.7246 -1.0088
2.7223 -1.0089
2.7199 -1.0090
2.7175 -1.0091
2.7151 -1.0092
2.7127 -1.0094
2.7104 -1.0095
2.7080 -1.0096
2.7056 -1.0097
2.7032 -1.0099
2.7009 -1.0100
2.6985 -1.0101
2.6961 -1.0102
2.6938 -1.0104
2.6914 -1.0105
2.6890 -1.0106
2.6866 -1.0107
2.6843 -1.0109
2.6819 -1.0110
2.6795 -1.0111
2.6772 -1.0113
2.6748 -1.0114
2.6725 -1.0115
2.6701 -1.0116
2.6677 -1.0118
2.6654 -1.0119
2.6630 -1.0120
2.6606 -1.0122
2.6583 -1.0123
2.6559 -1.0125
2.6536 -1.0126
2.6512 -1.0127
2.6489 -1.0129
2.6465 -1.0130
2.6442 -1.0131
2.6418 -1.0133
2.6394 -1.0134
2.6371 -1.0136
2.6347 -1.0137
2.6324 -1.0138
2.6300 -1.0140
2.6277 -1.0141
2.6254 -1.0143
2.6230 -1.0144
2.6207 -1.0145
2.6183 -1.0147
2.6160 -1.0148
2.6136 -1.0150
2.6113 -1.0151
2.6089 -1.0153
2.6066 -1.0154
2.6043 -1.0156
2.6019 -1.0157
2.5996 -1.0159
2.5973 -1.0160
2.5949 -1.0162
2.5926 -1.0163
2.5903 -1.0165
2.5879 -1.0166
2.5856 -1.0168
2.5833 -1.0169
2.5809 -1.0171
2.5786 -1.0172
2.5763 -1.0174
2.5739 -1.0175
2.5716 -1.0177
2.5693 -1.0178
2.5670 -1.0180
2.5646 -1.0181
2.5623 -1.0183
2.5600 -1.0184
2.5577 -1.0186
2.5554 -1.0188
2.5530 -1.0189
2.5507 -1.0191
2.5484 -1.0192
2.5461 -1.0194
2.5438 -1.0196
2.5415 -1.0197
2.5391 -1.0199
2.5368 -1.0200
2.5345 -1.0202
2.5322 -1.0204
2.5299 -1.0205
2.5276 -1.0207
2.5253 -1.0208
2.5230 -1.0210
2.5207 -1.0212
2.5184 -1.0213
2.5161 -1.0215
2.5137 -1.0217
2.5114 -1.0218
2.5091 -1.0220
2.5068 -1.0222
2.5045 -1.0223
2.5022 -1.0225
2.4999 -1.0227
2.4977 -1.0228
2.4954 -1.0230
2.4931 -1.0232
2.4908 -1.0233
2.4885 -1.0235
2.4862 -1.0237
2.4839 -1.0238
2.4816 -1.0240
2.4793 -1.0242
2.4770 -1.0244
2.4747 -1.0245
2.4724 -1.0247
2.4701 -1.0249
2.4679 -1.0251
2.4656 -1.0252
2.4633 -1.0254
2.4610 -1.0256
2.4587 -1.0258
2.4565 -1.0259
2.4542 -1.0261
2.4519 -1.0263
2.4496 -1.0265
2.4473 -1.0266
2.4451 -1.0268
2.4428 -1.0270
2.4405 -1.0272
2.4382 -1.0273
2.4360 -1.0275
2.4337 -1.0277
2.4314 -1.0279
2.4292 -1.0281
2.4269 -1.0282
2.4246 -1.0284
2.4224 -1.0286
2.4201 -1.0288
2.4178 -1.0290
2.4156 -1.0292
2.4133 -1.0293
2.4110 -1.0295
2.4088 -1.0297
2.4065 -1.0299
2.4043 -1.0301
2.4020 -1.0303
2.3997 -1.0304
2.3975 -1.0306
2.3952 -1.0308
2.3930 -1.0310
2.3907 -1.0312
2.3885 -1.0314
2.3862 -1.0316
2.3840 -1.0317
2.3817 -1.0319
2.3795 -1.0321
2.3772 -1.0323
2.3750 -1.0325
2.3727 -1.0327
2.3705 -1.0329
2.3682 -1.0331
2.3660 -1.0332
2.3638 -1.0334
2.3615 -1.0336
2.3593 -1.0338
2.3570 -1.0340
2.3548 -1.0342
2.3526 -1.0344
2.3503 -1.0346
2.3481 -1.0348
2.3458 -1.0350
2.3436 -1.0352
2.3414 -1.0354
2.3391 -1.0355
2.3369 -1.0357
2.3347 -1.0359
2.3325 -1.0361
2.3302 -1.0363
2.3280 -1.0365
2.3258 -1.0367
2.3235 -1.0369
2.3213 -1.0371
2.3191 -1.0373
2.3169 -1.0375
2.3146 -1.0377
2.3124 -1.0379
2.3102 -1.0381
2.3080 -1.0383
2.3058 -1.0385
2.3036 -1.0387
2.3013 -1.0389
2.2991 -1.0391
2.2969 -1.0393
2.2947 -1.0395
2.2925 -1.0397
2.2903 -1.0399
2.2881 -1.0401
2.2858 -1.0403
2.2836 -1.0405
2.2814 -1.0407
2.2792 -1.0409
2.2770 -1.0411
2.2748 -1.0413
2.2726 -1.0415
2.2704 -1.0417
2.2682 -1.0419
2.2660 -1.0421
2.2638 -1.0423
2.2616 -1.0425
2.2594 -1.0427
2.2572 -1.0429
2.2550 -1.0431
2.2528 -1.0433
2.2506 -1.0435
2.2484 -1.0437
2.2462 -1.0439
2.2440 -1.0441
2.2418 -1.0443
2.2396 -1.0445
2.2374 -1.0447
2.2352 -1.0450
2.2331 -1.0452
2.2309 -1.0454
2.2287 -1.0456
2.2265 -1.0458
2.2243 -1.0460
2.2221 -1.0462
2.2199 -1.0464
2.2178 -1.0466
2.2156 -1.0468
2.2134 -1.0470
2.2112 -1.0472
2.2090 -1.0474
2.2069 -1.0476
2.2047 -1.0479
2.2025 -1.0481
2.2003 -1.0483
2.1981 -1.0485
2.1960 -1.0487
2.1938 -1.0489
2.1916 -1.0491
2.1894 -1.0493
2.1873 -1.0495
2.1851 -1.0497
2.1829 -1.0500
2.1808 -1.0502
2.1786 -1.0504
2.1764 -1.0506
2.1743 -1.0508
2.1721 -1.0510
2.1699 -1.0512
2.1678 -1.0514
2.1656 -1.0517
2.1634 -1.0519
2.1613 -1.0521
2.1591 -1.0523
2.1570 -1.0525
2.1548 -1.0527
2.1526 -1.0529
2.1505 -1.0531
2.1483 -1.0534
2.1462 -1.0536
2.1440 -1.0538
2.1419 -1.0540
2.1397 -1.0542
2.1376 -1.0544
2.1354 -1.0546
2.1333 -1.0549
2.1311 -1.0551
2.1290 -1.0553
2.1268 -1.0555
2.1247 -1.0557
2.1225 -1.0559
2.1204 -1.0562
2.1182 -1.0564
2.1161 -1.0566
2.1139 -1.0568
2.1118 -1.0570
2.1097 -1.0572
2.1075 -1.0575
2.1054 -1.0577
2.1032 -1.0579
2.1011 -1.0581
2.0990 -1.0583
2.0968 -1.0585
2.0947 -1.0588
2.0926 -1.0590
2.0904 -1.0592
2.0883 -1.0594
2.0862 -1.0596
2.0840 -1.0599
2.0819 -1.0601
2.0798 -1.0603
2.0776 -1.0605
2.0755 -1.0607
2.0734 -1.0610
2.0712 -1.0612
2.0691 -1.0614
2.0670 -1.0616
2.0649 -1.0618
2.0627 -1.0621
2.0606 -1.0623
2.0585 -1.0625
2.0564 -1.0627
2.0543 -1.0629
2.0521 -1.0632
2.0500 -1.0634
2.0479 -1.0636
2.0458 -1.0638
2.0437 -1.0640
2.0415 -1.0643
2.0394 -1.0645
2.0373 -1.0647
2.0352 -1.0649
2.0331 -1.0652
2.0310 -1.0654
2.0289 -1.0656
2.0267 -1.0658
2.0246 -1.0660
2.0225 -1.0663
2.0204 -1.0665
2.0183 -1.0667
2.0162 -1.0669
2.0141 -1.0672
2.0120 -1.0674
2.0099 -1.0676
2.0078 -1.0678
2.0057 -1.0680
2.0036 -1.0683
2.0014 -1.0685
1.9993 -1.0687
1.9972 -1.0689
1.9951 -1.0692
1.9930 -1.0694
1.9909 -1.0696
1.9888 -1.0698
1.9867 -1.0701
1.9846 -1.0703
1.9825 -1.0705
1.9805 -1.0707
1.9784 -1.0710
1.9763 -1.0712
1.9742 -1.0714
1.9721 -1.0716
1.9700 -1.0719
1.9679 -1.0721
1.9658 -1.0723
1.9637 -1.0725
1.9616 -1.0728
1.9595 -1.0730
1.9574 -1.0732
1.9553 -1.0734
1.9533 -1.0737
1.9512 -1.0739
1.9491 -1.0741
1.9470 -1.0743
1.9449 -1.0746
1.9428 -1.0748
1.9407 -1.0750
1.9387 -1.0752
1.9366 -1.0755
1.9345 -1.0757
1.9324 -1.0759
1.9303 -1.0761
1.9283 -1.0764
1.9262 -1.0766
1.9241 -1.0768
1.9220 -1.0770
1.9199 -1.0773
1.9179 -1.0775
1.9158 -1.0777
1.9137 -1.0780
1.9116 -1.0782
1.9096 -1.0784
1.9075 -1.0786
1.9054 -1.0789
1.9033 -1.0791
1.9013 -1.0793
1.8992 -1.0795
1.8971 -1.0798
1.8951 -1.0800
1.8930 -1.0802
1.8909 -1.0805
1.8889 -1.0807
1.8868 -1.0809
1.8847 -1.0811
1.8827 -1.0814
1.8806 -1.0816
1.8785 -1.0818
1.8765 -1.0820
1.8744 -1.0823
1.8723 -1.0825
1.8703 -1.0827
1.8682 -1.0829
1.8661 -1.0832
1.8641 -1.0834
1.8620 -1.0836
1.8600 -1.0839
1.8579 -1.0841
1.8559 -1.0843
1.8538 -1.0845
1.8517 -1.0848
1.8497 -1.0850
1.8476 -1.0852
1.8456 -1.0854
1.8435 -1.0857
1.8415 -1.0859
1.8394 -1.0861
1.8373 -1.0864
1.8353 -1.0866
1.8332 -1.0868
1.8312 -1.0870
1.8291 -1.0873
1.8271 -1.0875
1.8250 -1.0877
1.8230 -1.0879
1.8209 -1.0882
1.8189 -1.0884
1.8168 -1.0886
1.8148 -1.0889
1.8128 -1.0891
1.8107 -1.0893
1.8087 -1.0895
1.8066 -1.0898
1.8046 -1.0900
1.8025 -1.0902
1.8005 -1.0905
1.7984 -1.0907
1.7964 -1.0909
1.7944 -1.0912
1.7923 -1.0914
1.7903 -1.0916
1.7882 -1.0918
1.7862 -1.0921
1.7842 -1.0923
1.7821 -1.0925
1.7801 -1.0928
1.7780 -1.0930
1.7760 -1.0932
1.7740 -1.0934
1.7719 -1.0937
1.7699 -1.0939
1.7679 -1.0941
1.7658 -1.0944
1.7638 -1.0946
1.7618 -1.0948
1.7597 -1.0950
1.7577 -1.0953
1.7557 -1.0955
1.7536 -1.0957
1.7516 -1.0960
1.7496 -1.0962
1.7475 -1.0964
1.7455 -1.0966
1.7435 -1.0969
1.7414 -1.0971
1.7394 -1.0973
1.7374 -1.0975
1.7354 -1.0978
1.7333 -1.0980
1.7313 -1.0982
1.7293 -1.0984
1.7272 -1.0987
1.7252 -1.0989
1.7232 -1.0991
1.7212 -1.0994
1.7191 -1.0996
1.7171 -1.0998
1.7151 -1.1000
1.7131 -1.1003
1.7111 -1.1005
1.7090 -1.1007
1.7070 -1.1009
1.7050 -1.1012
1.7030 -1.1014
1.7010 -1.1016
1.6989 -1.1019
1.6969 -1.1021
1.6949 -1.1023
1.6929 -1.1025
1.6909 -1.1028
1.6888 -1.1030
1.6868 -1.1032
1.6848 -1.1034
1.6828 -1.1037
1.6808 -1.1039
1.6788 -1.1041
1.6767 -1.1043
1.6747 -1.1046
1.6727 -1.1048
1.6707 -1.1050
1.6687 -1.1053
1.6667 -1.1055
1.6647 -1.1057
1.6627 -1.1059
1.6606 -1.1062
1.6586 -1.1064
1.6566 -1.1066
1.6546 -1.1068
1.6526 -1.1071
1.6506 -1.1073
1.6486 -1.1075
1.6466 -1.1078
1.6446 -1.1080
1.6426 -1.1082
1.6406 -1.1084
1.6385 -1.1087
1.6365 -1.1089
1.6345 -1.1091
1.6325 -1.1093
1.6305 -1.1096
1.6285 -1.1098
1.6265 -1.1100
1.6245 -1.1102
1.6225 -1.1105
1.6205 -1.1107
1.6185 -1.1109
1.6165 -1.1111
1.6145 -1.1114
1.6125 -1.1116
1.6105 -1.1118
1.6085 -1.1120
1.6065 -1.1123
1.6045 -1.1125
1.6025 -1.1127
1.6005 -1.1129
1.5985 -1.1132
1.5965 -1.1134
1.5945 -1.1136
1.5925 -1.1138
1.5905 -1.1141
1.5885 -1.1143
1.5865 -1.1145
1.5845 -1.1147
1.5825 -1.1150
1.5805 -1.1152
1.5785 -1.1154
1.5765 -1.1156
1.5745 -1.1158
1.5725 -1.1161
1.5705 -1.1163
1.5685 -1.1165
1.5665 -1.1167
1.5645 -1.1170
1.5625 -1.1172
1.5605 -1.1174
1.5586 -1.1176
1.5566 -1.1179
1.5546 -1.1181
1.5526 -1.1183
1.5506 -1.1185
1.5486 -1.1187
1.5466 -1.1190
1.5446 -1.1192
1.5426 -1.1194
1.5406 -1.1196
1.5386 -1.1199
1.5367 -1.1201
1.5347 -1.1203
1.5327 -1.1205
1.5307 -1.1207
1.5287 -1.1210
1.5267 -1.1212
1.5247 -1.1214
1.5227 -1.1216
1.5207 -1.1218
1.5188 -1.1221
1.5168 -1.1223
1.5148 -1.1225
1.5128 -1.1227
1.5108 -1.1230
1.5088 -1.1232
1.5068 -1.1234
1.5049 -1.1236
1.5029 -1.1238
1.5009 -1.1241
1.4989 -1.1243
1.4969 -1.1245
1.4949 -1.1247
1.4930 -1.1249
1.4910 -1.1252
1.4890 -1.1254
1.4870 -1.1256
1.4850 -1.1258
1.4830 -1.1260
1.4811 -1.1263
1.4791 -1.1265
1.4771 -1.1267
1.4751 -1.1269
1.4731 -1.1271
1.4712 -1.1273
1.4692 -1.1276
1.4672 -1.1278
1.4652 -1.1280
1.4632 -1.1282
1.4613 -1.1284
1.4593 -1.1287
1.4573 -1.1289
1.4553 -1.1291
1.4533 -1.1293
1.4514 -1.1295
1.4494 -1.1297
1.4474 -1.1300
1.4454 -1.1302
1.4434 -1.1304
1.4415 -1.1306
1.4395 -1.1308
1.4375 -1.1310
1.4355 -1.1313
1.4336 -1.1315
1.4316 -1.1317
1.4296 -1.1319
1.4276 -1.1321
1.4257 -1.1323
1.4237 -1.1326
1.4217 -1.1328
1.4197 -1.1330
1.4178 -1.1332
1.4158 -1.1334
1.4138 -1.1336
1.4118 -1.1339
1.4099 -1.1341
1.4079 -1.1343
1.4059 -1.1345
1.4039 -1.1347
1.4020 -1.1349
1.4000 -1.1351
1.3980 -1.1354
1.3961 -1.1356
1.3941 -1.1358
1.3921 -1.1360
1.3901 -1.1362
1.3882 -1.1364
1.3862 -1.1366
1.3842 -1.1368
1.3823 -1.1371
1.3803 -1.1373
1.3783 -1.1375
1.3763 -1.1377
1.3744 -1.1379
1.3724 -1.1381
1.3704 -1.1383
1.3685 -1.1385
1.3665 -1.1388
1.3645 -1.1390
1.3626 -1.1392
1.3606 -1.1394
1.3586 -1.1396
1.3567 -1.1398
1.3547 -1.1400
1.3527 -1.1402
1.3507 -1.1404
1.3488 -1.1407
1.3468 -1.1409
1.3448 -1.1411
1.3429 -1.1413
1.3409 -1.1415
1.3389 -1.1417
1.3370 -1.1419
1.3350 -1.1421
1.3330 -1.1423
1.3311 -1.1425
1.3291 -1.1428
1.3271 -1.1430
1.3252 -1.1432
1.3232 -1.1434
1.3212 -1.1436
1.3193 -1.1438
1.3173 -1.1440
1.3153 -1.1442
1.3134 -1.1444
1.3114 -1.1446
1.3094 -1.1448
1.3075 -1.1450
1.3055 -1.1453
1.3036 -1.1455
1.3016 -1.1457
1.2996 -1.1459
1.2977 -1.1461
1.2957 -1.1463
1.2937 -1.1465
1.2918 -1.1467
1.2898 -1.1469
1.2878 -1.1471
1.2859 -1.1473
1.2839 -1.1475
1.2819 -1.1477
1.2800 -1.1479
1.2780 -1.1481
1.2761 -1.1483
1.2741 -1.1485
1.2721 -1.1487
1.2702 -1.1490
1.2682 -1.1492
1.2662 -1.1494
1.2643 -1.1496
1.2623 -1.1498
1.2604 -1.1500
1.2584 -1.1502
1.2564 -1.1504
1.2545 -1.1506
1.2525 -1.1508
1.2505 -1.1510
1.2486 -1.1512
1.2466 -1.1514
1.2447 -1.1516
1.2427 -1.1518
1.2407 -1.1520
1.2388 -1.1522
1.2368 -1.1524
1.2348 -1.1526
1.2329 -1.1528
1.2309 -1.1530
1.2290 -1.1532
1.2270 -1.1534
1.2250 -1.1536
1.2231 -1.1538
1.2211 -1.1540
1.2192 -1.1542
1.2172 -1.1544
1.2152 -1.1546
1.2133 -1.1548
1.2113 -1.1550
1.2094 -1.1552
1.2074 -1.1554
1.2054 -1.1556
1.2035 -1.1558
1.2015 -1.1560
1.1996 -1.1562
1.1976 -1.1564
1.1956 -1.1566
1.1937 -1.1568
1.1917 -1.1570
1.1898 -1.1572
1.1878 -1.1574
1.1858 -1.1576
1.1839 -1.1578
1.1819 -1.1580
1.1800 -1.1581
1.1780 -1.1583
1.1760 -1.1585
1.1741 -1.1587
1.1721 -1.1589
1.1702 -1.1591
1.1682 -1.1593
1.1663 -1.1595
1.1643 -1.1597
1.1623 -1.1599
1.1604 -1.1601
1.1584 -1.1603
1.1565 -1.1605
1.1545 -1.1607
1.1525 -1.1609
1.1506 -1.1611
1.1486 -1.1613
1.1467 -1.1614
1.1447 -1.1616
1.1427 -1.1618
1.1408 -1.1620
1.1388 -1.1622
1.1369 -1.1624
1.1349 -1.1626
1.1330 -1.1628
1.1310 -1.1630
1.1290 -1.1632
1.1271 -1.1634
1.1251 -1.1635
1.1232 -1.1637
1.1212 -1.1639
1.1192 -1.1641
1.1173 -1.1643
1.1153 -1.1645
1.1134 -1.1647
1.1114 -1.1649
1.1094 -1.1651
1.1075 -1.1653
1.1055 -1.1654
1.1036 -1.1656
1.1016 -1.1658
1.0997 -1.1660
1.0977 -1.1662
1.0957 -1.1664
1.0938 -1.1666
1.0918 -1.1667
1.0899 -1.1669
1.0879 -1.1671
1.0859 -1.1673
1.0840 -1.1675
1.0820 -1.1677
1.0801 -1.1679
1.0781 -1.1680
1.0761 -1.1682
1.0742 -1.1684
1.0722 -1.1686
1.0703 -1.1688
1.0683 -1.1690
1.0664 -1.1692
1.0644 -1.1693
1.0624 -1.1695
1.0605 -1.1697
1.0585 -1.1699
1.0566 -1.1701
1.0546 -1.1702
1.0526 -1.1704
1.0507 -1.1706
1.0487 -1.1708
1.0468 -1.1710
1.0448 -1.1712
1.0428 -1.1713
1.0409 -1.1715
1.0389 -1.1717
1.0370 -1.1719
1.0350 -1.1721
1.0331 -1.1722
1.0311 -1.1724
1.0291 -1.1726
1.0272 -1.1728
1.0252 -1.1730
1.0233 -1.1731
1.0213 -1.1733
1.0193 -1.1735
1.0174 -1.1737
1.0154 -1.1738
1.0135 -1.1740
1.0115 -1.1742
1.0095 -1.1744
1.0076 -1.1746
1.0056 -1.1747
1.0037 -1.1749
1.0017 -1.1751
0.99975 -1.1753
0.99779 -1.1754
0.99583 -1.1756
0.99387 -1.1758
0.99191 -1.1760
0.98996 -1.1761
0.98800 -1.1763
0.98604 -1.1765
0.98408 -1.1767
0.98212 -1.1768
0.98016 -1.1770
0.97820 -1.1772
0.97624 -1.1773
0.97428 -1.1775
0.97232 -1.1777
0.97036 -1.1779
0.96840 -1.1780
0.96644 -1.1782
0.96448 -1.1784
0.96252 -1.1785
0.96056 -1.1787
0.95860 -1.1789
0.95664 -1.1791
0.95468 -1.1792
0.95272 -1.1794
0.95076 -1.1796
0.94880 -1.1797
0.94684 -1.1799
0.94488 -1.1801
0.94292 -1.1802
0.94096 -1.1804
0.93899 -1.1806
0.93703 -1.1807
0.93507 -1.1809
0.93311 -1.1811
0.93115 -1.1812
0.92919 -1.1814
0.92723 -1.1816
0.92527 -1.1817
0.92331 -1.1819
0.92135 -1.1821
0.91938 -1.1822
0.91742 -1.1824
0.91546 -1.1826
0.91350 -1.1827
0.91154 -1.1829
0.90958 -1.1831
0.90761 -1.1832
0.90565 -1.1834
0.90369 -1.1835
0.90173 -1.1837
0.89977 -1.1839
0.89781 -1.1840
0.89584 -1.1842
0.89388 -1.1844
0.89192 -1.1845
0.88996 -1.1847
0.88799 -1.1848
0.88603 -1.1850
0.88407 -1.1852
0.88210 -1.1853
0.88014 -1.1855
0.87818 -1.1856
0.87622 -1.1858
0.87425 -1.1860
0.87229 -1.1861
0.87033 -1.1863
0.86836 -1.1864
0.86640 -1.1866
0.86444 -1.1868
0.86247 -1.1869
0.86051 -1.1871
0.85855 -1.1872
0.85658 -1.1874
0.85462 -1.1875
0.85265 -1.1877
0.85069 -1.1879
0.84873 -1.1880
0.84676 -1.1882
0.84480 -1.1883
0.84283 -1.1885
0.84087 -1.1886
0.83890 -1.1888
0.83694 -1.1889
0.83497 -1.1891
0.83301 -1.1892
0.83104 -1.1894
0.82908 -1.1895
0.82711 -1.1897
0.82515 -1.1898
0.82318 -1.1900
0.82122 -1.1902
0.81925 -1.1903
0.81728 -1.1905
0.81532 -1.1906
0.81335 -1.1908
0.81139 -1.1909
0.80942 -1.1911
0.80745 -1.1912
0.80549 -1.1914
0.80352 -1.1915
0.80155 -1.1916
0.79959 -1.1918
0.79762 -1.1919
0.79566 -1.1921
0.79369 -1.1922
0.79172 -1.1924
0.78975 -1.1925
0.78779 -1.1927
0.78582 -1.1928
0.78385 -1.1930
0.78188 -1.1931
0.77992 -1.1933
0.77795 -1.1934
0.77598 -1.1936
0.77401 -1.1937
0.77205 -1.1938
0.77008 -1.1940
0.76811 -1.1941
0.76614 -1.1943
0.76417 -1.1944
0.76220 -1.1946
0.76023 -1.1947
0.75827 -1.1948
0.75630 -1.1950
0.75433 -1.1951
0.75236 -1.1953
0.75039 -1.1954
0.74842 -1.1955
0.74645 -1.1957
0.74448 -1.1958
0.74251 -1.1960
0.74054 -1.1961
0.73857 -1.1962
0.73660 -1.1964
0.73463 -1.1965
0.73266 -1.1967
0.73069 -1.1968
0.72872 -1.1969
0.72675 -1.1971
0.72478 -1.1972
0.72281 -1.1973
0.72084 -1.1975
0.71887 -1.1976
0.71689 -1.1978
0.71492 -1.1979
0.71295 -1.1980
0.71098 -1.1982
0.70901 -1.1983
0.70704 -1.1984
0.70506 -1.1986
0.70309 -1.1987
0.70112 -1.1988
0.69915 -1.1990
0.69718 -1.1991
0.69520 -1.1992
0.69323 -1.1994
0.69126 -1.1995
0.68929 -1.1996
0.68731 -1.1997
0.68534 -1.1999
0.68337 -1.2000
0.68139 -1.2001
0.67942 -1.2003
0.67745 -1.2004
0.67547 -1.2005
0.67350 -1.2007
0.67152 -1.2008
0.66955 -1.2009
0.66758 -1.2010
0.66560 -1.2012
0.66363 -1.2013
0.66165 -1.2014
0.65968 -1.2015
0.65770 -1.2017
0.65573 -1.2018
0.65375 -1.2019
0.65178 -1.2020
0.64980 -1.2022
0.64783 -1.2023
0.64585 -1.2024
0.64388 -1.2025
0.64190 -1.2027
0.63992 -1.2028
0.63795 -1.2029
0.63597 -1.2030
0.63400 -1.2032
0.63202 -1.2033
0.63004 -1.2034
0.62807 -1.2035
0.62609 -1.2036
0.62411 -1.2038
0.62214 -1.2039
0.62016 -1.2040
0.61818 -1.2041
0.61620 -1.2042
0.61423 -1.2044
0.61225 -1.2045
0.61027 -1.2046
0.60829 -1.2047
0.60631 -1.2048
0.60434 -1.2049
0.60236 -1.2051
0.60038 -1.2052
0.59840 -1.2053
0.59642 -1.2054
0.59444 -1.2055
0.59246 -1.2056
0.59049 -1.2058
0.58851 -1.2059
0.58653 -1.2060
0.58455 -1.2061
0.58257 -1.2062
0.58059 -1.2063
0.57861 -1.2064
0.57663 -1.2065
0.57465 -1.2067
0.57267 -1.2068
0.57069 -1.2069
0.56871 -1.2070
0.56673 -1.2071
0.56475 -1.2072
0.56277 -1.2073
0.56078 -1.2074
0.55880 -1.2075
0.55682 -1.2076
0.55484 -1.2078
0.55286 -1.2079
0.55088 -1.2080
0.54890 -1.2081
0.54691 -1.2082
0.54493 -1.2083
0.54295 -1.2084
0.54097 -1.2085
0.53899 -1.2086
0.53700 -1.2087
0.53502 -1.2088
0.53304 -1.2089
0.53106 -1.2090
0.52907 -1.2091
0.52709 -1.2092
0.52511 -1.2093
0.52312 -1.2094
0.52114 -1.2095
0.51916 -1.2097
0.51717 -1.2098
0.51519 -1.2099
0.51320 -1.2100
0.51122 -1.2101
0.50924 -1.2102
0.50725 -1.2103
0.50527 -1.2104
0.50328 -1.2105
0.50130 -1.2106
0.49931 -1.2107
0.49733 -1.2107
0.49534 -1.2108
0.49336 -1.2109
0.49137 -1.2110
0.48939 -1.2111
0.48740 -1.2112
0.48542 -1.2113
0.48343 -1.2114
0.48144 -1.2115
0.47946 -1.2116
0.47747 -1.2117
0.47549 -1.2118
0.47350 -1.2119
0.47151 -1.2120
0.46953 -1.2121
0.46754 -1.2122
0.46555 -1.2123
0.46357 -1.2124
0.46158 -1.2125
0.45959 -1.2125
0.45761 -1.2126
0.45562 -1.2127
0.45363 -1.2128
0.45164 -1.2129
0.44966 -1.2130
0.44767 -1.2131
0.44568 -1.2132
0.44369 -1.2133
0.44170 -1.2133
0.43971 -1.2134
0.43773 -1.2135
0.43574 -1.2136
0.43375 -1.2137
0.43176 -1.2138
0.42977 -1.2139
0.42778 -1.2140
0.42579 -1.2140
0.42380 -1.2141
0.42181 -1.2142
0.41982 -1.2143
0.41783 -1.2144
0.41584 -1.2145
0.41386 -1.2145
0.41187 -1.2146
0.40988 -1.2147
0.40789 -1.2148
0.40589 -1.2149
0.40390 -1.2150
0.40191 -1.2150
0.39992 -1.2151
0.39793 -1.2152
0.39594 -1.2153
0.39395 -1.2153
0.39196 -1.2154
0.38997 -1.2155
0.38798 -1.2156
0.38599 -1.2157
0.38399 -1.2157
0.38200 -1.2158
0.38001 -1.2159
0.37802 -1.2160
0.37603 -1.2160
0.37404 -1.2161
0.37204 -1.2162
0.37005 -1.2163
0.36806 -1.2163
0.36607 -1.2164
0.36407 -1.2165
0.36208 -1.2166
0.36009 -1.2166
0.35810 -1.2167
0.35610 -1.2168
0.35411 -1.2168
0.35212 -1.2169
0.35012 -1.2170
0.34813 -1.2171
0.34614 -1.2171
0.34414 -1.2172
0.34215 -1.2173
0.34016 -1.2173
0.33816 -1.2174
0.33617 -1.2175
0.33417 -1.2175
0.33218 -1.2176
0.33018 -1.2177
0.32819 -1.2177
0.32620 -1.2178
0.32420 -1.2179
0.32221 -1.2179
0.32021 -1.2180
0.31822 -1.2181
0.31622 -1.2181
0.31423 -1.2182
0.31223 -1.2183
0.31024 -1.2183
0.30824 -1.2184
0.30625 -1.2184
0.30425 -1.2185
0.30226 -1.2186
0.30026 -1.2186
0.29826 -1.2187
0.29627 -1.2188
0.29427 -1.2188
0.29228 -1.2189
0.29028 -1.2189
0.28828 -1.2190
0.28629 -1.2190
0.28429 -1.2191
0.28229 -1.2192
0.28030 -1.2192
0.27830 -1.2193
0.27631 -1.2193
0.27431 -1.2194
0.27231 -1.2194
0.27031 -1.2195
0.26832 -1.2196
0.26632 -1.2196
0.26432 -1.2197
0.26233 -1.2197
0.26033 -1.2198
0.25833 -1.2198
0.25633 -1.2199
0.25434 -1.2199
0.25234 -1.2200
0.25034 -1.2200
0.24834 -1.2201
0.24634 -1.2201
0.24435 -1.2202
0.24235 -1.2202
0.24035 -1.2203
0.23835 -1.2203
0.23635 -1.2204
0.23436 -1.2204
0.23236 -1.2205
0.23036 -1.2205
0.22836 -1.2206
0.22636 -1.2206
0.22436 -1.2207
0.22236 -1.2207
0.22036 -1.2207
0.21837 -1.2208
0.21637 -1.2208
0.21437 -1.2209
0.21237 -1.2209
0.21037 -1.2210
0.20837 -1.2210
0.20637 -1.2211
0.20437 -1.2211
0.20237 -1.2211
0.20037 -1.2212
0.19837 -1.2212
0.19637 -1.2213
0.19437 -1.2213
0.19237 -1.2213
0.19037 -1.2214
0.18837 -1.2214
0.18637 -1.2215
0.18437 -1.2215
0.18237 -1.2215
0.18037 -1.2216
0.17837 -1.2216
0.17637 -1.2216
0.17437 -1.2217
0.17237 -1.2217
0.17037 -1.2217
0.16837 -1.2218
0.16637 -1.2218
0.16437 -1.2218
0.16237 -1.2219
0.16037 -1.2219
0.15837 -1.2219
0.15637 -1.2220
0.15437 -1.2220
0.15236 -1.2220
0.15036 -1.2221
0.14836 -1.2221
0.14636 -1.2221
0.14436 -1.2222
0.14236 -1.2222
0.14036 -1.2222
0.13836 -1.2222
0.13636 -1.2223
0.13435 -1.2223
0.13235 -1.2223
0.13035 -1.2224
0.12835 -1.2224
0.12635 -1.2224
0.12435 -1.2224
0.12234 -1.2225
0.12034 -1.2225
0.11834 -1.2225
0.11634 -1.2225
0.11434 -1.2226
0.11234 -1.2226
0.11033 -1.2226
0.10833 -1.2226
0.10633 -1.2227
0.10433 -1.2227
0.10233 -1.2227
0.10032 -1.2227
0.098323 -1.2227
0.096321 -1.2228
0.094318 -1.2228
0.092316 -1.2228
0.090314 -1.2228
0.088312 -1.2228
0.086310 -1.2229
0.084307 -1.2229
0.082305 -1.2229
0.080303 -1.2229
0.078300 -1.2229
0.076298 -1.2229
0.074296 -1.2230
0.072293 -1.2230
0.070291 -1.2230
0.068288 -1.2230
0.066286 -1.2230
0.064283 -1.2230
0.062281 -1.2230
0.060278 -1.2231
0.058276 -1.2231
0.056273 -1.2231
0.054271 -1.2231
0.052268 -1.2231
0.050265 -1.2231
0.048263 -1.2231
0.046260 -1.2231
0.044257 -1.2231
0.042254 -1.2231
0.040252 -1.2232
0.038249 -1.2232
0.036246 -1.2232
0.034243 -1.2232
0.032241 -1.2232
0.030238 -1.2232
0.028235 -1.2232
0.026232 -1.2232
0.024229 -1.2232
0.022227 -1.2232
0.020224 -1.2232
0.018221 -1.2232
0.016218 -1.2232
0.014215 -1.2232
0.012212 -1.2232
0.010210 -1.2232
0.0082066 -1.2232
0.0062038 -1.2232
0.0042009 -1.2232
0.0021980 -1.2232
0.00019514 -1.2232
-0.0018077 -1.2232
-0.0038106 -1.2232
-0.0058135 -1.2232
-0.0078163 -1.2232
-0.0098192 -1.2232
-0.011822 -1.2232
-0.013825 -1.2232
-0.015828 -1.2232
-0.017831 -1.2232
-0.019834 -1.2232
-0.021836 -1.2232
-0.023839 -1.2232
-0.025842 -1.2232
-0.027845 -1.2232
-0.029848 -1.2232
-0.031850 -1.2232
-0.033853 -1.2232
-0.035856 -1.2232
-0.037859 -1.2232
-0.039861 -1.2232
-0.041864 -1.2232
-0.043867 -1.2232
-0.045870 -1.2231
-0.047872 -1.2231
-0.049875 -1.2231
-0.051878 -1.2231
-0.053880 -1.2231
-0.055883 -1.2231
-0.057885 -1.2231
-0.059888 -1.2231
-0.061891 -1.2231
-0.063893 -1.2230
-0.065896 -1.2230
-0.067898 -1.2230
-0.069901 -1.2230
-0.071903 -1.2230
-0.073906 -1.2230
-0.075908 -1.2230
-0.077910 -1.2229
-0.079913 -1.2229
-0.081915 -1.2229
-0.083917 -1.2229
-0.085920 -1.2229
-0.087922 -1.2229
-0.089924 -1.2228
-0.091926 -1.2228
-0.093928 -1.2228
-0.095931 -1.2228
-0.097933 -1.2228
-0.099935 -1.2227
-0.10194 -1.2227
-0.10394 -1.2227
-0.10594 -1.2227
-0.10794 -1.2227
-0.10994 -1.2226
-0.11195 -1.2226
-0.11395 -1.2226
-0.11595 -1.2226
-0.11795 -1.2225
-0.11995 -1.2225
-0.12195 -1.2225
-0.12396 -1.2225
-0.12596 -1.2224
-0.12796 -1.2224
-0.12996 -1.2224
-0.13196 -1.2224
-0.13396 -1.2223
-0.13597 -1.2223
-0.13797 -1.2223
-0.13997 -1.2223
-0.14197 -1.2222
-0.14397 -1.2222
-0.14597 -1.2222
-0.14797 -1.2221
-0.14997 -1.2221
-0.15197 -1.2221
-0.15398 -1.2221
-0.15598 -1.2220
-0.15798 -1.2220
-0.15998 -1.2220
-0.16198 -1.2219
-0.16398 -1.2219
-0.16598 -1.2219
-0.16798 -1.2218
-0.16998 -1.2218
-0.17198 -1.2218
-0.17398 -1.2217
-0.17598 -1.2217
-0.17798 -1.2216
-0.17998 -1.2216
-0.18198 -1.2216
-0.18398 -1.2215
-0.18598 -1.2215
-0.18798 -1.2215
-0.18998 -1.2214
-0.19198 -1.2214
-0.19398 -1.2213
-0.19598 -1.2213
-0.19798 -1.2213
-0.19998 -1.2212
-0.20198 -1.2212
-0.20398 -1.2211
-0.20598 -1.2211
-0.20798 -1.2211
-0.20998 -1.2210
-0.21198 -1.2210
-0.21398 -1.2209
-0.21598 -1.2209
-0.21798 -1.2208
-0.21997 -1.2208
-0.22197 -1.2208
-0.22397 -1.2207
-0.22597 -1.2207
-0.22797 -1.2206
-0.22997 -1.2206
-0.23197 -1.2205
-0.23397 -1.2205
-0.23596 -1.2204
-0.23796 -1.2204
-0.23996 -1.2203
-0.24196 -1.2203
-0.24396 -1.2202
-0.24595 -1.2202
-0.24795 -1.2201
-0.24995 -1.2201
-0.25195 -1.2200
-0.25395 -1.2200
-0.25594 -1.2199
-0.25794 -1.2199
-0.25994 -1.2198
-0.26194 -1.2198
-0.26393 -1.2197
-0.26593 -1.2197
-0.26793 -1.2196
-0.26992 -1.2196
-0.27192 -1.2195
-0.27392 -1.2195
-0.27592 -1.2194
-0.27791 -1.2193
-0.27991 -1.2193
-0.28191 -1.2192
-0.28390 -1.2192
-0.28590 -1.2191
-0.28789 -1.2191
-0.28989 -1.2190
-0.29189 -1.2189
-0.29388 -1.2189
-0.29588 -1.2188
-0.29787 -1.2188
-0.29987 -1.2187
-0.30187 -1.2186
-0.30386 -1.2186
-0.30586 -1.2185
-0.30785 -1.2185
-0.30985 -1.2184
-0.31184 -1.2183
-0.31384 -1.2183
-0.31583 -1.2182
-0.31783 -1.2181
-0.31982 -1.2181
-0.32182 -1.2180
-0.32381 -1.2180
-0.32581 -1.2179
-0.32780 -1.2178
-0.32980 -1.2178
-0.33179 -1.2177
-0.33378 -1.2176
-0.33578 -1.2176
-0.33777 -1.2175
-0.33977 -1.2174
-0.34176 -1.2174
-0.34375 -1.2173
-0.34575 -1.2172
-0.34774 -1.2171
-0.34973 -1.2171
-0.35173 -1.2170
-0.35372 -1.2169
-0.35571 -1.2169
-0.35771 -1.2168
-0.35970 -1.2167
-0.36169 -1.2167
-0.36368 -1.2166
-0.36568 -1.2165
-0.36767 -1.2164
-0.36966 -1.2164
-0.37165 -1.2163
-0.37365 -1.2162
-0.37564 -1.2161
-0.37763 -1.2161
-0.37962 -1.2160
-0.38161 -1.2159
-0.38361 -1.2158
-0.38560 -1.2158
-0.38759 -1.2157
-0.38958 -1.2156
-0.39157 -1.2155
-0.39356 -1.2154
-0.39555 -1.2154
-0.39754 -1.2153
-0.39953 -1.2152
-0.40152 -1.2151
-0.40351 -1.2150
-0.40551 -1.2150
-0.40750 -1.2149
-0.40949 -1.2148
-0.41148 -1.2147
-0.41347 -1.2146
-0.41546 -1.2146
-0.41745 -1.2145
-0.41944 -1.2144
-0.42142 -1.2143
-0.42341 -1.2142
-0.42540 -1.2141
-0.42739 -1.2141
-0.42938 -1.2140
-0.43137 -1.2139
-0.43336 -1.2138
-0.43535 -1.2137
-0.43734 -1.2136
-0.43932 -1.2135
-0.44131 -1.2135
-0.44330 -1.2134
-0.44529 -1.2133
-0.44728 -1.2132
-0.44927 -1.2131
-0.45125 -1.2130
-0.45324 -1.2129
-0.45523 -1.2128
-0.45722 -1.2127
-0.45920 -1.2127
-0.46119 -1.2126
-0.46318 -1.2125
-0.46516 -1.2124
-0.46715 -1.2123
-0.46914 -1.2122
-0.47112 -1.2121
-0.47311 -1.2120
-0.47510 -1.2119
-0.47708 -1.2118
-0.47907 -1.2117
-0.48106 -1.2116
-0.48304 -1.2115
-0.48503 -1.2114
-0.48701 -1.2113
-0.48900 -1.2113
-0.49098 -1.2112
-0.49297 -1.2111
-0.49495 -1.2110
-0.49694 -1.2109
-0.49892 -1.2108
-0.50091 -1.2107
-0.50289 -1.2106
-0.50488 -1.2105
-0.50686 -1.2104
-0.50885 -1.2103
-0.51083 -1.2102
-0.51282 -1.2101
-0.51480 -1.2100
-0.51678 -1.2099
-0.51877 -1.2098
-0.52075 -1.2097
-0.52273 -1.2096
-0.52472 -1.2095
-0.52670 -1.2094
-0.52868 -1.2093
-0.53067 -1.2092
-0.53265 -1.2091
-0.53463 -1.2090
-0.53661 -1.2088
-0.53860 -1.2087
-0.54058 -1.2086
-0.54256 -1.2085
-0.54454 -1.2084
-0.54652 -1.2083
-0.54851 -1.2082
-0.55049 -1.2081
-0.55247 -1.2080
-0.55445 -1.2079
-0.55643 -1.2078
-0.55841 -1.2077
-0.56039 -1.2076
-0.56238 -1.2075
-0.56436 -1.2073
-0.56634 -1.2072
-0.56832 -1.2071
-0.57030 -1.2070
-0.57228 -1.2069
-0.57426 -1.2068
-0.57624 -1.2067
-0.57822 -1.2066
-0.58020 -1.2065
-0.58218 -1.2063
-0.58416 -1.2062
-0.58614 -1.2061
-0.58812 -1.2060
-0.59009 -1.2059
-0.59207 -1.2058
-0.59405 -1.2057
-0.59603 -1.2056
-0.59801 -1.2054
-0.59999 -1.2053
-0.60197 -1.2052
-0.60394 -1.2051
-0.60592 -1.2050
-0.60790 -1.2049
-0.60988 -1.2047
-0.61186 -1.2046
-0.61383 -1.2045
-0.61581 -1.2044
-0.61779 -1.2043
-0.61977 -1.2041
-0.62174 -1.2040
-0.62372 -1.2039
-0.62570 -1.2038
-0.62767 -1.2037
-0.62965 -1.2035
-0.63163 -1.2034
-0.63360 -1.2033
-0.63558 -1.2032
-0.63756 -1.2031
-0.63953 -1.2029
-0.64151 -1.2028
-0.64348 -1.2027
-0.64546 -1.2026
-0.64744 -1.2024
-0.64941 -1.2023
-0.65139 -1.2022
-0.65336 -1.2021
-0.65534 -1.2020
-0.65731 -1.2018
-0.65929 -1.2017
-0.66126 -1.2016
-0.66323 -1.2014
-0.66521 -1.2013
-0.66718 -1.2012
-0.66916 -1.2011
-0.67113 -1.2009
-0.67311 -1.2008
-0.67508 -1.2007
-0.67705 -1.2006
-0.67903 -1.2004
-0.68100 -1.2003
-0.68297 -1.2002
-0.68495 -1.2000
-0.68692 -1.1999
-0.68889 -1.1998
-0.69087 -1.1996
-0.69284 -1.1995
-0.69481 -1.1994
-0.69678 -1.1993
-0.69876 -1.1991
-0.70073 -1.1990
-0.70270 -1.1989
-0.70467 -1.1987
-0.70664 -1.1986
-0.70862 -1.1985
-0.71059 -1.1983
-0.71256 -1.1982
-0.71453 -1.1981
-0.71650 -1.1979
-0.71847 -1.1978
-0.72044 -1.1976
-0.72241 -1.1975
-0.72439 -1.1974
-0.72636 -1.1972
-0.72833 -1.1971
-0.73030 -1.1970
-0.73227 -1.1968
-0.73424 -1.1967
-0.73621 -1.1966
-0.73818 -1.1964
-0.74015 -1.1963
-0.74212 -1.1961
-0.74409 -1.1960
-0.74606 -1.1959
-0.74803 -1.1957
-0.75000 -1.1956
-0.75196 -1.1954
-0.75393 -1.1953
-0.75590 -1.1952
-0.75787 -1.1950
-0.75984 -1.1949
-0.76181 -1.1947
-0.76378 -1.1946
-0.76575 -1.1945
-0.76771 -1.1943
-0.76968 -1.1942
-0.77165 -1.1940
-0.77362 -1.1939
-0.77559 -1.1937
-0.77755 -1.1936
-0.77952 -1.1934
-0.78149 -1.1933
-0.78346 -1.1932
-0.78542 -1.1930
-0.78739 -1.1929
-0.78936 -1.1927
-0.79133 -1.1926
-0.79329 -1.1924
-0.79526 -1.1923
-0.79723 -1.1921
-0.79919 -1.1920
-0.80116 -1.1918
-0.80313 -1.1917
-0.80509 -1.1915
-0.80706 -1.1914
-0.80902 -1.1912
-0.81099 -1.1911
-0.81296 -1.1909
-0.81492 -1.1908
-0.81689 -1.1906
-0.81885 -1.1905
-0.82082 -1.1903
-0.82278 -1.1902
-0.82475 -1.1900
-0.82672 -1.1899
-0.82868 -1.1897
-0.83065 -1.1896
-0.83261 -1.1894
-0.83457 -1.1893
-0.83654 -1.1891
-0.83850 -1.1890
-0.84047 -1.1888
-0.84243 -1.1887
-0.84440 -1.1885
-0.84636 -1.1884
-0.84833 -1.1882
-0.85029 -1.1880
-0.85225 -1.1879
-0.85422 -1.1877
-0.85618 -1.1876
-0.85814 -1.1874
-0.86011 -1.1873
-0.86207 -1.1871
-0.86404 -1.1870
-0.86600 -1.1868
-0.86796 -1.1866
-0.86993 -1.1865
-0.87189 -1.1863
-0.87385 -1.1862
-0.87581 -1.1860
-0.87778 -1.1858
-0.87974 -1.1857
-0.88170 -1.1855
-0.88367 -1.1854
-0.88563 -1.1852
-0.88759 -1.1850
-0.88955 -1.1849
-0.89152 -1.1847
-0.89348 -1.1846
-0.89544 -1.1844
-0.89740 -1.1842
-0.89936 -1.1841
-0.90133 -1.1839
-0.90329 -1.1838
-0.90525 -1.1836
-0.90721 -1.1834
-0.90917 -1.1833
-0.91113 -1.1831
-0.91310 -1.1829
-0.91506 -1.1828
-0.91702 -1.1826
-0.91898 -1.1824
-0.92094 -1.1823
-0.92290 -1.1821
-0.92486 -1.1820
-0.92682 -1.1818
-0.92878 -1.1816
-0.93074 -1.1815
-0.93270 -1.1813
-0.93467 -1.1811
-0.93663 -1.1810
-0.93859 -1.1808
-0.94055 -1.1806
-0.94251 -1.1805
-0.94447 -1.1803
-0.94643 -1.1801
-0.94839 -1.1799
-0.95035 -1.1798
-0.95231 -1.1796
-0.95427 -1.1794
-0.95623 -1.1793
-0.95819 -1.1791
-0.96015 -1.1789
-0.96211 -1.1788
-0.96407 -1.1786
-0.96603 -1.1784
-0.96799 -1.1782
-0.96995 -1.1781
-0.97191 -1.1779
-0.97387 -1.1777
-0.97583 -1.1776
-0.97779 -1.1774
-0.97975 -1.1772
-0.98171 -1.1770
-0.98367 -1.1769
-0.98562 -1.1767
-0.98758 -1.1765
-0.98954 -1.1764
-0.99150 -1.1762
-0.99346 -1.1760
-0.99542 -1.1758
-0.99738 -1.1757
-0.99934 -1.1755
-1.0013 -1.1753
-1.0033 -1.1751
-1.0052 -1.1750
-1.0072 -1.1748
-1.0091 -1.1746
-1.0111 -1.1744
-1.0130 -1.1742
-1.0150 -1.1741
-1.0170 -1.1739
-1.0189 -1.1737
-1.0209 -1.1735
-1.0228 -1.1734
-1.0248 -1.1732
-1.0268 -1.1730
-1.0287 -1.1728
-1.0307 -1.1726
-1.0326 -1.1725
-1.0346 -1.1723
-1.0366 -1.1721
-1.0385 -1.1719
-1.0405 -1.1718
-1.0424 -1.1716
-1.0444 -1.1714
-1.0463 -1.1712
-1.0483 -1.1710
-1.0503 -1.1708
-1.0522 -1.1707
-1.0542 -1.1705
-1.0561 -1.1703
-1.0581 -1.1701
-1.0601 -1.1699
-1.0620 -1.1698
-1.0640 -1.1696
-1.0659 -1.1694
-1.0679 -1.1692
-1.0699 -1.1690
-1.0718 -1.1688
-1.0738 -1.1687
-1.0757 -1.1685
-1.0777 -1.1683
-1.0796 -1.1681
-1.0816 -1.1679
-1.0836 -1.1677
-1.0855 -1.1675
-1.0875 -1.1674
-1.0894 -1.1672
-1.0914 -1.1670
-1.0934 -1.1668
-1.0953 -1.1666
-1.0973 -1.1664
-1.0992 -1.1662
-1.1012 -1.1661
-1.1032 -1.1659
-1.1051 -1.1657
-1.1071 -1.1655
-1.1090 -1.1653
-1.1110 -1.1651
-1.1129 -1.1649
-1.1149 -1.1647
-1.1169 -1.1646
-1.1188 -1.1644
-1.1208 -1.1642
-1.1227 -1.1640
-1.1247 -1.1638
-1.1267 -1.1636
-1.1286 -1.1634
-1.1306 -1.1632
-1.1325 -1.1630
-1.1345 -1.1628
-1.1365 -1.1627
-1.1384 -1.1625
-1.1404 -1.1623
-1.1423 -1.1621
-1.1443 -1.1619
-1.1462 -1.1617
-1.1482 -1.1615
-1.1502 -1.1613
-1.1521 -1.1611
-1.1541 -1.1609
-1.1560 -1.1607
-1.1580 -1.1605
-1.1600 -1.1604
-1.1619 -1.1602
-1.1639 -1.1600
-1.1658 -1.1598
-1.1678 -1.1596
-1.1698 -1.1594
-1.1717 -1.1592
-1.1737 -1.1590
-1.1756 -1.1588
-1.1776 -1.1586
-1.1796 -1.1584
-1.1815 -1.1582
-1.1835 -1.1580
-1.1854 -1.1578
-1.1874 -1.1576
-1.1893 -1.1574
-1.1913 -1.1572
-1.1933 -1.1570
-1.1952 -1.1568
-1.1972 -1.1566
-1.1991 -1.1564
-1.2011 -1.1563
-1.2031 -1.1561
-1.2050 -1.1559
-1.2070 -1.1557
-1.2089 -1.1555
-1.2109 -1.1553
-1.2129 -1.1551
-1.2148 -1.1549
-1.2168 -1.1547
-1.2187 -1.1545
-1.2207 -1.1543
-1.2227 -1.1541
-1.2246 -1.1539
-1.2266 -1.1537
-1.2285 -1.1535
-1.2305 -1.1533
-1.2325 -1.1531
-1.2344 -1.1529
-1.2364 -1.1527
-1.2383 -1.1525
-1.2403 -1.1523
-1.2423 -1.1521
-1.2442 -1.1519
-1.2462 -1.1517
-1.2481 -1.1515
-1.2501 -1.1513
-1.2521 -1.1511
-1.2540 -1.1509
-1.2560 -1.1506
-1.2580 -1.1504
-1.2599 -1.1502
-1.2619 -1.1500
-1.2638 -1.1498
-1.2658 -1.1496
-1.2678 -1.1494
-1.2697 -1.1492
-1.2717 -1.1490
-1.2737 -1.1488
-1.2756 -1.1486
-1.2776 -1.1484
-1.2795 -1.1482
-1.2815 -1.1480
-1.2835 -1.1478
-1.2854 -1.1476
-1.2874 -1.1474
-1.2894 -1.1472
-1.2913 -1.1470
-1.2933 -1.1468
-1.2952 -1.1466
-1.2972 -1.1464
-1.2992 -1.1462
-1.3011 -1.1459
-1.3031 -1.1457
-1.3051 -1.1455
-1.3070 -1.1453
-1.3090 -1.1451
-1.3110 -1.1449
-1.3129 -1.1447
-1.3149 -1.1445
-1.3169 -1.1443
-1.3188 -1.1441
-1.3208 -1.1439
-1.3228 -1.1437
-1.3247 -1.1435
-1.3267 -1.1432
-1.3287 -1.1430
-1.3306 -1.1428
-1.3326 -1.1426
-1.3346 -1.1424
-1.3365 -1.1422
-1.3385 -1.1420
-1.3405 -1.1418
-1.3424 -1.1416
-1.3444 -1.1414
-1.3464 -1.1412
-1.3483 -1.1409
-1.3503 -1.1407
-1.3523 -1.1405
-1.3542 -1.1403
-1.3562 -1.1401
-1.3582 -1.1399
-1.3601 -1.1397
-1.3621 -1.1395
-1.3641 -1.1393
-1.3660 -1.1390
-1.3680 -1.1388
-1.3700 -1.1386
-1.3719 -1.1384
-1.3739 -1.1382
-1.3759 -1.1380
-1.3779 -1.1378
-1.3798 -1.1376
-1.3818 -1.1374
-1.3838 -1.1371
-1.3857 -1.1369
-1.3877 -1.1367
-1.3897 -1.1365
-1.3916 -1.1363
-1.3936 -1.1361
-1.3956 -1.1359
-1.3976 -1.1356
-1.3995 -1.1354
-1.4015 -1.1352
-1.4035 -1.1350
-1.4055 -1.1348
-1.4074 -1.1346
-1.4094 -1.1344
-1.4114 -1.1341
-1.4133 -1.1339
-1.4153 -1.1337
-1.4173 -1.1335
-1.4193 -1.1333
-1.4212 -1.1331
-1.4232 -1.1329
-1.4252 -1.1326
-1.4272 -1.1324
-1.4291 -1.1322
-1.4311 -1.1320
-1.4331 -1.1318
-1.4351 -1.1316
-1.4370 -1.1313
-1.4390 -1.1311
-1.4410 -1.1309
-1.4430 -1.1307
-1.4449 -1.1305
-1.4469 -1.1303
-1.4489 -1.1300
-1.4509 -1.1298
-1.4529 -1.1296
-1.4548 -1.1294
-1.4568 -1.1292
-1.4588 -1.1290
-1.4608 -1.1287
-1.4627 -1.1285
-1.4647 -1.1283
-1.4667 -1.1281
-1.4687 -1.1279
-1.4707 -1.1276
-1.4726 -1.1274
-1.4746 -1.1272
-1.4766 -1.1270
-1.4786 -1.1268
-1.4806 -1.1266
-1.4825 -1.1263
-1.4845 -1.1261
-1.4865 -1.1259
-1.4885 -1.1257
-1.4905 -1.1255
-1.4925 -1.1252
-1.4944 -1.1250
-1.4964 -1.1248
-1.4984 -1.1246
-1.5004 -1.1244
-1.5024 -1.1241
-1.5044 -1.1239
-1.5063 -1.1237
-1.5083 -1.1235
-1.5103 -1.1233
-1.5123 -1.1230
-1.5143 -1.1228
-1.5163 -1.1226
-1.5183 -1.1224
-1.5202 -1.1222
-1.5222 -1.1219
-1.5242 -1.1217
-1.5262 -1.1215
-1.5282 -1.1213
-1.5302 -1.1210
-1.5322 -1.1208
-1.5342 -1.1206
-1.5361 -1.1204
-1.5381 -1.1202
-1.5401 -1.1199
-1.5421 -1.1197
-1.5441 -1.1195
-1.5461 -1.1193
-1.5481 -1.1191
-1.5501 -1.1188
-1.5521 -1.1186
-1.5541 -1.1184
-1.5560 -1.1182
-1.5580 -1.1179
-1.5600 -1.1177
-1.5620 -1.1175
-1.5640 -1.1173
-1.5660 -1.1170
-1.5680 -1.1168
-1.5700 -1.1166
-1.5720 -1.1164
-1.5740 -1.1162
-1.5760 -1.1159
-1.5780 -1.1157
-1.5800 -1.1155
-1.5820 -1.1153
-1.5840 -1.1150
-1.5860 -1.1148
-1.5880 -1.1146
-1.5900 -1.1144
-1.5919 -1.1141
-1.5939 -1.1139
-1.5959 -1.1137
-1.5979 -1.1135
-1.5999 -1.1132
-1.6019 -1.1130
-1.6039 -1.1128
-1.6059 -1.1126
-1.6079 -1.1123
-1.6099 -1.1121
-1.6119 -1.1119
-1.6139 -1.1117
-1.6159 -1.1114
-1.6180 -1.1112
-1.6200 -1.1110
-1.6220 -1.1108
-1.6240 -1.1105
-1.6260 -1.1103
-1.6280 -1.1101
-1.6300 -1.1099
-1.6320 -1.1096
-1.6340 -1.1094
-1.6360 -1.1092
-1.6380 -1.1090
-1.6400 -1.1087
-1.6420 -1.1085
-1.6440 -1.1083
-1.6460 -1.1081
-1.6480 -1.1078
-1.6500 -1.1076
-1.6520 -1.1074
-1.6541 -1.1072
-1.6561 -1.1069
-1.6581 -1.1067
-1.6601 -1.1065
-1.6621 -1.1063
-1.6641 -1.1060
-1.6661 -1.1058
-1.6681 -1.1056
-1.6701 -1.1054
-1.6721 -1.1051
-1.6742 -1.1049
-1.6762 -1.1047
-1.6782 -1.1044
-1.6802 -1.1042
-1.6822 -1.1040
-1.6842 -1.1038
-1.6862 -1.1035
-1.6883 -1.1033
-1.6903 -1.1031
-1.6923 -1.1029
-1.6943 -1.1026
-1.6963 -1.1024
-1.6984 -1.1022
-1.7004 -1.1019
-1.7024 -1.1017
-1.7044 -1.1015
-1.7064 -1.1013
-1.7084 -1.1010
-1.7105 -1.1008
-1.7125 -1.1006
-1.7145 -1.1004
-1.7165 -1.1001
-1.7186 -1.0999
-1.7206 -1.0997
-1.7226 -1.0995
-1.7246 -1.0992
-1.7267 -1.0990
-1.7287 -1.0988
-1.7307 -1.0985
-1.7327 -1.0983
-1.7348 -1.0981
-1.7368 -1.0979
-1.7388 -1.0976
-1.7408 -1.0974
-1.7429 -1.0972
-1.7449 -1.0970
-1.7469 -1.0967
-1.7490 -1.0965
-1.7510 -1.0963
-1.7530 -1.0960
-1.7550 -1.0958
-1.7571 -1.0956
-1.7591 -1.0954
-1.7611 -1.0951
-1.7632 -1.0949
-1.7652 -1.0947
-1.7672 -1.0945
-1.7693 -1.0942
-1.7713 -1.0940
-1.7733 -1.0938
-1.7754 -1.0936
-1.7774 -1.0933
-1.7795 -1.0931
-1.7815 -1.0929
-1.7835 -1.0926
-1.7856 -1.0924
-1.7876 -1.0922
-1.7896 -1.0920
-1.7917 -1.0917
-1.7937 -1.0915
-1.7958 -1.0913
-1.7978 -1.0910
-1.7999 -1.0908
-1.8019 -1.0906
-1.8039 -1.0904
-1.8060 -1.0901
-1.8080 -1.0899
-1.8101 -1.0897
-1.8121 -1.0894
-1.8142 -1.0892
-1.8162 -1.0890
-1.8183 -1.0888
-1.8203 -1.0885
-1.8223 -1.0883
-1.8244 -1.0881
-1.8264 -1.0879
-1.8285 -1.0876
-1.8305 -1.0874
-1.8326 -1.0872
-1.8346 -1.0869
-1.8367 -1.0867
-1.8388 -1.0865
-1.8408 -1.0863
-1.8429 -1.0860
-1.8449 -1.0858
-1.8470 -1.0856
-1.8490 -1.0854
-1.8511 -1.0851
-1.8531 -1.0849
-1.8552 -1.0847
-1.8572 -1.0844
-1.8593 -1.0842
-1.8614 -1.0840
-1.8634 -1.0838
-1.8655 -1.0835
-1.8675 -1.0833
-1.8696 -1.0831
-1.8717 -1.0829
-1.8737 -1.0826
-1.8758 -1.0824
-1.8779 -1.0822
-1.8799 -1.0819
-1.8820 -1.0817
-1.8840 -1.0815
-1.8861 -1.0813
-1.8882 -1.0810
-1.8902 -1.0808
-1.8923 -1.0806
-1.8944 -1.0804
-1.8964 -1.0801
-1.8985 -1.0799
-1.9006 -1.0797
-1.9027 -1.0795
-1.9047 -1.0792
-1.9068 -1.0790
-1.9089 -1.0788
-1.9109 -1.0785
-1.9130 -1.0783
-1.9151 -1.0781
-1.9172 -1.0779
-1.9192 -1.0776
-1.9213 -1.0774
-1.9234 -1.0772
-1.9255 -1.0770
-1.9275 -1.0767
-1.9296 -1.0765
-1.9317 -1.0763
-1.9338 -1.0760
-1.9359 -1.0758
-1.9379 -1.0756
-1.9400 -1.0754
-1.9421 -1.0751
-1.9442 -1.0749
-1.9463 -1.0747
-1.9484 -1.0745
-1.9504 -1.0742
-1.9525 -1.0740
-1.9546 -1.0738
-1.9567 -1.0736
-1.9588 -1.0733
-1.9609 -1.0731
-1.9630 -1.0729
-1.9651 -1.0727
-1.9672 -1.0724
-1.9692 -1.0722
-1.9713 -1.0720
-1.9734 -1.0718
-1.9755 -1.0715
-1.9776 -1.0713
-1.9797 -1.0711
-1.9818 -1.0709
-1.9839 -1.0706
-1.9860 -1.0704
-1.9881 -1.0702
-1.9902 -1.0700
-1.9923 -1.0698
-1.9944 -1.0695
-1.9965 -1.0693
-1.9986 -1.0691
-2.0007 -1.0689
-2.0028 -1.0686
-2.0049 -1.0684
-2.0070 -1.0682
-2.0091 -1.0680
-2.0112 -1.0677
-2.0133 -1.0675
-2.0154 -1.0673
-2.0175 -1.0671
-2.0196 -1.0669
-2.0217 -1.0666
-2.0239 -1.0664
-2.0260 -1.0662
-2.0281 -1.0660
-2.0302 -1.0657
-2.0323 -1.0655
-2.0344 -1.0653
-2.0365 -1.0651
-2.0386 -1.0649
-2.0408 -1.0646
-2.0429 -1.0644
-2.0450 -1.0642
-2.0471 -1.0640
-2.0492 -1.0637
-2.0513 -1.0635
-2.0535 -1.0633
-2.0556 -1.0631
-2.0577 -1.0629
-2.0598 -1.0626
-2.0619 -1.0624
-2.0641 -1.0622
-2.0662 -1.0620
-2.0683 -1.0618
-2.0704 -1.0615
-2.0726 -1.0613
-2.0747 -1.0611
-2.0768 -1.0609
-2.0790 -1.0607
-2.0811 -1.0604
-2.0832 -1.0602
-2.0853 -1.0600
-2.0875 -1.0598
-2.0896 -1.0596
-2.0917 -1.0593
-2.0939 -1.0591
-2.0960 -1.0589
-2.0981 -1.0587
-2.1003 -1.0585
-2.1024 -1.0583
-2.1046 -1.0580
-2.1067 -1.0578
-2.1088 -1.0576
-2.1110 -1.0574
-2.1131 -1.0572
-2.1153 -1.0570
-2.1174 -1.0567
-2.1195 -1.0565
-2.1217 -1.0563
-2.1238 -1.0561
-2.1260 -1.0559
-2.1281 -1.0557
-2.1303 -1.0554
-2.1324 -1.0552
-2.1346 -1.0550
-2.1367 -1.0548
-2.1389 -1.0546
-2.1410 -1.0544
-2.1432 -1.0541
-2.1453 -1.0539
-2.1475 -1.0537
-2.1496 -1.0535
-2.1518 -1.0533
-2.1539 -1.0531
-2.1561 -1.0529
-2.1583 -1.0527
-2.1604 -1.0524
-2.1626 -1.0522
-2.1647 -1.0520
-2.1669 -1.0518
-2.1691 -1.0516
-2.1712 -1.0514
-2.1734 -1.0512
-2.1755 -1.0510
-2.1777 -1.0507
-2.1799 -1.0505
-2.1820 -1.0503
-2.1842 -1.0501
-2.1864 -1.0499
-2.1886 -1.0497
-2.1907 -1.0495
-2.1929 -1.0493
-2.1951 -1.0491
-2.1972 -1.0488
-2.1994 -1.0486
-2.2016 -1.0484
-2.2038 -1.0482
-2.2059 -1.0480
-2.2081 -1.0478
-2.2103 -1.0476
-2.2125 -1.0474
-2.2147 -1.0472
-2.2168 -1.0470
-2.2190 -1.0468
-2.2212 -1.0465
-2.2234 -1.0463
-2.2256 -1.0461
-2.2278 -1.0459
-2.2299 -1.0457
-2.2321 -1.0455
-2.2343 -1.0453
-2.2365 -1.0451
-2.2387 -1.0449
-2.2409 -1.0447
-2.2431 -1.0445
-2.2453 -1.0443
-2.2475 -1.0441
-2.2497 -1.0439
-2.2518 -1.0437
-2.2540 -1.0435
-2.2562 -1.0433
-2.2584 -1.0430
-2.2606 -1.0428
-2.2628 -1.0426
-2.2650 -1.0424
-2.2672 -1.0422
-2.2694 -1.0420
-2.2716 -1.0418
-2.2738 -1.0416
-2.2760 -1.0414
-2.2783 -1.0412
-2.2805 -1.0410
-2.2827 -1.0408
-2.2849 -1.0406
-2.2871 -1.0404
-2.2893 -1.0402
-2.2915 -1.0400
-2.2937 -1.0398
-2.2959 -1.0396
-2.2981 -1.0394
-2.3004 -1.0392
-2.3026 -1.0390
-2.3048 -1.0388
-2.3070 -1.0386
-2.3092 -1.0384
-2.3114 -1.0382
-2.3137 -1.0380
-2.3159 -1.0378
-2.3181 -1.0376
-2.3203 -1.0374
-2.3225 -1.0373
-2.3248 -1.0371
-2.3270 -1.0369
-2.3292 -1.0367
-2.3314 -1.0365
-2.3337 -1.0363
-2.3359 -1.0361
-2.3381 -1.0359
-2.3404 -1.0357
-2.3426 -1.0355
-2.3448 -1.0353
-2.3471 -1.0351
-2.3493 -1.0349
-2.3515 -1.0347
-2.3538 -1.0345
-2.3560 -1.0343
-2.3582 -1.0342
-2.3605 -1.0340
-2.3627 -1.0338
-2.3650 -1.0336
-2.3672 -1.0334
-2.3694 -1.0332
-2.3717 -1.0330
-2.3739 -1.0328
-2.3762 -1.0326
-2.3784 -1.0324
-2.3807 -1.0323
-2.3829 -1.0321
-2.3852 -1.0319
-2.3874 -1.0317
-2.3897 -1.0315
-2.3919 -1.0313
-2.3942 -1.0311
-2.3964 -1.0310
-2.3987 -1.0308
-2.4009 -1.0306
-2.4032 -1.0304
-2.4054 -1.0302
-2.4077 -1.0300
-2.4100 -1.0298
-2.4122 -1.0297
-2.4145 -1.0295
-2.4167 -1.0293
-2.4190 -1.0291
-2.4213 -1.0289
-2.4235 -1.0287
-2.4258 -1.0286
-2.4281 -1.0284
-2.4303 -1.0282
-2.4326 -1.0280
-2.4349 -1.0278
-2.4371 -1.0277
-2.4394 -1.0275
-2.4417 -1.0273
-2.4440 -1.0271
-2.4462 -1.0270
-2.4485 -1.0268
-2.4508 -1.0266
-2.4531 -1.0264
-2.4553 -1.0262
-2.4576 -1.0261
-2.4599 -1.0259
-2.4622 -1.0257
-2.4645 -1.0255
-2.4667 -1.0254
-2.4690 -1.0252
-2.4713 -1.0250
-2.4736 -1.0249
-2.4759 -1.0247
-2.4782 -1.0245
-2.4805 -1.0243
-2.4827 -1.0242
-2.4850 -1.0240
-2.4873 -1.0238
-2.4896 -1.0237
-2.4919 -1.0235
-2.4942 -1.0233
-2.4965 -1.0231
-2.4988 -1.0230
-2.5011 -1.0228
-2.5034 -1.0226
-2.5057 -1.0225
-2.5080 -1.0223
-2.5103 -1.0221
-2.5126 -1.0220
-2.5149 -1.0218
-2.5172 -1.0216
-2.5195 -1.0215
-2.5218 -1.0213
-2.5241 -1.0211
-2.5264 -1.0210
-2.5287 -1.0208
-2.5310 -1.0207
-2.5333 -1.0205
-2.5357 -1.0203
-2.5380 -1.0202
-2.5403 -1.0200
-2.5426 -1.0199
-2.5449 -1.0197
-2.5472 -1.0195
-2.5495 -1.0194
-2.5518 -1.0192
-2.5542 -1.0191
-2.5565 -1.0189
-2.5588 -1.0187
-2.5611 -1.0186
-2.5634 -1.0184
-2.5658 -1.0183
-2.5681 -1.0181
-2.5704 -1.0180
-2.5727 -1.0178
-2.5751 -1.0177
-2.5774 -1.0175
-2.5797 -1.0173
-2.5820 -1.0172
-2.5844 -1.0170
-2.5867 -1.0169
-2.5890 -1.0167
-2.5914 -1.0166
-2.5937 -1.0164
-2.5960 -1.0163
-2.5984 -1.0161
-2.6007 -1.0160
-2.6030 -1.0158
-2.6054 -1.0157
-2.6077 -1.0156
-2.6101 -1.0154
-2.6124 -1.0153
-2.6147 -1.0151
-2.6171 -1.0150
-2.6194 -1.0148
-2.6218 -1.0147
-2.6241 -1.0145
-2.6265 -1.0144
-2.6288 -1.0143
-2.6311 -1.0141
-2.6335 -1.0140
-2.6358 -1.0138
-2.6382 -1.0137
-2.6405 -1.0135
-2.6429 -1.0134
-2.6452 -1.0133
-2.6476 -1.0131
-2.6500 -1.0130
-2.6523 -1.0129
-2.6547 -1.0127
-2.6570 -1.0126
-2.6594 -1.0124
-2.6617 -1.0123
-2.6641 -1.0122
-2.6665 -1.0120
-2.6688 -1.0119
-2.6712 -1.0118
-2.6735 -1.0116
-2.6759 -1.0115
-2.6783 -1.0114
-2.6806 -1.0113
-2.6830 -1.0111
-2.6854 -1.0110
-2.6877 -1.0109
-2.6901 -1.0107
-2.6925 -1.0106
-2.6948 -1.0105
-2.6972 -1.0104
-2.6996 -1.0102
-2.7020 -1.0101
-2.7043 -1.0100
-2.7067 -1.0099
-2.7091 -1.0097
-2.7114 -1.0096
-2.7138 -1.0095
-2.7162 -1.0094
-2.7186 -1.0092
-2.7210 -1.0091
-2.7233 -1.0090
-2.7257 -1.0089
-2.7281 -1.0088
-2.7305 -1.0086
-2.7329 -1.0085
-2.7352 -1.0084
-2.7376 -1.0083
-2.7400 -1.0082
-2.7424 -1.0081
-2.7448 -1.0079
-2.7472 -1.0078
-2.7495 -1.0077
-2.7519 -1.0076
-2.7543 -1.0075
-2.7567 -1.0074
-2.7591 -1.0073
-2.7615 -1.0072
-2.7639 -1.0070
-2.7663 -1.0069
-2.7687 -1.0068
-2.7711 -1.0067
-2.7735 -1.0066
-2.7759 -1.0065
-2.7783 -1.0064
-2.7807 -1.0063
-2.7831 -1.0062
-2.7854 -1.0061
-2.7878 -1.0060
-2.7902 -1.0059
-2.7926 -1.0058
-2.7950 -1.0057
-2.7975 -1.0056
-2.7999 -1.0055
-2.8023 -1.0054
-2.8047 -1.0053
-2.8071 -1.0052
-2.8095 -1.0051
-2.8119 -1.0050
-2.8143 -1.0049
-2.8167 -1.0048
-2.8191 -1.0047
-2.8215 -1.0046
-2.8239 -1.0045
-2.8263 -1.0044
-2.8287 -1.0043
-2.8312 -1.0042
-2.8336 -1.0041
-2.8360 -1.0040
-2.8384 -1.0040
-2.8408 -1.0039
-2.8432 -1.0038
-2.8456 -1.0037
-2.8480 -1.0036
-2.8505 -1.0035
-2.8529 -1.0034
-2.8553 -1.0033
-2.8577 -1.0033
-2.8601 -1.0032
-2.8626 -1.0031
-2.8650 -1.0030
-2.8674 -1.0029
-2.8698 -1.0028
-2.8722 -1.0028
-2.8747 -1.0027
-2.8771 -1.0026
-2.8795 -1.0025
-2.8819 -1.0024
-2.8843 -1.0024
-2.8868 -1.0023
-2.8892 -1.0022
-2.8916 -1.0021
-2.8941 -1.0021
-2.8965 -1.0020
-2.8989 -1.0019
-2.9013 -1.0018
-2.9038 -1.0018
-2.9062 -1.0017
-2.9086 -1.0016
-2.9110 -1.0016
-2.9135 -1.0015
-2.9159 -1.0014
-2.9183 -1.0013
-2.9208 -1.0013
-2.9232 -1.0012
-2.9256 -1.0011
-2.9281 -1.0011
-2.9305 -1.0010
-2.9329 -1.0010
-2.9354 -1.0009
-2.9378 -1.0008
-2.9402 -1.0008
-2.9427 -1.0007
-2.9451 -1.0006
-2.9476 -1.0006
-2.9500 -1.0005
-2.9524 -1.0005
-2.9549 -1.0004
-2.9573 -1.0004
-2.9597 -1.0003
-2.9622 -1.0002
-2.9646 -1.0002
-2.9671 -1.0001
-2.9695 -1.0001
-2.9719 -1.0000
-2.9744 -0.99998
-2.9768 -0.99993
-2.9793 -0.99988
-2.9817 -0.99983
-2.9841 -0.99978
-2.9866 -0.99973
-2.9890 -0.99969
-2.9915 -0.99964
-2.9939 -0.99959
-2.9964 -0.99955
-2.9988 -0.99950
-3.0013 -0.99946
-3.0037 -0.99942
-3.0062 -0.99938
-3.0086 -0.99933
-3.0110 -0.99929
-3.0135 -0.99925
-3.0159 -0.99921
-3.0184 -0.99918
-3.0208 -0.99914
-3.0233 -0.99910
-3.0257 -0.99907
-3.0282 -0.99903
-3.0306 -0.99900
-3.0331 -0.99896
-3.0355 -0.99893
-3.0380 -0.99890
-3.0404 -0.99886
-3.0429 -0.99883
-3.0453 -0.99880
-3.0478 -0.99877
-3.0502 -0.99874
-3.0527 -0.99872
-3.0551 -0.99869
-3.0576 -0.99866
-3.0600 -0.99864
-3.0625 -0.99861
-3.0649 -0.99859
-3.0674 -0.99856
-3.0698 -0.99854
-3.0723 -0.99852
-3.0747 -0.99850
-3.0772 -0.99848
-3.0796 -0.99846
-3.0821 -0.99844
-3.0845 -0.99842
-3.0870 -0.99840
-3.0895 -0.99839
-3.0919 -0.99837
-3.0944 -0.99835
-3.0968 -0.99834
-3.0993 -0.99833
-3.1017 -0.99831
-3.1042 -0.99830
-3.1066 -0.99829
-3.1091 -0.99828
-3.1115 -0.99827
-3.1140 -0.99826
-3.1164 -0.99825
-3.1189 -0.99824
-3.1213 -0.99824
-3.1238 -0.99823
-3.1262 -0.99823
-3.1287 -0.99822
-3.1311 -0.99822
-3.1336 -0.99821
-3.1361 -0.99821
-3.1385 -0.99821
-3.1410 -0.99821
-3.1434 -0.99821
-3.1459 -0.99821
-3.1483 -0.99821
-3.1508 -0.99821
-3.1532 -0.99821
-3.1557 -0.99822
-3.1581 -0.99822
-3.1606 -0.99823
-3.1630 -0.99823
-3.1655 -0.99824
-3.1679 -0.99825
-3.1704 -0.99826
-3.1728 -0.99826
-3.1753 -0.99827
-3.1778 -0.99828
-3.1802 -0.99830
-3.1827 -0.99831
-3.1851 -0.99832
-3.1876 -0.99833
-3.1900 -0.99835
-3.1925 -0.99836
-3.1949 -0.99838
-3.1974 -0.99839
-3.1998 -0.99841
-3.2023 -0.99843
-3.2047 -0.99845
-3.2072 -0.99847
-3.2096 -0.99849
-3.2121 -0.99851
-3.2145 -0.99853
-3.2170 -0.99855
-3.2195 -0.99858
-3.2219 -0.99860
-3.2244 -0.99862
-3.2268 -0.99865
-3.2293 -0.99868
-3.2317 -0.99870
-3.2342 -0.99873
-3.2366 -0.99876
-3.2391 -0.99879
-3.2415 -0.99882
-3.2440 -0.99885
-3.2464 -0.99888
-3.2489 -0.99891
-3.2513 -0.99894
-3.2538 -0.99898
-3.2562 -0.99901
-3.2587 -0.99905
-3.2611 -0.99908
-3.2635 -0.99912
-3.2660 -0.99916
-3.2684 -0.99920
-3.2709 -0.99923
-3.2733 -0.99927
-3.2758 -0.99931
-3.2782 -0.99935
-3.2807 -0.99940
-3.2831 -0.99944
-3.2856 -0.99948
-3.2880 -0.99953
-3.2905 -0.99957
-3.2929 -0.99962
-3.2953 -0.99966
-3.2978 -0.99971
-3.3002 -0.99976
-3.3027 -0.99980
-3.3051 -0.99985
-3.3076 -0.99990
-3.3100 -0.99995
-3.3124 -1.0000
-3.3149 -1.0001
-3.3173 -1.0001
-3.3198 -1.0002
-3.3222 -1.0002
-3.3246 -1.0003
-3.3271 -1.0003
-3.3295 -1.0004
-3.3320 -1.0004
-3.3344 -1.0005
-3.3368 -1.0006
-3.3393 -1.0006
-3.3417 -1.0007
-3.3442 -1.0007
-3.3466 -1.0008
-3.3490 -1.0009
-3.3515 -1.0009
-3.3539 -1.0010
-3.3563 -1.0010
-3.3588 -1.0011
-3.3612 -1.0012
-3.3636 -1.0012
-3.3661 -1.0013
-3.3685 -1.0014
-3.3709 -1.0014
-3.3733 -1.0015
-3.3758 -1.0016
-3.3782 -1.0017
-3.3806 -1.0017
-3.3831 -1.0018
-3.3855 -1.0019
-3.3879 -1.0019
-3.3904 -1.0020
-3.3928 -1.0021
-3.3952 -1.0022
-3.3976 -1.0022
-3.4001 -1.0023
-3.4025 -1.0024
-3.4049 -1.0025
-3.4073 -1.0026
-3.4097 -1.0026
-3.4122 -1.0027
-3.4146 -1.0028
-3.4170 -1.0029
-3.4194 -1.0030
-3.4219 -1.0030
-3.4243 -1.0031
-3.4267 -1.0032
-3.4291 -1.0033
-3.4315 -1.0034
-3.4339 -1.0035
-3.4364 -1.0035
-3.4388 -1.0036
-3.4412 -1.0037
-3.4436 -1.0038
-3.4460 -1.0039
-3.4484 -1.0040
-3.4509 -1.0041
-3.4533 -1.0042
-3.4557 -1.0043
-3.4581 -1.0044
-3.4605 -1.0045
-3.4629 -1.0045
-3.4653 -1.0046
-3.4677 -1.0047
-3.4701 -1.0048
-3.4725 -1.0049
-3.4749 -1.0050
-3.4774 -1.0051
-3.4798 -1.0052
-3.4822 -1.0053
-3.4846 -1.0054
-3.4870 -1.0055
-3.4894 -1.0056
-3.4918 -1.0057
-3.4942 -1.0058
-3.4966 -1.0059
-3.4990 -1.0060
-3.5014 -1.0061
-3.5038 -1.0062
-3.5062 -1.0064
-3.5086 -1.0065
-3.5110 -1.0066
-3.5134 -1.0067
-3.5158 -1.0068
-3.5182 -1.0069
-3.5205 -1.0070
-3.5229 -1.0071
-3.5253 -1.0072
-3.5277 -1.0073
-3.5301 -1.0074
-3.5325 -1.0076
-3.5349 -1.0077
-3.5373 -1.0078
-3.5397 -1.0079
-3.5421 -1.0080
-3.5444 -1.0081
-3.5468 -1.0082
-3.5492 -1.0084
-3.5516 -1.0085
-3.5540 -1.0086
-3.5564 -1.0087
-3.5587 -1.0088
-3.5611 -1.0089
-3.5635 -1.0091
-3.5659 -1.0092
-3.5683 -1.0093
-3.5706 -1.0094
-3.5730 -1.0096
-3.5754 -1.0097
-3.5778 -1.0098
-3.5801 -1.0099
-3.5825 -1.0100
-3.5849 -1.0102
-3.5872 -1.0103
-3.5896 -1.0104
-3.5920 -1.0106
-3.5944 -1.0107
-3.5967 -1.0108
-3.5991 -1.0109
-3.6015 -1.0111
-3.6038 -1.0112
-3.6062 -1.0113
-3.6086 -1.0115
