x y
1.14000000000000 0.000000000000000
1.1400 -0.0026964
1.1399 -0.0053925
1.1398 -0.0080882
1.1396 -0.010783
1.1394 -0.013477
1.1390 -0.016169
1.1387 -0.018860
1.1382 -0.021549
1.1377 -0.024235
1.1371 -0.026919
1.1365 -0.029600
1.1358 -0.032278
1.1350 -0.034953
1.1342 -0.037624
1.1333 -0.040290
1.1324 -0.042953
1.1314 -0.045611
1.1303 -0.048264
1.1292 -0.050913
1.1280 -0.053555
1.1267 -0.056193
1.1254 -0.058824
1.1240 -0.061450
1.1226 -0.064069
1.1211 -0.066682
1.1196 -0.069288
1.1180 -0.071888
1.1163 -0.074480
1.1146 -0.077064
1.1128 -0.079642
1.1110 -0.082211
1.1091 -0.084772
1.1072 -0.087326
1.1052 -0.089871
1.1032 -0.092407
1.1011 -0.094935
1.0989 -0.097454
1.0967 -0.099965
1.0945 -0.10247
1.0922 -0.10496
1.0898 -0.10744
1.0874 -0.10991
1.0850 -0.11238
1.0825 -0.11483
1.0800 -0.11727
1.0774 -0.11971
1.0747 -0.12213
1.0721 -0.12454
1.0693 -0.12695
1.0666 -0.12934
1.0637 -0.13172
1.0609 -0.13409
1.0580 -0.13646
1.0550 -0.13881
1.0520 -0.14115
1.0490 -0.14347
1.0459 -0.14579
1.0428 -0.14810
1.0397 -0.15040
1.0365 -0.15268
1.0333 -0.15496
1.0300 -0.15722
1.0267 -0.15947
1.0234 -0.16171
1.0200 -0.16394
1.0166 -0.16616
1.0131 -0.16837
1.0096 -0.17056
1.0061 -0.17275
1.0026 -0.17492
0.99897 -0.17708
0.99535 -0.17923
0.99169 -0.18137
0.98800 -0.18350
0.98428 -0.18562
0.98053 -0.18772
0.97674 -0.18982
0.97292 -0.19190
0.96908 -0.19397
0.96520 -0.19603
0.96129 -0.19808
0.95736 -0.20011
0.95339 -0.20214
0.94940 -0.20415
0.94537 -0.20616
0.94132 -0.20815
0.93724 -0.21013
0.93313 -0.21210
0.92900 -0.21406
0.92484 -0.21600
0.92065 -0.21794
0.91643 -0.21986
0.91219 -0.22177
0.90793 -0.22368
0.90364 -0.22557
0.89932 -0.22745
0.89498 -0.22931
0.89061 -0.23117
0.88622 -0.23302
0.88181 -0.23485
0.87737 -0.23667
0.87291 -0.23849
0.86842 -0.24029
0.86391 -0.24208
0.85938 -0.24386
0.85483 -0.24563
0.85025 -0.24738
0.84565 -0.24913
0.84103 -0.25086
0.83638 -0.25259
0.83172 -0.25430
0.82703 -0.25600
0.82233 -0.25770
0.81760 -0.25938
0.81285 -0.26105
0.80808 -0.26271
0.80329 -0.26435
0.79848 -0.26599
0.79364 -0.26762
0.78879 -0.26923
0.78392 -0.27084
0.77903 -0.27243
0.77412 -0.27401
0.76919 -0.27559
0.76424 -0.27715
0.75927 -0.27870
0.75428 -0.28024
0.74928 -0.28177
0.74425 -0.28329
0.73921 -0.28479
0.73415 -0.28629
0.72907 -0.28778
0.72397 -0.28925
0.71885 -0.29072
0.71372 -0.29217
0.70857 -0.29361
0.70340 -0.29504
0.69821 -0.29647
0.69301 -0.29788
0.68778 -0.29928
0.68254 -0.30067
0.67729 -0.30204
0.67201 -0.30341
0.66672 -0.30477
0.66142 -0.30612
0.65609 -0.30745
0.65075 -0.30878
0.64539 -0.31009
0.64002 -0.31139
0.63463 -0.31268
0.62922 -0.31397
0.62380 -0.31524
0.61836 -0.31650
0.61291 -0.31774
0.60744 -0.31898
0.60195 -0.32021
0.59645 -0.32142
0.59094 -0.32263
0.58541 -0.32382
0.57986 -0.32501
0.57430 -0.32618
0.56872 -0.32734
0.56313 -0.32849
0.55752 -0.32963
0.55190 -0.33076
0.54626 -0.33187
0.54061 -0.33298
0.53494 -0.33407
0.52926 -0.33516
0.52357 -0.33623
0.51786 -0.33729
0.51214 -0.33834
0.50640 -0.33938
0.50065 -0.34041
0.49488 -0.34142
0.48911 -0.34243
0.48331 -0.34342
0.47751 -0.34440
0.47169 -0.34537
0.46586 -0.34633
0.46001 -0.34728
0.45415 -0.34822
0.44828 -0.34914
0.44240 -0.35005
0.43650 -0.35096
0.43059 -0.35185
0.42467 -0.35272
0.41874 -0.35359
0.41279 -0.35444
0.40684 -0.35529
0.40087 -0.35612
0.39488 -0.35694
0.38889 -0.35775
0.38288 -0.35854
0.37687 -0.35932
0.37084 -0.36010
0.36480 -0.36086
0.35875 -0.36160
0.35269 -0.36234
0.34662 -0.36306
0.34053 -0.36377
0.33444 -0.36447
0.32834 -0.36516
0.32223 -0.36583
0.31610 -0.36650
0.30997 -0.36715
0.30382 -0.36779
0.29767 -0.36841
0.29151 -0.36902
0.28534 -0.36963
0.27916 -0.37021
0.27297 -0.37079
0.26677 -0.37135
0.26056 -0.37190
0.25435 -0.37244
0.24813 -0.37297
0.24190 -0.37348
0.23566 -0.37398
0.22941 -0.37447
0.22316 -0.37494
0.21689 -0.37540
0.21062 -0.37585
0.20435 -0.37629
0.19807 -0.37671
0.19178 -0.37712
0.18548 -0.37752
0.17918 -0.37791
0.17287 -0.37828
0.16656 -0.37864
0.16024 -0.37898
0.15392 -0.37932
0.14759 -0.37964
0.14125 -0.37994
0.13491 -0.38024
0.12857 -0.38052
0.12222 -0.38078
0.11587 -0.38104
0.10951 -0.38128
0.10315 -0.38151
0.096785 -0.38172
0.090418 -0.38192
0.084047 -0.38211
0.077674 -0.38229
0.071298 -0.38245
0.064920 -0.38260
0.058539 -0.38273
0.052156 -0.38285
0.045772 -0.38296
0.039386 -0.38306
0.032998 -0.38314
0.026610 -0.38321
0.020220 -0.38327
0.013830 -0.38331
0.0074392 -0.38334
0.0010482 -0.38335
-0.0053428 -0.38335
-0.011734 -0.38334
-0.018124 -0.38332
-0.024514 -0.38328
-0.030903 -0.38323
-0.037291 -0.38317
-0.043677 -0.38309
-0.050062 -0.38300
-0.056445 -0.38289
-0.062827 -0.38277
-0.069206 -0.38264
-0.075583 -0.38250
-0.081957 -0.38234
-0.088328 -0.38217
-0.094697 -0.38199
-0.10106 -0.38179
-0.10742 -0.38158
-0.11378 -0.38136
-0.12014 -0.38112
-0.12648 -0.38087
-0.13283 -0.38061
-0.13917 -0.38033
-0.14551 -0.38004
-0.15184 -0.37974
-0.15817 -0.37943
-0.16449 -0.37910
-0.17080 -0.37876
-0.17711 -0.37841
-0.18342 -0.37804
-0.18971 -0.37766
-0.19600 -0.37727
-0.20229 -0.37686
-0.20857 -0.37644
-0.21484 -0.37601
-0.22110 -0.37557
-0.22736 -0.37511
-0.23361 -0.37464
-0.23985 -0.37416
-0.24608 -0.37366
-0.25231 -0.37316
-0.25853 -0.37264
-0.26474 -0.37210
-0.27094 -0.37156
-0.27713 -0.37100
-0.28331 -0.37043
-0.28949 -0.36985
-0.29565 -0.36926
-0.30181 -0.36865
-0.30796 -0.36803
-0.31409 -0.36740
-0.32022 -0.36675
-0.32634 -0.36610
-0.33244 -0.36543
-0.33854 -0.36475
-0.34463 -0.36406
-0.35070 -0.36335
-0.35677 -0.36263
-0.36282 -0.36191
-0.36887 -0.36116
-0.37490 -0.36041
-0.38092 -0.35965
-0.38693 -0.35887
-0.39293 -0.35808
-0.39891 -0.35728
-0.40489 -0.35647
-0.41085 -0.35565
-0.41680 -0.35481
-0.42274 -0.35396
-0.42867 -0.35311
-0.43458 -0.35223
-0.44048 -0.35135
-0.44637 -0.35046
-0.45225 -0.34956
-0.45811 -0.34864
-0.46396 -0.34771
-0.46980 -0.34677
-0.47562 -0.34582
-0.48143 -0.34486
-0.48723 -0.34389
-0.49302 -0.34290
-0.49879 -0.34191
-0.50454 -0.34090
-0.51029 -0.33988
-0.51602 -0.33885
-0.52173 -0.33781
-0.52743 -0.33676
-0.53312 -0.33570
-0.53879 -0.33463
-0.54445 -0.33354
-0.55010 -0.33245
-0.55573 -0.33134
-0.56134 -0.33022
-0.56694 -0.32909
-0.57253 -0.32795
-0.57810 -0.32680
-0.58365 -0.32564
-0.58919 -0.32447
-0.59472 -0.32329
-0.60023 -0.32209
-0.60572 -0.32089
-0.61120 -0.31967
-0.61666 -0.31845
-0.62211 -0.31721
-0.62754 -0.31596
-0.63296 -0.31471
-0.63836 -0.31344
-0.64374 -0.31216
-0.64911 -0.31087
-0.65446 -0.30957
-0.65980 -0.30826
-0.66512 -0.30693
-0.67042 -0.30560
-0.67571 -0.30426
-0.68097 -0.30290
-0.68623 -0.30154
-0.69146 -0.30016
-0.69668 -0.29878
-0.70188 -0.29738
-0.70707 -0.29598
-0.71223 -0.29456
-0.71738 -0.29313
-0.72251 -0.29169
-0.72763 -0.29024
-0.73272 -0.28878
-0.73780 -0.28731
-0.74286 -0.28583
-0.74790 -0.28434
-0.75293 -0.28284
-0.75793 -0.28132
-0.76292 -0.27980
-0.76789 -0.27827
-0.77284 -0.27672
-0.77777 -0.27517
-0.78268 -0.27360
-0.78757 -0.27203
-0.79245 -0.27044
-0.79730 -0.26884
-0.80213 -0.26723
-0.80695 -0.26562
-0.81174 -0.26399
-0.81652 -0.26235
-0.82127 -0.26070
-0.82600 -0.25903
-0.83072 -0.25736
-0.83541 -0.25568
-0.84008 -0.25399
-0.84473 -0.25228
-0.84936 -0.25057
-0.85396 -0.24884
-0.85855 -0.24711
-0.86311 -0.24536
-0.86765 -0.24360
-0.87217 -0.24183
-0.87667 -0.24005
-0.88114 -0.23826
-0.88559 -0.23646
-0.89002 -0.23465
-0.89443 -0.23283
-0.89881 -0.23099
-0.90316 -0.22915
-0.90749 -0.22729
-0.91180 -0.22542
-0.91609 -0.22355
-0.92034 -0.22166
-0.92458 -0.21976
-0.92878 -0.21785
-0.93297 -0.21593
-0.93712 -0.21399
-0.94125 -0.21205
-0.94535 -0.21009
-0.94943 -0.20813
-0.95348 -0.20615
-0.95750 -0.20416
-0.96149 -0.20216
-0.96546 -0.20015
-0.96939 -0.19813
-0.97330 -0.19610
-0.97718 -0.19406
-0.98102 -0.19200
-0.98484 -0.18994
-0.98863 -0.18786
-0.99239 -0.18577
-0.99611 -0.18367
-0.99981 -0.18156
-1.0035 -0.17944
-1.0071 -0.17731
-1.0107 -0.17516
-1.0143 -0.17301
-1.0178 -0.17084
-1.0213 -0.16866
-1.0248 -0.16648
-1.0282 -0.16428
-1.0316 -0.16207
-1.0349 -0.15985
-1.0382 -0.15761
-1.0415 -0.15537
-1.0448 -0.15312
-1.0480 -0.15085
-1.0512 -0.14858
-1.0543 -0.14629
-1.0574 -0.14399
-1.0604 -0.14168
-1.0634 -0.13936
-1.0664 -0.13704
-1.0693 -0.13470
-1.0722 -0.13235
-1.0751 -0.12998
-1.0779 -0.12761
-1.0806 -0.12523
-1.0834 -0.12284
-1.0860 -0.12044
-1.0887 -0.11803
-1.0912 -0.11561
-1.0938 -0.11317
-1.0963 -0.11073
-1.0987 -0.10828
-1.1011 -0.10582
-1.1034 -0.10335
-1.1057 -0.10088
-1.1080 -0.098388
-1.1102 -0.095891
-1.1123 -0.093386
-1.1144 -0.090872
-1.1165 -0.088349
-1.1184 -0.085818
-1.1204 -0.083279
-1.1223 -0.080732
-1.1241 -0.078177
-1.1259 -0.075615
-1.1276 -0.073045
-1.1293 -0.070468
-1.1309 -0.067883
-1.1324 -0.065292
-1.1339 -0.062694
-1.1354 -0.060090
-1.1368 -0.057480
-1.1381 -0.054863
-1.1394 -0.052241
-1.1406 -0.049614
-1.1417 -0.046981
-1.1428 -0.044343
-1.1438 -0.041700
-1.1448 -0.039053
-1.1457 -0.036401
-1.1466 -0.033746
-1.1474 -0.031087
-1.1481 -0.028424
-1.1487 -0.025759
-1.1493 -0.023090
-1.1499 -0.020419
-1.1504 -0.017745
-1.1508 -0.015069
-1.1511 -0.012392
-1.1514 -0.0097131
-1.1517 -0.0070331
-1.1518 -0.0043522
-1.1519 -0.0016707
-1.1520 0.0010111
-1.1519 0.0036929
-1.1519 0.0063743
-1.1517 0.0090552
-1.1515 0.011735
-1.1512 0.014414
-1.1509 0.017091
-1.1505 0.019767
-1.1500 0.022441
-1.1495 0.025112
-1.1489 0.027780
-1.1483 0.030446
-1.1475 0.033109
-1.1468 0.035768
-1.1459 0.038423
-1.1450 0.041074
-1.1441 0.043721
-1.1431 0.046364
-1.1420 0.049002
-1.1409 0.051635
-1.1397 0.054262
-1.1384 0.056884
-1.1371 0.059500
-1.1357 0.062110
-1.1343 0.064714
-1.1328 0.067312
-1.1313 0.069903
-1.1297 0.072487
-1.1280 0.075064
-1.1263 0.077633
-1.1246 0.080195
-1.1227 0.082750
-1.1209 0.085296
-1.1190 0.087835
-1.1170 0.090365
-1.1149 0.092887
-1.1129 0.095401
-1.1107 0.097905
-1.1086 0.10040
-1.1063 0.10289
-1.1040 0.10537
-1.1017 0.10783
-1.0993 0.11029
-1.0969 0.11274
-1.0944 0.11518
-1.0919 0.11761
-1.0893 0.12003
-1.0867 0.12244
-1.0841 0.12485
-1.0814 0.12724
-1.0786 0.12962
-1.0758 0.13199
-1.0730 0.13434
-1.0701 0.13669
-1.0672 0.13903
-1.0643 0.14136
-1.0613 0.14368
-1.0582 0.14598
-1.0552 0.14828
-1.0520 0.15057
-1.0489 0.15284
-1.0457 0.15510
-1.0425 0.15736
-1.0392 0.15960
-1.0359 0.16183
-1.0326 0.16405
-1.0292 0.16626
-1.0258 0.16845
-1.0223 0.17064
-1.0188 0.17282
-1.0153 0.17498
-1.0118 0.17713
-1.0082 0.17927
-1.0046 0.18140
-1.0009 0.18352
-0.99727 0.18563
-0.99357 0.18773
-0.98983 0.18982
-0.98606 0.19189
-0.98226 0.19395
-0.97843 0.19601
-0.97457 0.19805
-0.97068 0.20008
-0.96677 0.20210
-0.96282 0.20411
-0.95885 0.20610
-0.95485 0.20809
-0.95082 0.21006
-0.94677 0.21203
-0.94268 0.21398
-0.93858 0.21592
-0.93444 0.21785
-0.93028 0.21977
-0.92610 0.22168
-0.92189 0.22358
-0.91765 0.22547
-0.91339 0.22734
-0.90911 0.22921
-0.90480 0.23106
-0.90047 0.23290
-0.89611 0.23473
-0.89173 0.23655
-0.88733 0.23837
-0.88291 0.24016
-0.87846 0.24195
-0.87399 0.24373
-0.86949 0.24550
-0.86498 0.24725
-0.86044 0.24900
-0.85589 0.25073
-0.85131 0.25246
-0.84671 0.25417
-0.84208 0.25587
-0.83744 0.25757
-0.83278 0.25925
-0.82810 0.26092
-0.82339 0.26258
-0.81867 0.26423
-0.81392 0.26586
-0.80916 0.26749
-0.80438 0.26911
-0.79958 0.27072
-0.79475 0.27231
-0.78991 0.27390
-0.78505 0.27548
-0.78017 0.27704
-0.77528 0.27859
-0.77036 0.28014
-0.76543 0.28167
-0.76047 0.28319
-0.75550 0.28471
-0.75051 0.28621
-0.74551 0.28770
-0.74048 0.28918
-0.73544 0.29065
-0.73038 0.29211
-0.72531 0.29356
-0.72021 0.29500
-0.71510 0.29643
-0.70997 0.29785
-0.70483 0.29925
-0.69966 0.30065
-0.69448 0.30204
-0.68929 0.30341
-0.68408 0.30478
-0.67885 0.30613
-0.67360 0.30748
-0.66834 0.30881
-0.66306 0.31014
-0.65777 0.31145
-0.65246 0.31275
-0.64714 0.31404
-0.64180 0.31533
-0.63644 0.31660
-0.63107 0.31786
-0.62568 0.31911
-0.62028 0.32035
-0.61486 0.32158
-0.60943 0.32279
-0.60398 0.32400
-0.59851 0.32520
-0.59304 0.32639
-0.58754 0.32756
-0.58204 0.32873
-0.57651 0.32988
-0.57098 0.33103
-0.56542 0.33216
-0.55986 0.33328
-0.55428 0.33439
-0.54868 0.33549
-0.54308 0.33658
-0.53745 0.33766
-0.53182 0.33873
-0.52617 0.33979
-0.52050 0.34083
-0.51483 0.34187
-0.50914 0.34289
-0.50343 0.34391
-0.49771 0.34491
-0.49198 0.34590
-0.48624 0.34688
-0.48048 0.34785
-0.47471 0.34881
-0.46893 0.34976
-0.46313 0.35069
-0.45733 0.35162
-0.45151 0.35253
-0.44567 0.35343
-0.43983 0.35432
-0.43397 0.35520
-0.42810 0.35607
-0.42222 0.35693
-0.41633 0.35778
-0.41042 0.35861
-0.40451 0.35943
-0.39858 0.36024
-0.39264 0.36104
-0.38669 0.36183
-0.38073 0.36261
-0.37475 0.36337
-0.36877 0.36413
-0.36278 0.36487
-0.35677 0.36560
-0.35076 0.36632
-0.34473 0.36702
-0.33870 0.36772
-0.33265 0.36840
-0.32659 0.36907
-0.32053 0.36973
-0.31445 0.37038
-0.30837 0.37101
-0.30227 0.37164
-0.29617 0.37225
-0.29006 0.37285
-0.28394 0.37343
-0.27781 0.37401
-0.27167 0.37457
-0.26552 0.37512
-0.25937 0.37566
-0.25321 0.37619
-0.24704 0.37670
-0.24086 0.37720
-0.23467 0.37769
-0.22848 0.37817
-0.22228 0.37863
-0.21607 0.37908
-0.20986 0.37952
-0.20363 0.37995
-0.19741 0.38036
-0.19117 0.38076
-0.18493 0.38115
-0.17869 0.38153
-0.17244 0.38189
-0.16618 0.38225
-0.15991 0.38258
-0.15365 0.38291
-0.14737 0.38322
-0.14110 0.38352
-0.13481 0.38381
-0.12853 0.38409
-0.12224 0.38435
-0.11594 0.38460
-0.10964 0.38484
-0.10334 0.38506
-0.097032 0.38527
-0.090723 0.38547
-0.084411 0.38566
-0.078096 0.38583
-0.071778 0.38599
-0.065458 0.38614
-0.059136 0.38627
-0.052812 0.38639
-0.046486 0.38650
-0.040158 0.38659
-0.033829 0.38668
-0.027499 0.38674
-0.021168 0.38680
-0.014837 0.38684
-0.0085045 0.38688
-0.0021721 0.38689
0.0041604 0.38690
0.010493 0.38689
0.016825 0.38687
0.023156 0.38683
0.029487 0.38679
0.035817 0.38672
0.042145 0.38665
0.048472 0.38657
0.054797 0.38647
0.061121 0.38635
0.067443 0.38623
0.073762 0.38609
0.080079 0.38594
0.086393 0.38578
0.092704 0.38560
0.099013 0.38541
0.10532 0.38521
0.11162 0.38499
0.11792 0.38477
0.12421 0.38453
0.13050 0.38427
0.13679 0.38401
0.14307 0.38373
0.14934 0.38344
0.15562 0.38313
0.16188 0.38281
0.16814 0.38249
0.17440 0.38214
0.18065 0.38179
0.18689 0.38142
0.19313 0.38104
0.19936 0.38065
0.20559 0.38024
0.21181 0.37983
0.21802 0.37940
0.22423 0.37895
0.23043 0.37850
0.23662 0.37803
0.24280 0.37755
0.24898 0.37706
0.25514 0.37656
0.26130 0.37604
0.26746 0.37551
0.27360 0.37497
0.27974 0.37442
0.28586 0.37386
0.29198 0.37328
0.29809 0.37269
0.30419 0.37209
0.31028 0.37148
0.31636 0.37085
0.32244 0.37022
0.32850 0.36957
0.33455 0.36891
0.34059 0.36823
0.34663 0.36755
0.35265 0.36685
0.35866 0.36615
0.36466 0.36543
0.37066 0.36470
0.37664 0.36395
0.38261 0.36320
0.38856 0.36243
0.39451 0.36166
0.40045 0.36087
0.40637 0.36007
0.41229 0.35926
0.41819 0.35843
0.42408 0.35760
0.42996 0.35675
0.43582 0.35590
0.44168 0.35503
0.44752 0.35415
0.45335 0.35326
0.45917 0.35236
0.46497 0.35145
0.47076 0.35052
0.47654 0.34959
0.48231 0.34864
0.48806 0.34768
0.49381 0.34672
0.49953 0.34574
0.50525 0.34475
0.51095 0.34375
0.51664 0.34274
0.52232 0.34171
0.52798 0.34068
0.53362 0.33964
0.53926 0.33858
0.54488 0.33752
0.55048 0.33644
0.55608 0.33535
0.56166 0.33426
0.56722 0.33315
0.57277 0.33203
0.57830 0.33090
0.58382 0.32976
0.58933 0.32861
0.59482 0.32745
0.60030 0.32628
0.60576 0.32509
0.61121 0.32390
0.61664 0.32270
0.62206 0.32148
0.62746 0.32026
0.63285 0.31903
0.63822 0.31778
0.64358 0.31653
0.64892 0.31526
0.65424 0.31398
0.65955 0.31270
0.66485 0.31140
0.67013 0.31009
0.67539 0.30878
0.68063 0.30745
0.68586 0.30611
0.69108 0.30476
0.69628 0.30340
0.70146 0.30203
0.70662 0.30065
0.71177 0.29927
0.71690 0.29787
0.72201 0.29646
0.72711 0.29503
0.73219 0.29360
0.73726 0.29216
0.74230 0.29071
0.74733 0.28925
0.75234 0.28778
0.75733 0.28630
0.76231 0.28480
0.76727 0.28330
0.77221 0.28179
0.77713 0.28026
0.78203 0.27873
0.78692 0.27719
0.79179 0.27563
0.79664 0.27407
0.80147 0.27249
0.80628 0.27091
0.81107 0.26931
0.81584 0.26770
0.82060 0.26609
0.82533 0.26446
0.83005 0.26282
0.83474 0.26117
0.83942 0.25952
0.84407 0.25785
0.84871 0.25617
0.85332 0.25448
0.85791 0.25278
0.86249 0.25107
0.86704 0.24935
0.87157 0.24761
0.87608 0.24587
0.88057 0.24412
0.88503 0.24236
0.88948 0.24058
0.89390 0.23880
0.89830 0.23700
0.90268 0.23520
0.90703 0.23338
0.91136 0.23155
0.91567 0.22972
0.91995 0.22787
0.92421 0.22601
0.92845 0.22414
0.93266 0.22226
0.93685 0.22036
0.94101 0.21846
0.94515 0.21655
0.94926 0.21462
0.95335 0.21269
0.95741 0.21074
0.96144 0.20879
0.96545 0.20682
0.96943 0.20484
0.97338 0.20285
0.97731 0.20085
0.98121 0.19884
0.98508 0.19682
0.98892 0.19479
0.99273 0.19274
0.99651 0.19069
1.0003 0.18862
1.0040 0.18655
1.0077 0.18446
1.0113 0.18236
1.0150 0.18025
1.0186 0.17813
1.0221 0.17600
1.0257 0.17386
1.0292 0.17170
1.0326 0.16954
1.0361 0.16736
1.0395 0.16518
1.0428 0.16298
1.0462 0.16077
1.0495 0.15856
1.0527 0.15633
1.0560 0.15409
1.0591 0.15184
1.0623 0.14958
1.0654 0.14730
1.0685 0.14502
1.0715 0.14273
1.0745 0.14042
1.0775 0.13811
1.0804 0.13579
1.0833 0.13345
1.0861 0.13111
1.0889 0.12875
1.0916 0.12638
1.0943 0.12401
1.0970 0.12162
1.0996 0.11923
1.1022 0.11682
1.1047 0.11441
1.1072 0.11198
1.1097 0.10955
1.1120 0.10711
1.1144 0.10465
1.1167 0.10219
1.1189 0.099723
1.1211 0.097243
1.1233 0.094755
1.1254 0.092258
1.1274 0.089752
1.1294 0.087238
1.1314 0.084717
1.1333 0.082187
1.1351 0.079649
1.1369 0.077104
1.1386 0.074551
1.1403 0.071991
1.1419 0.069424
1.1435 0.066850
1.1450 0.064269
1.1465 0.061682
1.1479 0.059089
1.1492 0.056490
1.1505 0.053884
1.1518 0.051274
1.1529 0.048658
1.1541 0.046036
1.1551 0.043410
1.1561 0.040780
1.1571 0.038145
1.1579 0.035506
1.1588 0.032863
1.1595 0.030216
1.1602 0.027566
1.1609 0.024913
1.1614 0.022258
1.1619 0.019599
1.1624 0.016939
1.1628 0.014277
1.1631 0.011613
1.1634 0.0089476
1.1636 0.0062812
1.1637 0.0036141
1.1638 0.00094642
1.1639 -0.0017214
1.1638 -0.0043892
1.1637 -0.0070567
1.1636 -0.0097234
1.1633 -0.012389
1.1630 -0.015054
1.1627 -0.017717
1.1623 -0.020378
1.1618 -0.023037
1.1613 -0.025694
1.1607 -0.028348
1.1600 -0.031000
1.1593 -0.033648
1.1585 -0.036292
1.1577 -0.038933
1.1568 -0.041570
