x y
9.25000000000000 -0.750000000000000
9.2467 -0.75009
9.2435 -0.75019
9.2403 -0.75029
9.2370 -0.75039
9.2338 -0.75049
9.2306 -0.75059
9.2273 -0.75069
9.2241 -0.75080
9.2209 -0.75091
9.2176 -0.75102
9.2144 -0.75113
9.2112 -0.75124
9.2079 -0.75135
9.2047 -0.75147
9.2015 -0.75159
9.1982 -0.75170
9.1950 -0.75182
9.1918 -0.75195
9.1886 -0.75207
9.1854 -0.75220
9.1821 -0.75232
9.1789 -0.75245
9.1757 -0.75258
9.1725 -0.75271
9.1693 -0.75285
9.1661 -0.75298
9.1629 -0.75312
9.1597 -0.75325
9.1565 -0.75339
9.1533 -0.75353
9.1501 -0.75368
9.1469 -0.75382
9.1436 -0.75397
9.1405 -0.75411
9.1373 -0.75426
9.1341 -0.75441
9.1309 -0.75456
9.1277 -0.75472
9.1245 -0.75487
9.1213 -0.75503
9.1181 -0.75518
9.1150 -0.75534
9.1118 -0.75550
9.1086 -0.75567
9.1054 -0.75583
9.1023 -0.75599
9.0991 -0.75616
9.0959 -0.75633
9.0927 -0.75650
9.0896 -0.75667
9.0864 -0.75684
9.0833 -0.75701
9.0801 -0.75719
9.0770 -0.75736
9.0738 -0.75754
9.0706 -0.75772
9.0675 -0.75790
9.0643 -0.75808
9.0612 -0.75826
9.0581 -0.75845
9.0549 -0.75863
9.0518 -0.75882
9.0486 -0.75901
9.0455 -0.75920
9.0424 -0.75939
9.0392 -0.75958
9.0361 -0.75978
9.0330 -0.75997
9.0298 -0.76017
9.0267 -0.76037
9.0236 -0.76056
9.0205 -0.76077
9.0174 -0.76097
9.0143 -0.76117
9.0111 -0.76137
9.0080 -0.76158
9.0049 -0.76178
9.0018 -0.76199
8.9987 -0.76220
8.9956 -0.76241
8.9925 -0.76262
8.9894 -0.76284
8.9863 -0.76305
8.9832 -0.76326
8.9801 -0.76348
8.9771 -0.76370
8.9740 -0.76392
8.9709 -0.76414
8.9678 -0.76436
8.9647 -0.76458
8.9617 -0.76480
8.9586 -0.76503
8.9555 -0.76525
8.9525 -0.76548
8.9494 -0.76571
8.9463 -0.76593
8.9433 -0.76616
8.9402 -0.76640
8.9371 -0.76663
8.9341 -0.76686
8.9310 -0.76710
8.9280 -0.76733
8.9249 -0.76757
8.9219 -0.76781
8.9189 -0.76804
8.9158 -0.76828
8.9128 -0.76852
8.9098 -0.76876
8.9067 -0.76901
8.9037 -0.76925
8.9007 -0.76950
8.8976 -0.76974
8.8946 -0.76999
8.8916 -0.77024
8.8886 -0.77049
8.8856 -0.77074
8.8826 -0.77099
8.8795 -0.77124
8.8765 -0.77149
8.8735 -0.77175
8.8705 -0.77200
8.8675 -0.77226
8.8645 -0.77251
8.8615 -0.77277
8.8586 -0.77303
8.8556 -0.77329
8.8526 -0.77355
8.8496 -0.77381
8.8466 -0.77407
8.8436 -0.77433
8.8407 -0.77460
8.8377 -0.77486
8.8347 -0.77513
8.8317 -0.77540
8.8288 -0.77566
8.8258 -0.77593
8.8228 -0.77620
8.8199 -0.77647
8.8169 -0.77674
8.8140 -0.77701
8.8110 -0.77728
8.8081 -0.77756
8.8051 -0.77783
8.8022 -0.77811
8.7992 -0.77838
8.7963 -0.77866
8.7934 -0.77894
8.7904 -0.77921
8.7875 -0.77949
8.7846 -0.77977
8.7816 -0.78005
8.7787 -0.78033
8.7758 -0.78061
8.7729 -0.78090
8.7700 -0.78118
8.7670 -0.78146
8.7641 -0.78175
8.7612 -0.78203
8.7583 -0.78232
8.7554 -0.78261
8.7525 -0.78290
8.7496 -0.78318
8.7467 -0.78347
8.7438 -0.78376
8.7409 -0.78405
8.7380 -0.78434
8.7351 -0.78464
8.7323 -0.78493
8.7294 -0.78522
8.7265 -0.78552
8.7236 -0.78581
8.7207 -0.78611
8.7179 -0.78640
8.7150 -0.78670
8.7121 -0.78699
8.7093 -0.78729
8.7064 -0.78759
8.7035 -0.78789
8.7007 -0.78819
8.6978 -0.78849
8.6950 -0.78879
8.6921 -0.78909
8.6893 -0.78939
8.6864 -0.78969
8.6836 -0.79000
8.6807 -0.79030
8.6779 -0.79061
8.6751 -0.79091
8.6722 -0.79122
8.6694 -0.79152
8.6666 -0.79183
8.6637 -0.79214
8.6609 -0.79244
8.6581 -0.79275
8.6553 -0.79306
8.6525 -0.79337
8.6496 -0.79368
8.6468 -0.79399
8.6440 -0.79430
8.6412 -0.79461
8.6384 -0.79492
8.6356 -0.79523
8.6328 -0.79555
8.6300 -0.79586
8.6272 -0.79617
8.6244 -0.79649
8.6216 -0.79680
8.6188 -0.79712
8.6160 -0.79743
8.6132 -0.79775
8.6105 -0.79806
8.6077 -0.79838
8.6049 -0.79870
8.6021 -0.79902
8.5993 -0.79933
8.5966 -0.79965
8.5938 -0.79997
8.5910 -0.80029
8.5883 -0.80061
8.5855 -0.80093
8.5827 -0.80125
8.5800 -0.80157
8.5772 -0.80189
8.5745 -0.80222
8.5717 -0.80254
8.5690 -0.80286
8.5662 -0.80318
8.5635 -0.80351
8.5607 -0.80383
8.5580 -0.80416
8.5552 -0.80448
8.5525 -0.80481
8.5498 -0.80513
8.5470 -0.80546
8.5443 -0.80578
8.5416 -0.80611
8.5388 -0.80644
8.5361 -0.80676
8.5334 -0.80709
8.5307 -0.80742
8.5280 -0.80775
8.5253 -0.80807
8.5225 -0.80840
8.5198 -0.80873
8.5171 -0.80906
8.5144 -0.80939
8.5117 -0.80972
8.5090 -0.81005
8.5063 -0.81038
8.5036 -0.81071
8.5009 -0.81104
8.4982 -0.81138
8.4955 -0.81171
8.4928 -0.81204
8.4901 -0.81237
8.4875 -0.81270
8.4848 -0.81304
8.4821 -0.81337
8.4794 -0.81370
8.4767 -0.81404
8.4740 -0.81437
8.4714 -0.81470
8.4687 -0.81504
8.4660 -0.81537
8.4634 -0.81571
8.4607 -0.81604
8.4580 -0.81638
8.4554 -0.81672
8.4527 -0.81705
8.4500 -0.81739
8.4474 -0.81772
8.4447 -0.81806
8.4421 -0.81840
8.4394 -0.81873
8.4368 -0.81907
8.4341 -0.81941
8.4315 -0.81975
8.4288 -0.82008
8.4262 -0.82042
8.4236 -0.82076
8.4209 -0.82110
8.4183 -0.82144
8.4156 -0.82177
8.4130 -0.82211
8.4104 -0.82245
8.4078 -0.82279
8.4051 -0.82313
8.4025 -0.82347
8.3999 -0.82381
8.3973 -0.82415
8.3946 -0.82449
8.3920 -0.82483
8.3894 -0.82517
8.3868 -0.82551
8.3842 -0.82585
8.3816 -0.82619
8.3790 -0.82653
8.3764 -0.82688
8.3737 -0.82722
8.3711 -0.82756
8.3685 -0.82790
8.3659 -0.82824
8.3633 -0.82858
8.3607 -0.82893
8.3582 -0.82927
8.3556 -0.82961
8.3530 -0.82995
8.3504 -0.83029
8.3478 -0.83064
8.3452 -0.83098
8.3426 -0.83132
8.3400 -0.83167
8.3375 -0.83201
8.3349 -0.83235
8.3323 -0.83270
8.3297 -0.83304
8.3271 -0.83338
8.3246 -0.83372
8.3220 -0.83407
8.3194 -0.83441
8.3169 -0.83475
8.3143 -0.83510
8.3117 -0.83544
8.3092 -0.83579
8.3066 -0.83613
8.3040 -0.83648
8.3015 -0.83682
8.2989 -0.83716
8.2964 -0.83751
8.2938 -0.83785
8.2913 -0.83820
8.2887 -0.83854
8.2862 -0.83889
8.2836 -0.83923
8.2811 -0.83957
8.2785 -0.83992
8.2760 -0.84027
8.2734 -0.84061
8.2709 -0.84096
8.2684 -0.84130
8.2658 -0.84165
8.2633 -0.84199
8.2608 -0.84234
8.2582 -0.84268
8.2557 -0.84303
8.2532 -0.84337
8.2506 -0.84372
8.2481 -0.84406
8.2456 -0.84441
8.2431 -0.84475
8.2406 -0.84510
8.2380 -0.84544
8.2355 -0.84579
8.2330 -0.84613
8.2305 -0.84648
8.2280 -0.84682
8.2254 -0.84717
8.2229 -0.84752
8.2204 -0.84786
8.2179 -0.84821
8.2154 -0.84855
8.2129 -0.84890
8.2104 -0.84924
8.2079 -0.84959
8.2054 -0.84993
8.2029 -0.85028
8.2004 -0.85062
8.1979 -0.85097
8.1954 -0.85131
8.1929 -0.85166
8.1904 -0.85200
8.1879 -0.85235
8.1854 -0.85269
8.1829 -0.85304
8.1805 -0.85338
8.1780 -0.85373
8.1755 -0.85407
8.1730 -0.85442
8.1705 -0.85476
8.1680 -0.85511
8.1655 -0.85546
8.1630 -0.85580
8.1606 -0.85615
8.1581 -0.85649
8.1556 -0.85684
8.1532 -0.85718
8.1507 -0.85753
8.1482 -0.85787
8.1457 -0.85821
8.1433 -0.85856
8.1408 -0.85890
8.1383 -0.85925
8.1358 -0.85959
8.1334 -0.85994
8.1309 -0.86028
8.1285 -0.86062
8.1260 -0.86097
8.1236 -0.86131
8.1211 -0.86166
8.1186 -0.86200
8.1162 -0.86235
8.1137 -0.86269
8.1113 -0.86303
8.1088 -0.86338
8.1064 -0.86372
8.1039 -0.86406
8.1014 -0.86441
8.0990 -0.86475
8.0965 -0.86509
8.0941 -0.86544
8.0917 -0.86578
8.0892 -0.86612
8.0868 -0.86647
8.0843 -0.86681
8.0819 -0.86715
8.0795 -0.86749
8.0770 -0.86784
8.0746 -0.86818
8.0721 -0.86852
8.0697 -0.86886
8.0672 -0.86921
8.0648 -0.86955
8.0624 -0.86989
8.0600 -0.87023
8.0575 -0.87057
8.0551 -0.87092
8.0527 -0.87126
8.0502 -0.87160
8.0478 -0.87194
8.0454 -0.87228
8.0430 -0.87262
8.0405 -0.87296
8.0381 -0.87331
8.0357 -0.87365
8.0333 -0.87399
8.0308 -0.87433
8.0284 -0.87467
8.0260 -0.87501
8.0236 -0.87535
8.0212 -0.87569
8.0188 -0.87603
8.0164 -0.87637
8.0139 -0.87671
8.0115 -0.87705
8.0091 -0.87739
8.0067 -0.87773
8.0043 -0.87807
8.0019 -0.87840
7.9995 -0.87874
7.9971 -0.87908
7.9947 -0.87942
7.9923 -0.87976
7.9899 -0.88010
7.9875 -0.88043
7.9851 -0.88077
7.9827 -0.88111
7.9803 -0.88145
7.9779 -0.88179
7.9755 -0.88212
7.9731 -0.88246
7.9707 -0.88280
7.9683 -0.88313
7.9659 -0.88347
7.9635 -0.88381
7.9611 -0.88414
7.9587 -0.88448
7.9563 -0.88482
7.9539 -0.88515
7.9515 -0.88549
7.9491 -0.88583
7.9467 -0.88616
7.9444 -0.88650
7.9420 -0.88683
7.9396 -0.88717
7.9372 -0.88750
7.9348 -0.88784
7.9324 -0.88817
7.9300 -0.88851
7.9277 -0.88884
7.9253 -0.88917
7.9229 -0.88951
7.9205 -0.88984
7.9181 -0.89017
7.9158 -0.89051
7.9134 -0.89084
7.9110 -0.89117
7.9086 -0.89151
7.9062 -0.89184
7.9039 -0.89217
7.9015 -0.89250
7.8991 -0.89284
7.8968 -0.89317
7.8944 -0.89350
7.8920 -0.89383
7.8896 -0.89416
7.8873 -0.89449
7.8849 -0.89482
7.8825 -0.89516
7.8802 -0.89549
7.8778 -0.89582
7.8754 -0.89615
7.8731 -0.89648
7.8707 -0.89681
7.8683 -0.89714
7.8660 -0.89747
7.8636 -0.89779
7.8612 -0.89812
7.8589 -0.89845
7.8565 -0.89878
7.8542 -0.89911
7.8518 -0.89944
7.8494 -0.89977
7.8471 -0.90009
7.8447 -0.90042
7.8424 -0.90075
7.8400 -0.90107
7.8377 -0.90140
7.8353 -0.90173
7.8329 -0.90205
7.8306 -0.90238
7.8282 -0.90271
7.8259 -0.90303
7.8235 -0.90336
7.8212 -0.90368
7.8188 -0.90401
7.8165 -0.90433
7.8141 -0.90466
7.8118 -0.90498
7.8094 -0.90531
7.8071 -0.90563
7.8047 -0.90595
7.8024 -0.90628
7.8000 -0.90660
7.7977 -0.90692
7.7953 -0.90725
7.7930 -0.90757
7.7907 -0.90789
7.7883 -0.90821
7.7860 -0.90854
7.7836 -0.90886
7.7813 -0.90918
7.7789 -0.90950
7.7766 -0.90982
7.7743 -0.91014
7.7719 -0.91046
7.7696 -0.91078
7.7672 -0.91110
7.7649 -0.91142
7.7626 -0.91174
7.7602 -0.91206
7.7579 -0.91238
7.7555 -0.91270
7.7532 -0.91302
7.7509 -0.91334
7.7485 -0.91365
7.7462 -0.91397
7.7439 -0.91429
7.7415 -0.91461
7.7392 -0.91492
7.7369 -0.91524
7.7345 -0.91556
7.7322 -0.91587
7.7299 -0.91619
7.7275 -0.91650
7.7252 -0.91682
7.7229 -0.91714
7.7205 -0.91745
7.7182 -0.91777
7.7159 -0.91808
7.7135 -0.91839
7.7112 -0.91871
7.7089 -0.91902
7.7066 -0.91934
7.7042 -0.91965
7.7019 -0.91996
7.6996 -0.92027
7.6973 -0.92059
7.6949 -0.92090
7.6926 -0.92121
7.6903 -0.92152
7.6879 -0.92183
7.6856 -0.92214
7.6833 -0.92245
7.6810 -0.92276
7.6786 -0.92307
7.6763 -0.92338
7.6740 -0.92369
7.6717 -0.92400
7.6693 -0.92431
7.6670 -0.92462
7.6647 -0.92493
7.6624 -0.92524
7.6601 -0.92554
7.6577 -0.92585
7.6554 -0.92616
7.6531 -0.92647
7.6508 -0.92677
7.6485 -0.92708
7.6461 -0.92739
7.6438 -0.92769
7.6415 -0.92800
7.6392 -0.92830
7.6369 -0.92861
7.6346 -0.92891
7.6322 -0.92922
7.6299 -0.92952
7.6276 -0.92982
7.6253 -0.93013
7.6230 -0.93043
7.6206 -0.93073
7.6183 -0.93104
7.6160 -0.93134
7.6137 -0.93164
7.6114 -0.93194
7.6091 -0.93224
7.6068 -0.93255
7.6044 -0.93285
7.6021 -0.93315
7.5998 -0.93345
7.5975 -0.93375
7.5952 -0.93405
7.5929 -0.93435
7.5906 -0.93464
7.5883 -0.93494
7.5859 -0.93524
7.5836 -0.93554
7.5813 -0.93584
7.5790 -0.93613
7.5767 -0.93643
7.5744 -0.93673
7.5721 -0.93703
7.5698 -0.93732
7.5675 -0.93762
7.5651 -0.93791
7.5628 -0.93821
7.5605 -0.93850
7.5582 -0.93880
7.5559 -0.93909
7.5536 -0.93939
7.5513 -0.93968
7.5490 -0.93997
7.5466 -0.94027
7.5443 -0.94056
7.5420 -0.94085
7.5397 -0.94114
7.5374 -0.94143
7.5351 -0.94172
7.5328 -0.94202
7.5305 -0.94231
7.5282 -0.94260
7.5258 -0.94289
7.5235 -0.94318
7.5212 -0.94347
7.5189 -0.94375
7.5166 -0.94404
7.5143 -0.94433
7.5120 -0.94462
7.5097 -0.94491
7.5074 -0.94519
7.5051 -0.94548
7.5028 -0.94577
7.5005 -0.94605
7.4982 -0.94634
7.4959 -0.94662
7.4936 -0.94691
7.4913 -0.94720
7.4890 -0.94748
7.4867 -0.94776
7.4844 -0.94805
7.4821 -0.94833
7.4798 -0.94861
7.4775 -0.94890
7.4752 -0.94918
7.4729 -0.94946
7.4706 -0.94974
7.4682 -0.95002
7.4659 -0.95030
7.4636 -0.95059
7.4613 -0.95087
7.4590 -0.95115
7.4567 -0.95143
7.4544 -0.95170
7.4521 -0.95198
7.4498 -0.95226
7.4475 -0.95254
7.4452 -0.95282
7.4429 -0.95310
7.4406 -0.95337
7.4383 -0.95365
7.4360 -0.95393
7.4337 -0.95420
7.4314 -0.95448
7.4291 -0.95475
7.4268 -0.95503
7.4245 -0.95530
7.4222 -0.95557
7.4199 -0.95585
7.4176 -0.95612
7.4153 -0.95640
7.4129 -0.95667
7.4106 -0.95694
7.4083 -0.95721
7.4060 -0.95748
7.4037 -0.95775
7.4014 -0.95802
7.3991 -0.95829
7.3968 -0.95856
7.3945 -0.95883
7.3922 -0.95910
7.3899 -0.95937
7.3876 -0.95964
7.3853 -0.95991
7.3830 -0.96018
7.3807 -0.96044
7.3784 -0.96071
7.3761 -0.96098
7.3738 -0.96124
7.3715 -0.96151
7.3692 -0.96177
7.3669 -0.96204
7.3646 -0.96230
7.3623 -0.96257
7.3600 -0.96283
7.3577 -0.96309
7.3553 -0.96336
7.3530 -0.96362
7.3507 -0.96388
7.3484 -0.96414
7.3461 -0.96441
7.3438 -0.96467
7.3415 -0.96493
7.3392 -0.96519
7.3369 -0.96545
7.3346 -0.96571
7.3323 -0.96597
7.3300 -0.96622
7.3277 -0.96648
7.3254 -0.96674
7.3231 -0.96700
7.3208 -0.96725
7.3185 -0.96751
7.3162 -0.96777
7.3139 -0.96802
7.3116 -0.96828
7.3093 -0.96853
7.3070 -0.96879
7.3047 -0.96904
7.3024 -0.96929
7.3000 -0.96955
7.2977 -0.96980
7.2954 -0.97005
7.2931 -0.97030
7.2908 -0.97056
7.2885 -0.97081
7.2862 -0.97106
7.2839 -0.97131
7.2816 -0.97156
7.2793 -0.97181
7.2770 -0.97206
7.2747 -0.97231
7.2724 -0.97255
7.2701 -0.97280
7.2678 -0.97305
7.2655 -0.97330
7.2632 -0.97354
7.2609 -0.97379
7.2586 -0.97403
7.2563 -0.97428
7.2540 -0.97452
7.2517 -0.97477
7.2494 -0.97501
7.2471 -0.97525
7.2448 -0.97550
7.2424 -0.97574
7.2401 -0.97598
7.2378 -0.97622
7.2355 -0.97646
7.2332 -0.97670
7.2309 -0.97694
7.2286 -0.97719
7.2263 -0.97742
7.2240 -0.97766
7.2216 -0.97790
7.2193 -0.97814
7.2170 -0.97838
7.2147 -0.97862
7.2124 -0.97885
7.2101 -0.97909
7.2078 -0.97932
7.2055 -0.97956
7.2032 -0.97979
7.2008 -0.98003
7.1985 -0.98026
7.1962 -0.98050
7.1939 -0.98073
7.1916 -0.98096
7.1893 -0.98119
7.1870 -0.98143
7.1847 -0.98166
7.1824 -0.98189
7.1800 -0.98212
7.1777 -0.98235
7.1754 -0.98258
7.1731 -0.98281
7.1708 -0.98304
7.1685 -0.98326
7.1662 -0.98349
7.1639 -0.98372
7.1615 -0.98395
7.1592 -0.98417
7.1569 -0.98440
7.1546 -0.98462
7.1523 -0.98485
7.1500 -0.98507
7.1477 -0.98530
7.1454 -0.98552
7.1431 -0.98574
7.1407 -0.98596
7.1384 -0.98619
7.1361 -0.98641
7.1338 -0.98663
7.1315 -0.98685
7.1292 -0.98707
7.1269 -0.98729
7.1245 -0.98751
7.1222 -0.98773
7.1199 -0.98795
7.1176 -0.98816
7.1153 -0.98838
7.1129 -0.98860
7.1106 -0.98881
7.1083 -0.98903
7.1060 -0.98924
7.1037 -0.98946
7.1013 -0.98967
7.0990 -0.98989
7.0967 -0.99010
7.0944 -0.99031
7.0921 -0.99053
7.0898 -0.99074
7.0874 -0.99095
7.0851 -0.99116
7.0828 -0.99137
7.0805 -0.99158
7.0782 -0.99179
7.0758 -0.99200
7.0735 -0.99220
7.0712 -0.99241
7.0689 -0.99262
7.0666 -0.99283
7.0642 -0.99303
7.0619 -0.99324
7.0596 -0.99344
7.0573 -0.99365
7.0550 -0.99385
7.0526 -0.99406
7.0503 -0.99426
7.0480 -0.99446
7.0457 -0.99467
7.0434 -0.99487
7.0410 -0.99507
7.0387 -0.99527
7.0364 -0.99547
7.0341 -0.99567
7.0317 -0.99587
7.0294 -0.99607
7.0271 -0.99626
7.0247 -0.99646
7.0224 -0.99666
7.0201 -0.99685
7.0178 -0.99705
7.0154 -0.99725
7.0131 -0.99744
7.0108 -0.99763
7.0085 -0.99783
7.0061 -0.99802
7.0038 -0.99821
7.0015 -0.99841
6.9992 -0.99860
6.9968 -0.99879
6.9945 -0.99898
6.9922 -0.99917
6.9898 -0.99936
6.9875 -0.99955
6.9852 -0.99974
6.9829 -0.99993
6.9805 -1.0001
6.9782 -1.0003
6.9759 -1.0005
6.9736 -1.0007
6.9712 -1.0009
6.9689 -1.0010
6.9666 -1.0012
6.9642 -1.0014
6.9619 -1.0016
6.9596 -1.0018
6.9572 -1.0020
6.9549 -1.0021
6.9526 -1.0023
6.9502 -1.0025
6.9479 -1.0027
6.9456 -1.0029
6.9432 -1.0030
6.9409 -1.0032
6.9386 -1.0034
6.9362 -1.0036
6.9339 -1.0037
6.9315 -1.0039
6.9292 -1.0041
6.9269 -1.0043
6.9245 -1.0044
6.9222 -1.0046
6.9199 -1.0048
6.9175 -1.0050
6.9152 -1.0051
6.9129 -1.0053
6.9105 -1.0055
6.9082 -1.0057
6.9059 -1.0058
6.9035 -1.0060
6.9012 -1.0062
6.8989 -1.0063
6.8965 -1.0065
6.8942 -1.0067
6.8918 -1.0068
6.8895 -1.0070
6.8872 -1.0072
6.8848 -1.0073
6.8825 -1.0075
6.8801 -1.0077
6.8778 -1.0078
6.8755 -1.0080
6.8731 -1.0081
6.8708 -1.0083
6.8684 -1.0085
6.8661 -1.0086
6.8637 -1.0088
6.8614 -1.0089
6.8591 -1.0091
6.8567 -1.0093
6.8544 -1.0094
6.8520 -1.0096
6.8497 -1.0097
6.8473 -1.0099
6.8450 -1.0100
6.8427 -1.0102
6.8403 -1.0104
6.8380 -1.0105
6.8356 -1.0107
6.8333 -1.0108
6.8309 -1.0110
6.8286 -1.0111
6.8263 -1.0113
6.8239 -1.0114
6.8216 -1.0116
6.8192 -1.0117
6.8169 -1.0119
6.8145 -1.0120
6.8122 -1.0122
6.8098 -1.0123
6.8075 -1.0124
6.8051 -1.0126
6.8028 -1.0127
6.8004 -1.0129
6.7981 -1.0130
6.7957 -1.0132
6.7934 -1.0133
6.7910 -1.0135
6.7887 -1.0136
6.7863 -1.0137
6.7840 -1.0139
6.7816 -1.0140
6.7793 -1.0142
6.7769 -1.0143
6.7746 -1.0144
6.7722 -1.0146
6.7699 -1.0147
6.7675 -1.0148
6.7652 -1.0150
6.7628 -1.0151
6.7605 -1.0152
6.7581 -1.0154
6.7558 -1.0155
6.7534 -1.0156
6.7511 -1.0158
6.7487 -1.0159
6.7463 -1.0160
6.7440 -1.0162
6.7416 -1.0163
6.7393 -1.0164
6.7369 -1.0165
6.7346 -1.0167
6.7322 -1.0168
6.7298 -1.0169
6.7275 -1.0170
6.7251 -1.0172
6.7228 -1.0173
6.7204 -1.0174
6.7181 -1.0175
6.7157 -1.0177
6.7133 -1.0178
6.7110 -1.0179
6.7086 -1.0180
6.7063 -1.0181
6.7039 -1.0183
6.7016 -1.0184
6.6992 -1.0185
6.6968 -1.0186
6.6945 -1.0187
6.6921 -1.0188
6.6898 -1.0190
6.6874 -1.0191
6.6851 -1.0192
6.6827 -1.0193
6.6803 -1.0194
6.6780 -1.0195
6.6756 -1.0196
6.6733 -1.0197
6.6709 -1.0199
6.6685 -1.0200
6.6662 -1.0201
6.6638 -1.0202
6.6614 -1.0203
6.6591 -1.0204
6.6567 -1.0205
6.6543 -1.0206
6.6520 -1.0207
6.6496 -1.0208
6.6472 -1.0209
6.6449 -1.0210
6.6425 -1.0211
6.6402 -1.0212
6.6378 -1.0213
6.6354 -1.0214
6.6331 -1.0215
6.6307 -1.0216
6.6283 -1.0217
6.6260 -1.0218
6.6236 -1.0219
6.6212 -1.0220
6.6189 -1.0221
6.6165 -1.0222
6.6141 -1.0223
6.6118 -1.0224
6.6094 -1.0225
6.6070 -1.0226
6.6047 -1.0227
6.6023 -1.0228
6.5999 -1.0229
6.5976 -1.0230
6.5952 -1.0230
6.5928 -1.0231
6.5905 -1.0232
6.5881 -1.0233
6.5858 -1.0234
6.5834 -1.0235
6.5810 -1.0236
6.5786 -1.0237
6.5763 -1.0237
6.5739 -1.0238
6.5715 -1.0239
6.5692 -1.0240
6.5668 -1.0241
6.5644 -1.0241
6.5620 -1.0242
6.5597 -1.0243
6.5573 -1.0244
6.5549 -1.0245
6.5525 -1.0245
6.5502 -1.0246
6.5478 -1.0247
6.5454 -1.0248
6.5431 -1.0248
6.5407 -1.0249
6.5383 -1.0250
6.5359 -1.0251
6.5336 -1.0251
6.5312 -1.0252
6.5288 -1.0253
6.5264 -1.0254
6.5241 -1.0254
6.5217 -1.0255
6.5193 -1.0256
6.5170 -1.0256
6.5146 -1.0257
6.5122 -1.0258
6.5098 -1.0258
6.5075 -1.0259
6.5051 -1.0260
6.5027 -1.0260
6.5003 -1.0261
6.4980 -1.0261
6.4956 -1.0262
6.4932 -1.0263
6.4909 -1.0263
6.4885 -1.0264
6.4861 -1.0264
6.4837 -1.0265
6.4814 -1.0266
6.4790 -1.0266
6.4766 -1.0267
6.4742 -1.0267
6.4719 -1.0268
6.4695 -1.0268
6.4671 -1.0269
6.4648 -1.0269
6.4624 -1.0270
6.4600 -1.0271
6.4576 -1.0271
6.4552 -1.0272
6.4529 -1.0272
6.4505 -1.0273
6.4481 -1.0273
6.4457 -1.0273
6.4433 -1.0274
6.4410 -1.0274
6.4386 -1.0275
6.4362 -1.0275
6.4338 -1.0276
6.4314 -1.0276
6.4291 -1.0277
6.4267 -1.0277
6.4243 -1.0277
6.4219 -1.0278
6.4195 -1.0278
6.4172 -1.0279
6.4148 -1.0279
6.4124 -1.0279
6.4100 -1.0280
6.4076 -1.0280
6.4053 -1.0280
6.4029 -1.0281
6.4005 -1.0281
6.3981 -1.0282
6.3957 -1.0282
6.3933 -1.0282
6.3910 -1.0282
6.3886 -1.0283
6.3862 -1.0283
6.3838 -1.0283
6.3814 -1.0284
6.3791 -1.0284
6.3767 -1.0284
6.3743 -1.0285
6.3719 -1.0285
6.3695 -1.0285
6.3672 -1.0285
6.3648 -1.0286
6.3624 -1.0286
6.3600 -1.0286
6.3576 -1.0286
6.3553 -1.0286
6.3529 -1.0287
6.3505 -1.0287
6.3481 -1.0287
6.3457 -1.0287
6.3434 -1.0287
6.3410 -1.0288
6.3386 -1.0288
6.3362 -1.0288
6.3338 -1.0288
6.3315 -1.0288
6.3291 -1.0288
6.3267 -1.0288
6.3243 -1.0289
6.3219 -1.0289
6.3196 -1.0289
6.3172 -1.0289
6.3148 -1.0289
6.3124 -1.0289
6.3100 -1.0289
6.3077 -1.0289
6.3053 -1.0289
6.3029 -1.0289
6.3005 -1.0289
6.2981 -1.0290
6.2958 -1.0290
6.2934 -1.0290
6.2910 -1.0290
6.2886 -1.0290
6.2862 -1.0290
6.2839 -1.0290
6.2815 -1.0290
6.2791 -1.0290
6.2767 -1.0290
6.2743 -1.0290
6.2719 -1.0290
6.2696 -1.0290
6.2672 -1.0290
6.2648 -1.0290
6.2624 -1.0289
6.2600 -1.0289
6.2577 -1.0289
6.2553 -1.0289
6.2529 -1.0289
6.2505 -1.0289
6.2481 -1.0289
6.2458 -1.0289
6.2434 -1.0289
6.2410 -1.0289
6.2386 -1.0289
6.2362 -1.0288
6.2339 -1.0288
6.2315 -1.0288
6.2291 -1.0288
6.2267 -1.0288
6.2243 -1.0288
6.2220 -1.0288
6.2196 -1.0287
6.2172 -1.0287
6.2148 -1.0287
6.2124 -1.0287
6.2101 -1.0287
6.2077 -1.0286
6.2053 -1.0286
6.2029 -1.0286
6.2005 -1.0286
6.1982 -1.0285
6.1958 -1.0285
6.1934 -1.0285
6.1910 -1.0285
6.1886 -1.0284
6.1863 -1.0284
6.1839 -1.0284
6.1815 -1.0284
6.1791 -1.0283
6.1767 -1.0283
6.1744 -1.0283
6.1720 -1.0282
6.1696 -1.0282
6.1672 -1.0282
6.1648 -1.0281
6.1625 -1.0281
6.1601 -1.0281
6.1577 -1.0280
6.1553 -1.0280
6.1529 -1.0280
6.1506 -1.0279
6.1482 -1.0279
6.1458 -1.0278
6.1434 -1.0278
6.1410 -1.0278
6.1386 -1.0277
6.1363 -1.0277
6.1339 -1.0276
6.1315 -1.0276
6.1291 -1.0276
6.1267 -1.0275
6.1244 -1.0275
6.1220 -1.0274
6.1196 -1.0274
6.1172 -1.0273
6.1148 -1.0273
6.1125 -1.0272
6.1101 -1.0272
6.1077 -1.0271
6.1053 -1.0271
6.1029 -1.0270
6.1006 -1.0270
6.0982 -1.0269
6.0958 -1.0269
6.0935 -1.0268
6.0911 -1.0268
6.0887 -1.0267
6.0863 -1.0267
6.0840 -1.0266
6.0816 -1.0265
6.0792 -1.0265
6.0768 -1.0264
6.0745 -1.0264
6.0721 -1.0263
6.0697 -1.0262
6.0674 -1.0262
6.0650 -1.0261
6.0626 -1.0261
6.0602 -1.0260
6.0579 -1.0259
6.0555 -1.0259
6.0531 -1.0258
6.0507 -1.0257
6.0484 -1.0257
6.0460 -1.0256
6.0436 -1.0255
6.0413 -1.0255
6.0389 -1.0254
6.0365 -1.0253
6.0341 -1.0253
6.0318 -1.0252
6.0294 -1.0251
6.0270 -1.0250
6.0246 -1.0250
6.0223 -1.0249
6.0199 -1.0248
6.0175 -1.0247
6.0152 -1.0247
6.0128 -1.0246
6.0104 -1.0245
6.0080 -1.0244
6.0057 -1.0244
6.0033 -1.0243
6.0009 -1.0242
5.9985 -1.0241
5.9962 -1.0240
5.9938 -1.0239
5.9914 -1.0239
5.9891 -1.0238
5.9867 -1.0237
5.9843 -1.0236
5.9819 -1.0235
5.9796 -1.0234
5.9772 -1.0234
5.9748 -1.0233
5.9725 -1.0232
5.9701 -1.0231
5.9677 -1.0230
5.9654 -1.0229
5.9630 -1.0228
5.9606 -1.0227
5.9583 -1.0226
5.9559 -1.0226
5.9536 -1.0225
5.9512 -1.0224
5.9488 -1.0223
5.9465 -1.0222
5.9441 -1.0221
5.9417 -1.0220
5.9394 -1.0219
5.9370 -1.0218
5.9346 -1.0217
5.9323 -1.0216
5.9299 -1.0215
5.9275 -1.0214
5.9252 -1.0213
5.9228 -1.0212
5.9204 -1.0211
5.9181 -1.0210
5.9157 -1.0209
5.9133 -1.0208
5.9110 -1.0207
5.9086 -1.0206
5.9062 -1.0205
5.9039 -1.0204
5.9015 -1.0203
5.8992 -1.0201
5.8968 -1.0200
5.8944 -1.0199
5.8921 -1.0198
5.8897 -1.0197
5.8873 -1.0196
5.8850 -1.0195
5.8826 -1.0194
5.8803 -1.0193
5.8779 -1.0191
5.8756 -1.0190
5.8732 -1.0189
5.8708 -1.0188
5.8685 -1.0187
5.8661 -1.0186
5.8638 -1.0184
5.8614 -1.0183
5.8591 -1.0182
5.8567 -1.0181
5.8543 -1.0180
5.8520 -1.0179
5.8496 -1.0177
5.8473 -1.0176
5.8449 -1.0175
5.8426 -1.0174
5.8402 -1.0172
5.8378 -1.0171
5.8355 -1.0170
5.8331 -1.0169
5.8308 -1.0167
5.8284 -1.0166
5.8260 -1.0165
5.8237 -1.0164
5.8213 -1.0162
5.8190 -1.0161
5.8166 -1.0160
5.8143 -1.0158
5.8119 -1.0157
5.8096 -1.0156
5.8072 -1.0154
5.8049 -1.0153
5.8025 -1.0152
5.8002 -1.0150
5.7978 -1.0149
5.7955 -1.0148
5.7931 -1.0146
5.7908 -1.0145
5.7884 -1.0144
5.7861 -1.0142
5.7837 -1.0141
5.7814 -1.0140
5.7790 -1.0138
5.7767 -1.0137
5.7743 -1.0135
5.7720 -1.0134
5.7696 -1.0133
5.7673 -1.0131
5.7649 -1.0130
5.7626 -1.0128
5.7602 -1.0127
5.7579 -1.0125
5.7555 -1.0124
5.7532 -1.0122
5.7508 -1.0121
5.7485 -1.0119
5.7461 -1.0118
5.7438 -1.0117
5.7414 -1.0115
5.7391 -1.0114
5.7367 -1.0112
5.7344 -1.0111
5.7320 -1.0109
5.7297 -1.0108
5.7274 -1.0106
5.7250 -1.0104
5.7227 -1.0103
5.7203 -1.0101
5.7180 -1.0100
5.7157 -1.0098
5.7133 -1.0097
5.7110 -1.0095
5.7086 -1.0094
5.7063 -1.0092
5.7039 -1.0090
5.7016 -1.0089
5.6993 -1.0087
5.6969 -1.0086
5.6946 -1.0084
5.6922 -1.0082
5.6899 -1.0081
5.6875 -1.0079
5.6852 -1.0078
5.6829 -1.0076
5.6805 -1.0074
5.6782 -1.0073
5.6758 -1.0071
5.6735 -1.0069
5.6712 -1.0068
5.6688 -1.0066
5.6665 -1.0064
5.6641 -1.0063
5.6618 -1.0061
5.6595 -1.0059
5.6571 -1.0058
5.6548 -1.0056
5.6525 -1.0054
5.6501 -1.0052
5.6478 -1.0051
5.6455 -1.0049
5.6431 -1.0047
5.6408 -1.0046
5.6385 -1.0044
5.6361 -1.0042
5.6338 -1.0040
5.6315 -1.0039
5.6291 -1.0037
5.6268 -1.0035
5.6245 -1.0033
5.6221 -1.0031
5.6198 -1.0030
5.6175 -1.0028
5.6151 -1.0026
5.6128 -1.0024
5.6105 -1.0022
5.6081 -1.0021
5.6058 -1.0019
5.6034 -1.0017
5.6011 -1.0015
5.5988 -1.0013
5.5965 -1.0012
5.5941 -1.0010
5.5918 -1.0008
5.5895 -1.0006
5.5871 -1.0004
5.5848 -1.0002
5.5825 -1.0000
5.5802 -0.99985
5.5778 -0.99966
5.5755 -0.99947
5.5732 -0.99928
5.5709 -0.99909
5.5685 -0.99890
5.5662 -0.99871
5.5639 -0.99852
5.5615 -0.99833
5.5592 -0.99814
5.5569 -0.99794
5.5546 -0.99775
5.5522 -0.99756
5.5499 -0.99736
5.5476 -0.99717
5.5453 -0.99697
5.5429 -0.99678
5.5406 -0.99658
5.5383 -0.99638
5.5359 -0.99618
5.5336 -0.99599
5.5313 -0.99579
5.5290 -0.99559
5.5266 -0.99539
5.5243 -0.99519
5.5220 -0.99499
5.5197 -0.99479
5.5174 -0.99458
5.5150 -0.99438
5.5127 -0.99418
5.5104 -0.99398
5.5081 -0.99377
5.5058 -0.99357
5.5034 -0.99336
5.5011 -0.99316
5.4988 -0.99295
5.4965 -0.99275
5.4942 -0.99254
5.4918 -0.99233
5.4895 -0.99212
5.4872 -0.99192
5.4849 -0.99171
5.4826 -0.99150
5.4802 -0.99129
5.4779 -0.99108
5.4756 -0.99087
5.4733 -0.99065
5.4710 -0.99044
5.4687 -0.99023
5.4663 -0.99002
5.4640 -0.98980
5.4617 -0.98959
5.4594 -0.98938
5.4571 -0.98916
5.4547 -0.98895
5.4524 -0.98873
5.4501 -0.98851
5.4478 -0.98830
5.4455 -0.98808
5.4431 -0.98786
5.4408 -0.98764
5.4385 -0.98742
5.4362 -0.98721
5.4339 -0.98699
5.4316 -0.98677
5.4293 -0.98655
5.4269 -0.98632
5.4246 -0.98610
5.4223 -0.98588
5.4200 -0.98566
5.4177 -0.98544
5.4154 -0.98521
5.4131 -0.98499
5.4108 -0.98476
5.4085 -0.98454
5.4061 -0.98431
5.4038 -0.98409
5.4015 -0.98386
5.3992 -0.98363
5.3969 -0.98341
5.3946 -0.98318
5.3923 -0.98295
5.3900 -0.98272
5.3876 -0.98249
5.3853 -0.98226
5.3830 -0.98203
5.3807 -0.98180
5.3784 -0.98157
5.3761 -0.98134
5.3738 -0.98111
5.3715 -0.98088
5.3692 -0.98064
5.3668 -0.98041
5.3645 -0.98018
5.3622 -0.97994
5.3599 -0.97971
5.3576 -0.97947
5.3553 -0.97924
5.3530 -0.97900
5.3507 -0.97877
5.3484 -0.97853
5.3460 -0.97829
5.3437 -0.97806
5.3414 -0.97782
5.3391 -0.97758
5.3368 -0.97734
5.3345 -0.97710
5.3322 -0.97686
5.3299 -0.97662
5.3276 -0.97638
5.3253 -0.97614
5.3230 -0.97589
5.3207 -0.97565
5.3184 -0.97541
5.3160 -0.97517
5.3137 -0.97492
5.3114 -0.97468
5.3091 -0.97444
5.3068 -0.97419
5.3045 -0.97395
5.3022 -0.97370
5.2999 -0.97345
5.2976 -0.97321
5.2953 -0.97296
5.2930 -0.97271
5.2907 -0.97247
5.2884 -0.97222
5.2861 -0.97197
5.2838 -0.97172
5.2815 -0.97147
5.2792 -0.97122
5.2769 -0.97097
5.2746 -0.97072
5.2723 -0.97047
5.2700 -0.97022
5.2677 -0.96996
5.2654 -0.96971
5.2631 -0.96946
5.2607 -0.96921
5.2584 -0.96895
5.2561 -0.96870
5.2538 -0.96844
5.2515 -0.96819
5.2492 -0.96793
5.2469 -0.96768
5.2446 -0.96742
5.2423 -0.96716
5.2400 -0.96691
5.2377 -0.96665
5.2354 -0.96639
5.2331 -0.96614
5.2308 -0.96588
5.2285 -0.96562
5.2262 -0.96536
5.2239 -0.96510
5.2216 -0.96484
5.2193 -0.96458
5.2170 -0.96432
5.2147 -0.96406
5.2124 -0.96379
5.2101 -0.96353
5.2078 -0.96327
5.2055 -0.96301
5.2031 -0.96274
5.2008 -0.96248
5.1985 -0.96221
5.1962 -0.96195
5.1939 -0.96169
5.1916 -0.96142
5.1893 -0.96115
5.1870 -0.96089
5.1847 -0.96062
5.1824 -0.96035
5.1801 -0.96009
5.1778 -0.95982
5.1755 -0.95955
5.1732 -0.95928
5.1709 -0.95901
5.1686 -0.95875
5.1663 -0.95848
5.1640 -0.95821
5.1617 -0.95794
5.1594 -0.95767
5.1571 -0.95739
5.1548 -0.95712
5.1525 -0.95685
5.1502 -0.95658
5.1479 -0.95631
5.1455 -0.95603
5.1432 -0.95576
5.1409 -0.95549
5.1386 -0.95521
5.1363 -0.95494
5.1340 -0.95466
5.1317 -0.95439
5.1294 -0.95411
5.1271 -0.95384
5.1248 -0.95356
5.1225 -0.95328
5.1202 -0.95301
5.1179 -0.95273
5.1156 -0.95245
5.1133 -0.95217
5.1110 -0.95189
5.1087 -0.95162
5.1064 -0.95134
5.1041 -0.95106
5.1018 -0.95078
5.0995 -0.95050
5.0972 -0.95022
5.0949 -0.94994
5.0926 -0.94965
5.0902 -0.94937
5.0879 -0.94909
5.0856 -0.94881
5.0833 -0.94853
5.0810 -0.94824
5.0787 -0.94796
5.0764 -0.94768
5.0741 -0.94739
5.0718 -0.94711
5.0695 -0.94682
5.0672 -0.94654
5.0649 -0.94625
5.0626 -0.94597
5.0603 -0.94568
5.0580 -0.94539
5.0557 -0.94511
5.0534 -0.94482
5.0511 -0.94453
5.0488 -0.94424
5.0465 -0.94396
5.0442 -0.94367
5.0419 -0.94338
5.0396 -0.94309
5.0373 -0.94280
5.0350 -0.94251
5.0326 -0.94222
5.0303 -0.94193
5.0280 -0.94164
5.0257 -0.94135
5.0234 -0.94105
5.0211 -0.94076
5.0188 -0.94047
5.0165 -0.94018
5.0142 -0.93989
5.0119 -0.93959
5.0096 -0.93930
5.0072 -0.93900
5.0049 -0.93871
5.0026 -0.93842
5.0003 -0.93812
4.9980 -0.93783
4.9957 -0.93753
4.9934 -0.93724
4.9911 -0.93694
4.9887 -0.93664
4.9864 -0.93635
4.9841 -0.93605
4.9818 -0.93575
4.9795 -0.93546
4.9772 -0.93516
4.9749 -0.93486
4.9726 -0.93456
4.9703 -0.93426
4.9679 -0.93396
4.9656 -0.93366
4.9633 -0.93336
4.9610 -0.93306
4.9587 -0.93276
4.9564 -0.93246
4.9541 -0.93216
4.9518 -0.93186
4.9494 -0.93156
4.9471 -0.93126
4.9448 -0.93095
4.9425 -0.93065
4.9402 -0.93035
4.9379 -0.93005
4.9356 -0.92974
4.9332 -0.92944
4.9309 -0.92913
4.9286 -0.92883
4.9263 -0.92853
4.9240 -0.92822
4.9216 -0.92792
4.9193 -0.92761
4.9170 -0.92730
4.9147 -0.92700
4.9124 -0.92669
4.9100 -0.92638
4.9077 -0.92608
4.9054 -0.92577
4.9031 -0.92546
4.9008 -0.92516
4.8984 -0.92485
4.8961 -0.92454
4.8938 -0.92423
4.8915 -0.92392
4.8892 -0.92361
4.8868 -0.92330
4.8845 -0.92299
4.8822 -0.92268
4.8799 -0.92237
4.8775 -0.92206
4.8752 -0.92175
4.8729 -0.92144
4.8706 -0.92113
4.8682 -0.92082
4.8659 -0.92051
4.8636 -0.92019
4.8613 -0.91988
4.8589 -0.91957
4.8566 -0.91926
4.8543 -0.91894
4.8520 -0.91863
4.8496 -0.91831
4.8473 -0.91800
4.8450 -0.91769
4.8426 -0.91737
4.8403 -0.91706
4.8380 -0.91674
4.8356 -0.91643
4.8333 -0.91611
4.8310 -0.91580
4.8286 -0.91548
4.8263 -0.91516
4.8240 -0.91485
4.8216 -0.91453
4.8193 -0.91421
4.8170 -0.91389
4.8146 -0.91358
4.8123 -0.91326
4.8100 -0.91294
4.8076 -0.91262
4.8053 -0.91230
4.8030 -0.91199
4.8006 -0.91167
4.7983 -0.91135
4.7959 -0.91103
4.7936 -0.91071
4.7913 -0.91039
4.7889 -0.91007
4.7866 -0.90975
4.7842 -0.90943
4.7819 -0.90910
4.7795 -0.90878
4.7772 -0.90846
4.7749 -0.90814
4.7725 -0.90782
4.7702 -0.90750
4.7678 -0.90717
4.7655 -0.90685
4.7631 -0.90653
4.7608 -0.90620
4.7584 -0.90588
4.7561 -0.90556
4.7537 -0.90523
4.7514 -0.90491
4.7490 -0.90458
4.7467 -0.90426
4.7443 -0.90394
4.7420 -0.90361
4.7396 -0.90329
4.7373 -0.90296
4.7349 -0.90263
4.7326 -0.90231
4.7302 -0.90198
4.7279 -0.90166
4.7255 -0.90133
4.7232 -0.90100
4.7208 -0.90068
4.7185 -0.90035
4.7161 -0.90002
4.7137 -0.89969
4.7114 -0.89937
4.7090 -0.89904
4.7067 -0.89871
4.7043 -0.89838
4.7019 -0.89805
4.6996 -0.89772
4.6972 -0.89740
4.6948 -0.89707
4.6925 -0.89674
4.6901 -0.89641
4.6878 -0.89608
4.6854 -0.89575
4.6830 -0.89542
4.6807 -0.89509
4.6783 -0.89476
4.6759 -0.89443
4.6736 -0.89409
4.6712 -0.89376
4.6688 -0.89343
4.6664 -0.89310
4.6641 -0.89277
4.6617 -0.89244
4.6593 -0.89211
4.6569 -0.89177
4.6546 -0.89144
4.6522 -0.89111
4.6498 -0.89077
4.6474 -0.89044
4.6451 -0.89011
4.6427 -0.88978
4.6403 -0.88944
4.6379 -0.88911
4.6355 -0.88877
4.6332 -0.88844
4.6308 -0.88811
4.6284 -0.88777
4.6260 -0.88744
4.6236 -0.88710
4.6212 -0.88677
4.6188 -0.88643
4.6165 -0.88610
4.6141 -0.88576
4.6117 -0.88543
4.6093 -0.88509
4.6069 -0.88476
4.6045 -0.88442
4.6021 -0.88408
4.5997 -0.88375
4.5973 -0.88341
4.5949 -0.88307
4.5925 -0.88274
4.5901 -0.88240
4.5877 -0.88206
4.5854 -0.88173
4.5830 -0.88139
4.5806 -0.88105
4.5781 -0.88071
4.5757 -0.88038
4.5733 -0.88004
4.5709 -0.87970
4.5685 -0.87936
4.5661 -0.87902
4.5637 -0.87868
4.5613 -0.87835
4.5589 -0.87801
4.5565 -0.87767
4.5541 -0.87733
4.5517 -0.87699
4.5493 -0.87665
4.5469 -0.87631
4.5444 -0.87597
4.5420 -0.87563
4.5396 -0.87529
4.5372 -0.87495
4.5348 -0.87461
4.5324 -0.87427
4.5299 -0.87393
4.5275 -0.87359
4.5251 -0.87325
4.5227 -0.87291
4.5203 -0.87257
4.5178 -0.87223
4.5154 -0.87189
4.5130 -0.87155
4.5106 -0.87120
4.5081 -0.87086
4.5057 -0.87052
4.5033 -0.87018
4.5008 -0.86984
4.4984 -0.86950
4.4960 -0.86916
4.4935 -0.86881
4.4911 -0.86847
4.4887 -0.86813
4.4862 -0.86779
4.4838 -0.86744
4.4813 -0.86710
4.4789 -0.86676
4.4765 -0.86642
4.4740 -0.86607
4.4716 -0.86573
4.4691 -0.86539
4.4667 -0.86505
4.4642 -0.86470
4.4618 -0.86436
4.4593 -0.86402
4.4569 -0.86367
4.4544 -0.86333
4.4520 -0.86299
4.4495 -0.86264
4.4471 -0.86230
4.4446 -0.86196
4.4421 -0.86161
4.4397 -0.86127
4.4372 -0.86092
4.4348 -0.86058
4.4323 -0.86024
4.4298 -0.85989
4.4274 -0.85955
4.4249 -0.85920
4.4224 -0.85886
4.4200 -0.85851
4.4175 -0.85817
4.4150 -0.85783
4.4126 -0.85748
4.4101 -0.85714
4.4076 -0.85679
4.4051 -0.85645
4.4027 -0.85610
4.4002 -0.85576
4.3977 -0.85542
4.3952 -0.85507
4.3927 -0.85473
4.3903 -0.85438
4.3878 -0.85404
4.3853 -0.85369
4.3828 -0.85335
4.3803 -0.85300
4.3778 -0.85266
4.3753 -0.85231
4.3728 -0.85196
4.3703 -0.85162
4.3678 -0.85127
4.3653 -0.85093
4.3628 -0.85058
4.3603 -0.85024
4.3578 -0.84989
4.3553 -0.84955
4.3528 -0.84920
4.3503 -0.84886
4.3478 -0.84851
4.3453 -0.84817
4.3428 -0.84782
4.3403 -0.84748
4.3378 -0.84713
4.3353 -0.84679
4.3328 -0.84644
4.3302 -0.84610
4.3277 -0.84575
4.3252 -0.84541
4.3227 -0.84506
4.3202 -0.84472
4.3176 -0.84437
4.3151 -0.84402
4.3126 -0.84368
4.3101 -0.84333
4.3075 -0.84299
4.3050 -0.84264
4.3025 -0.84230
4.2999 -0.84195
4.2974 -0.84161
4.2949 -0.84126
4.2923 -0.84092
4.2898 -0.84058
4.2873 -0.84023
4.2847 -0.83989
4.2822 -0.83954
4.2796 -0.83920
4.2771 -0.83885
4.2745 -0.83851
4.2720 -0.83817
4.2694 -0.83782
4.2669 -0.83748
4.2643 -0.83713
4.2618 -0.83679
4.2592 -0.83644
4.2567 -0.83610
4.2541 -0.83576
4.2515 -0.83541
4.2490 -0.83507
4.2464 -0.83473
4.2438 -0.83438
4.2413 -0.83404
4.2387 -0.83370
4.2361 -0.83335
4.2335 -0.83301
4.2310 -0.83267
4.2284 -0.83232
4.2258 -0.83198
4.2232 -0.83164
4.2206 -0.83130
4.2181 -0.83095
4.2155 -0.83061
4.2129 -0.83027
4.2103 -0.82993
4.2077 -0.82958
4.2051 -0.82924
4.2025 -0.82890
4.1999 -0.82856
4.1973 -0.82822
4.1947 -0.82788
4.1921 -0.82753
4.1895 -0.82719
4.1869 -0.82685
4.1843 -0.82651
4.1817 -0.82617
4.1791 -0.82583
4.1765 -0.82549
4.1739 -0.82515
4.1713 -0.82481
4.1686 -0.82447
4.1660 -0.82413
4.1634 -0.82379
4.1608 -0.82345
4.1581 -0.82311
4.1555 -0.82277
4.1529 -0.82243
4.1503 -0.82209
4.1476 -0.82176
4.1450 -0.82142
4.1424 -0.82108
4.1397 -0.82074
4.1371 -0.82040
4.1345 -0.82007
4.1318 -0.81973
4.1292 -0.81939
4.1265 -0.81905
4.1239 -0.81872
4.1212 -0.81838
4.1186 -0.81804
4.1159 -0.81771
4.1133 -0.81737
4.1106 -0.81704
4.1079 -0.81670
4.1053 -0.81637
4.1026 -0.81603
4.1000 -0.81570
4.0973 -0.81536
4.0946 -0.81503
4.0919 -0.81469
4.0893 -0.81436
4.0866 -0.81402
4.0839 -0.81369
4.0812 -0.81336
4.0786 -0.81303
4.0759 -0.81269
4.0732 -0.81236
4.0705 -0.81203
4.0678 -0.81170
4.0651 -0.81137
4.0624 -0.81104
4.0597 -0.81071
4.0570 -0.81037
4.0543 -0.81004
4.0516 -0.80971
4.0489 -0.80938
4.0462 -0.80906
4.0435 -0.80873
4.0408 -0.80840
4.0381 -0.80807
4.0354 -0.80774
4.0326 -0.80741
4.0299 -0.80709
4.0272 -0.80676
4.0245 -0.80643
4.0218 -0.80611
4.0190 -0.80578
4.0163 -0.80545
4.0136 -0.80513
4.0108 -0.80480
4.0081 -0.80448
4.0054 -0.80416
4.0026 -0.80383
3.9999 -0.80351
3.9971 -0.80318
3.9944 -0.80286
3.9916 -0.80254
3.9889 -0.80222
3.9861 -0.80190
3.9834 -0.80157
3.9806 -0.80125
3.9779 -0.80093
3.9751 -0.80061
3.9723 -0.80029
3.9696 -0.79997
3.9668 -0.79966
3.9640 -0.79934
3.9612 -0.79902
3.9585 -0.79870
3.9557 -0.79839
3.9529 -0.79807
3.9501 -0.79775
3.9473 -0.79744
3.9446 -0.79712
3.9418 -0.79681
3.9390 -0.79649
3.9362 -0.79618
3.9334 -0.79587
3.9306 -0.79555
3.9278 -0.79524
3.9250 -0.79493
3.9222 -0.79462
3.9194 -0.79431
3.9166 -0.79400
3.9137 -0.79369
3.9109 -0.79338
3.9081 -0.79307
3.9053 -0.79276
3.9025 -0.79245
3.8996 -0.79215
3.8968 -0.79184
3.8940 -0.79153
3.8912 -0.79123
3.8883 -0.79092
3.8855 -0.79062
3.8827 -0.79032
3.8798 -0.79001
3.8770 -0.78971
3.8741 -0.78941
3.8713 -0.78911
3.8684 -0.78881
3.8656 -0.78850
3.8627 -0.78821
3.8599 -0.78791
3.8570 -0.78761
3.8541 -0.78731
3.8513 -0.78701
3.8484 -0.78672
3.8455 -0.78642
3.8427 -0.78612
3.8398 -0.78583
3.8369 -0.78554
3.8340 -0.78524
3.8312 -0.78495
3.8283 -0.78466
3.8254 -0.78437
3.8225 -0.78407
3.8196 -0.78378
3.8167 -0.78349
3.8138 -0.78321
3.8109 -0.78292
3.8080 -0.78263
3.8051 -0.78234
3.8022 -0.78206
3.7993 -0.78177
3.7964 -0.78149
3.7935 -0.78120
3.7905 -0.78092
3.7876 -0.78064
3.7847 -0.78036
3.7818 -0.78008
3.7789 -0.77980
3.7759 -0.77952
3.7730 -0.77924
3.7701 -0.77896
3.7671 -0.77868
3.7642 -0.77841
3.7612 -0.77813
3.7583 -0.77786
3.7554 -0.77758
3.7524 -0.77731
3.7495 -0.77704
3.7465 -0.77677
3.7435 -0.77650
3.7406 -0.77623
3.7376 -0.77596
3.7347 -0.77569
3.7317 -0.77542
3.7287 -0.77516
3.7258 -0.77489
3.7228 -0.77463
3.7198 -0.77436
3.7168 -0.77410
3.7139 -0.77384
3.7109 -0.77358
3.7079 -0.77332
3.7049 -0.77306
3.7019 -0.77280
3.6989 -0.77254
3.6959 -0.77229
3.6929 -0.77203
3.6899 -0.77178
3.6869 -0.77152
3.6839 -0.77127
3.6809 -0.77102
3.6779 -0.77077
3.6749 -0.77052
3.6719 -0.77027
3.6688 -0.77002
3.6658 -0.76977
3.6628 -0.76953
3.6598 -0.76928
3.6567 -0.76904
3.6537 -0.76880
3.6507 -0.76855
3.6476 -0.76831
3.6446 -0.76807
3.6416 -0.76784
3.6385 -0.76760
3.6355 -0.76736
3.6324 -0.76713
3.6294 -0.76689
3.6263 -0.76666
3.6233 -0.76643
3.6202 -0.76620
3.6172 -0.76597
3.6141 -0.76574
3.6110 -0.76551
3.6080 -0.76528
3.6049 -0.76506
3.6018 -0.76483
3.5988 -0.76461
3.5957 -0.76439
3.5926 -0.76417
3.5895 -0.76395
3.5864 -0.76373
3.5833 -0.76351
3.5803 -0.76330
3.5772 -0.76308
3.5741 -0.76287
3.5710 -0.76265
3.5679 -0.76244
3.5648 -0.76223
3.5617 -0.76202
3.5586 -0.76182
3.5555 -0.76161
3.5524 -0.76140
3.5493 -0.76120
3.5461 -0.76100
3.5430 -0.76080
3.5399 -0.76060
3.5368 -0.76040
3.5337 -0.76020
3.5305 -0.76000
3.5274 -0.75981
3.5243 -0.75961
3.5212 -0.75942
3.5180 -0.75923
3.5149 -0.75904
3.5118 -0.75885
3.5086 -0.75867
3.5055 -0.75848
3.5023 -0.75830
3.4992 -0.75811
3.4960 -0.75793
3.4929 -0.75775
3.4897 -0.75757
3.4866 -0.75739
3.4834 -0.75722
3.4803 -0.75704
3.4771 -0.75687
3.4739 -0.75670
3.4708 -0.75653
3.4676 -0.75636
3.4644 -0.75619
3.4613 -0.75603
3.4581 -0.75586
3.4549 -0.75570
3.4518 -0.75554
3.4486 -0.75537
3.4454 -0.75522
3.4422 -0.75506
3.4390 -0.75490
3.4358 -0.75475
3.4327 -0.75459
3.4295 -0.75444
3.4263 -0.75429
3.4231 -0.75414
3.4199 -0.75400
3.4167 -0.75385
3.4135 -0.75371
3.4103 -0.75356
3.4071 -0.75342
3.4039 -0.75328
3.4007 -0.75315
3.3975 -0.75301
3.3943 -0.75288
3.3911 -0.75274
3.3878 -0.75261
3.3846 -0.75248
3.3814 -0.75235
3.3782 -0.75222
3.3750 -0.75210
3.3718 -0.75198
3.3685 -0.75185
3.3653 -0.75173
3.3621 -0.75161
3.3589 -0.75150
3.3556 -0.75138
3.3524 -0.75127
3.3492 -0.75115
3.3460 -0.75104
3.3427 -0.75094
3.3395 -0.75083
3.3363 -0.75072
3.3330 -0.75062
3.3298 -0.75051
3.3265 -0.75041
3.3233 -0.75031
3.3201 -0.75022
3.3168 -0.75012
3.3136 -0.75003
3.3103 -0.74993
3.3071 -0.74984
3.3038 -0.74975
3.3006 -0.74967
3.2973 -0.74958
3.2941 -0.74950
3.2908 -0.74941
3.2876 -0.74933
3.2843 -0.74925
3.2811 -0.74918
3.2778 -0.74910
3.2746 -0.74903
3.2713 -0.74896
3.2680 -0.74889
3.2648 -0.74882
3.2615 -0.74875
3.2583 -0.74868
3.2550 -0.74862
3.2517 -0.74856
3.2485 -0.74850
3.2452 -0.74844
3.2419 -0.74839
3.2387 -0.74833
3.2354 -0.74828
3.2321 -0.74823
3.2289 -0.74818
3.2256 -0.74813
3.2223 -0.74808
3.2191 -0.74804
3.2158 -0.74800
3.2125 -0.74796
3.2092 -0.74792
3.2060 -0.74788
3.2027 -0.74785
3.1994 -0.74781
3.1962 -0.74778
3.1929 -0.74775
3.1896 -0.74772
3.1863 -0.74770
3.1831 -0.74767
3.1798 -0.74765
3.1765 -0.74763
3.1732 -0.74761
3.1699 -0.74759
3.1667 -0.74758
3.1634 -0.74756
3.1601 -0.74755
3.1568 -0.74754
3.1536 -0.74753
3.1503 -0.74753
3.1470 -0.74752
3.1437 -0.74752
3.1405 -0.74752
3.1372 -0.74752
3.1339 -0.74752
3.1306 -0.74753
3.1273 -0.74753
3.1241 -0.74754
3.1208 -0.74755
3.1175 -0.74756
3.1142 -0.74757
3.1110 -0.74759
3.1077 -0.74761
3.1044 -0.74762
3.1011 -0.74764
3.0979 -0.74767
3.0946 -0.74769
3.0913 -0.74771
3.0880 -0.74774
3.0848 -0.74777
3.0815 -0.74780
3.0782 -0.74784
3.0749 -0.74787
3.0717 -0.74791
3.0684 -0.74794
3.0651 -0.74798
3.0618 -0.74803
3.0586 -0.74807
3.0553 -0.74812
3.0520 -0.74816
3.0488 -0.74821
3.0455 -0.74826
3.0422 -0.74831
3.0390 -0.74837
3.0357 -0.74843
3.0324 -0.74848
3.0292 -0.74854
3.0259 -0.74860
3.0226 -0.74867
3.0194 -0.74873
3.0161 -0.74880
3.0129 -0.74887
3.0096 -0.74893
3.0063 -0.74901
3.0031 -0.74908
2.9998 -0.74916
2.9966 -0.74923
2.9933 -0.74931
2.9901 -0.74939
2.9868 -0.74947
2.9836 -0.74956
2.9803 -0.74964
2.9771 -0.74973
2.9738 -0.74982
2.9706 -0.74991
2.9673 -0.75000
2.9641 -0.75009
2.9608 -0.75019
2.9576 -0.75029
2.9543 -0.75038
2.9511 -0.75048
2.9479 -0.75059
2.9446 -0.75069
2.9414 -0.75080
2.9382 -0.75090
2.9349 -0.75101
2.9317 -0.75112
2.9285 -0.75123
2.9252 -0.75135
2.9220 -0.75146
2.9188 -0.75158
2.9155 -0.75170
2.9123 -0.75182
2.9091 -0.75194
2.9059 -0.75206
2.9027 -0.75219
2.8994 -0.75232
2.8962 -0.75244
2.8930 -0.75257
2.8898 -0.75270
2.8866 -0.75284
2.8834 -0.75297
2.8802 -0.75311
2.8770 -0.75325
2.8738 -0.75338
2.8706 -0.75352
2.8674 -0.75367
2.8642 -0.75381
2.8610 -0.75396
2.8578 -0.75410
2.8546 -0.75425
2.8514 -0.75440
2.8482 -0.75455
2.8450 -0.75470
2.8418 -0.75486
2.8386 -0.75501
2.8354 -0.75517
2.8323 -0.75533
2.8291 -0.75549
2.8259 -0.75565
2.8227 -0.75581
2.8196 -0.75598
2.8164 -0.75615
2.8132 -0.75631
2.8101 -0.75648
2.8069 -0.75665
2.8037 -0.75682
2.8006 -0.75700
2.7974 -0.75717
2.7943 -0.75735
2.7911 -0.75752
2.7879 -0.75770
2.7848 -0.75788
2.7816 -0.75806
2.7785 -0.75825
2.7753 -0.75843
2.7722 -0.75862
2.7691 -0.75880
2.7659 -0.75899
2.7628 -0.75918
2.7597 -0.75937
2.7565 -0.75956
2.7534 -0.75976
2.7503 -0.75995
2.7471 -0.76015
2.7440 -0.76035
2.7409 -0.76054
2.7378 -0.76075
2.7347 -0.76095
2.7315 -0.76115
2.7284 -0.76135
2.7253 -0.76156
2.7222 -0.76176
2.7191 -0.76197
2.7160 -0.76218
2.7129 -0.76239
2.7098 -0.76260
2.7067 -0.76281
2.7036 -0.76303
2.7005 -0.76324
2.6974 -0.76346
2.6944 -0.76367
2.6913 -0.76389
2.6882 -0.76411
2.6851 -0.76433
2.6820 -0.76455
2.6790 -0.76478
2.6759 -0.76500
2.6728 -0.76523
2.6697 -0.76545
2.6667 -0.76568
2.6636 -0.76591
2.6606 -0.76614
2.6575 -0.76637
2.6544 -0.76660
2.6514 -0.76684
2.6483 -0.76707
2.6453 -0.76731
2.6422 -0.76754
2.6392 -0.76778
2.6362 -0.76802
2.6331 -0.76826
2.6301 -0.76850
2.6270 -0.76874
2.6240 -0.76898
2.6210 -0.76922
2.6180 -0.76947
2.6149 -0.76972
2.6119 -0.76996
2.6089 -0.77021
2.6059 -0.77046
2.6029 -0.77071
2.5998 -0.77096
2.5968 -0.77121
2.5938 -0.77146
2.5908 -0.77172
2.5878 -0.77197
2.5848 -0.77223
2.5818 -0.77248
2.5788 -0.77274
2.5758 -0.77300
2.5729 -0.77326
2.5699 -0.77352
2.5669 -0.77378
2.5639 -0.77404
2.5609 -0.77431
2.5579 -0.77457
2.5550 -0.77483
2.5520 -0.77510
2.5490 -0.77537
2.5461 -0.77563
2.5431 -0.77590
2.5401 -0.77617
2.5372 -0.77644
2.5342 -0.77671
2.5313 -0.77698
2.5283 -0.77725
2.5254 -0.77753
2.5224 -0.77780
2.5195 -0.77808
2.5165 -0.77835
2.5136 -0.77863
2.5106 -0.77890
2.5077 -0.77918
2.5048 -0.77946
2.5018 -0.77974
2.4989 -0.78002
2.4960 -0.78030
2.4931 -0.78058
2.4902 -0.78087
2.4872 -0.78115
2.4843 -0.78143
2.4814 -0.78172
2.4785 -0.78200
2.4756 -0.78229
2.4727 -0.78258
2.4698 -0.78286
2.4669 -0.78315
2.4640 -0.78344
2.4611 -0.78373
2.4582 -0.78402
2.4553 -0.78431
2.4524 -0.78460
2.4495 -0.78490
2.4466 -0.78519
2.4438 -0.78548
2.4409 -0.78578
2.4380 -0.78607
2.4351 -0.78637
2.4323 -0.78666
2.4294 -0.78696
2.4265 -0.78726
2.4237 -0.78756
2.4208 -0.78786
2.4179 -0.78815
2.4151 -0.78846
2.4122 -0.78876
2.4094 -0.78906
2.4065 -0.78936
2.4037 -0.78966
2.4008 -0.78996
2.3980 -0.79027
2.3952 -0.79057
2.3923 -0.79088
2.3895 -0.79118
2.3867 -0.79149
2.3838 -0.79179
2.3810 -0.79210
2.3782 -0.79241
2.3754 -0.79272
2.3725 -0.79302
2.3697 -0.79333
2.3669 -0.79364
2.3641 -0.79395
2.3613 -0.79426
2.3585 -0.79457
2.3557 -0.79489
2.3529 -0.79520
2.3500 -0.79551
2.3472 -0.79582
2.3445 -0.79614
2.3417 -0.79645
2.3389 -0.79677
2.3361 -0.79708
2.3333 -0.79740
2.3305 -0.79771
2.3277 -0.79803
2.3249 -0.79834
2.3222 -0.79866
2.3194 -0.79898
2.3166 -0.79930
2.3138 -0.79962
2.3111 -0.79994
2.3083 -0.80025
2.3055 -0.80057
2.3028 -0.80089
2.3000 -0.80122
2.2972 -0.80154
2.2945 -0.80186
2.2917 -0.80218
2.2890 -0.80250
2.2862 -0.80282
2.2835 -0.80315
2.2807 -0.80347
2.2780 -0.80379
2.2752 -0.80412
2.2725 -0.80444
2.2698 -0.80477
2.2670 -0.80509
2.2643 -0.80542
2.2616 -0.80574
2.2588 -0.80607
2.2561 -0.80640
2.2534 -0.80672
2.2507 -0.80705
2.2479 -0.80738
2.2452 -0.80771
2.2425 -0.80803
2.2398 -0.80836
2.2371 -0.80869
2.2344 -0.80902
2.2317 -0.80935
2.2290 -0.80968
2.2263 -0.81001
2.2236 -0.81034
2.2209 -0.81067
2.2182 -0.81100
2.2155 -0.81134
2.2128 -0.81167
2.2101 -0.81200
2.2074 -0.81233
2.2047 -0.81266
2.2020 -0.81300
2.1993 -0.81333
2.1967 -0.81366
2.1940 -0.81400
2.1913 -0.81433
2.1886 -0.81466
2.1860 -0.81500
2.1833 -0.81533
2.1806 -0.81567
2.1780 -0.81600
2.1753 -0.81634
2.1726 -0.81667
2.1700 -0.81701
2.1673 -0.81735
2.1646 -0.81768
2.1620 -0.81802
2.1593 -0.81836
2.1567 -0.81869
2.1540 -0.81903
2.1514 -0.81937
2.1487 -0.81970
2.1461 -0.82004
2.1435 -0.82038
2.1408 -0.82072
2.1382 -0.82106
2.1355 -0.82139
2.1329 -0.82173
2.1303 -0.82207
2.1276 -0.82241
2.1250 -0.82275
2.1224 -0.82309
2.1198 -0.82343
2.1171 -0.82377
2.1145 -0.82411
2.1119 -0.82445
2.1093 -0.82479
2.1067 -0.82513
2.1040 -0.82547
2.1014 -0.82581
2.0988 -0.82615
2.0962 -0.82649
2.0936 -0.82683
2.0910 -0.82718
2.0884 -0.82752
2.0858 -0.82786
2.0832 -0.82820
2.0806 -0.82854
2.0780 -0.82888
2.0754 -0.82923
2.0728 -0.82957
2.0702 -0.82991
2.0676 -0.83025
2.0650 -0.83060
2.0625 -0.83094
2.0599 -0.83128
2.0573 -0.83162
2.0547 -0.83197
2.0521 -0.83231
2.0495 -0.83265
2.0470 -0.83300
2.0444 -0.83334
2.0418 -0.83368
2.0392 -0.83403
2.0367 -0.83437
2.0341 -0.83471
2.0315 -0.83506
2.0290 -0.83540
2.0264 -0.83575
2.0239 -0.83609
2.0213 -0.83643
2.0187 -0.83678
2.0162 -0.83712
2.0136 -0.83747
2.0111 -0.83781
2.0085 -0.83816
2.0060 -0.83850
2.0034 -0.83884
2.0009 -0.83919
1.9983 -0.83953
1.9958 -0.83988
1.9932 -0.84022
1.9907 -0.84057
1.9882 -0.84091
1.9856 -0.84126
1.9831 -0.84160
1.9805 -0.84195
1.9780 -0.84229
1.9755 -0.84264
1.9729 -0.84299
1.9704 -0.84333
1.9679 -0.84368
1.9654 -0.84402
1.9628 -0.84437
1.9603 -0.84471
1.9578 -0.84506
1.9553 -0.84540
1.9528 -0.84575
1.9502 -0.84609
1.9477 -0.84644
1.9452 -0.84678
1.9427 -0.84713
1.9402 -0.84747
1.9377 -0.84782
1.9352 -0.84816
1.9326 -0.84851
1.9301 -0.84885
1.9276 -0.84920
1.9251 -0.84954
1.9226 -0.84989
1.9201 -0.85023
1.9176 -0.85058
1.9151 -0.85093
1.9126 -0.85127
1.9101 -0.85162
1.9076 -0.85196
1.9051 -0.85231
1.9027 -0.85265
1.9002 -0.85300
1.8977 -0.85334
1.8952 -0.85369
1.8927 -0.85403
1.8902 -0.85438
1.8877 -0.85472
1.8853 -0.85507
1.8828 -0.85541
1.8803 -0.85576
1.8778 -0.85610
1.8753 -0.85645
1.8729 -0.85679
1.8704 -0.85714
1.8679 -0.85748
1.8654 -0.85783
1.8630 -0.85817
1.8605 -0.85852
1.8580 -0.85886
1.8556 -0.85921
1.8531 -0.85955
1.8506 -0.85989
1.8482 -0.86024
1.8457 -0.86058
1.8432 -0.86093
1.8408 -0.86127
1.8383 -0.86162
1.8359 -0.86196
1.8334 -0.86230
1.8309 -0.86265
1.8285 -0.86299
1.8260 -0.86333
1.8236 -0.86368
1.8211 -0.86402
1.8187 -0.86436
1.8162 -0.86471
1.8138 -0.86505
1.8113 -0.86539
1.8089 -0.86574
1.8064 -0.86608
1.8040 -0.86642
1.8016 -0.86677
1.7991 -0.86711
1.7967 -0.86745
1.7942 -0.86779
1.7918 -0.86814
1.7894 -0.86848
1.7869 -0.86882
1.7845 -0.86916
1.7821 -0.86951
1.7796 -0.86985
1.7772 -0.87019
1.7748 -0.87053
1.7723 -0.87087
1.7699 -0.87122
1.7675 -0.87156
1.7650 -0.87190
1.7626 -0.87224
1.7602 -0.87258
1.7578 -0.87292
1.7553 -0.87326
1.7529 -0.87360
1.7505 -0.87394
1.7481 -0.87428
1.7457 -0.87463
1.7432 -0.87497
1.7408 -0.87531
1.7384 -0.87565
1.7360 -0.87599
1.7336 -0.87633
1.7312 -0.87667
1.7288 -0.87700
1.7263 -0.87734
1.7239 -0.87768
1.7215 -0.87802
1.7191 -0.87836
1.7167 -0.87870
1.7143 -0.87904
1.7119 -0.87938
1.7095 -0.87972
1.7071 -0.88005
1.7047 -0.88039
1.7023 -0.88073
1.6999 -0.88107
1.6975 -0.88141
1.6951 -0.88174
1.6927 -0.88208
1.6903 -0.88242
1.6879 -0.88276
1.6855 -0.88309
1.6831 -0.88343
1.6807 -0.88377
1.6783 -0.88410
1.6759 -0.88444
1.6735 -0.88478
1.6711 -0.88511
1.6687 -0.88545
1.6663 -0.88578
1.6640 -0.88612
1.6616 -0.88645
1.6592 -0.88679
1.6568 -0.88713
1.6544 -0.88746
1.6520 -0.88779
1.6496 -0.88813
1.6473 -0.88846
1.6449 -0.88880
1.6425 -0.88913
1.6401 -0.88947
1.6377 -0.88980
1.6354 -0.89013
1.6330 -0.89047
1.6306 -0.89080
1.6282 -0.89113
1.6258 -0.89147
1.6235 -0.89180
1.6211 -0.89213
1.6187 -0.89246
1.6163 -0.89279
1.6140 -0.89313
1.6116 -0.89346
1.6092 -0.89379
1.6069 -0.89412
1.6045 -0.89445
1.6021 -0.89478
1.5998 -0.89511
1.5974 -0.89544
1.5950 -0.89577
1.5926 -0.89610
1.5903 -0.89643
1.5879 -0.89676
1.5856 -0.89709
1.5832 -0.89742
1.5808 -0.89775
1.5785 -0.89808
1.5761 -0.89841
1.5737 -0.89874
1.5714 -0.89907
1.5690 -0.89939
1.5667 -0.89972
1.5643 -0.90005
1.5619 -0.90038
1.5596 -0.90071
1.5572 -0.90103
1.5549 -0.90136
1.5525 -0.90169
1.5502 -0.90201
1.5478 -0.90234
1.5455 -0.90267
1.5431 -0.90299
1.5407 -0.90332
1.5384 -0.90364
1.5360 -0.90397
1.5337 -0.90429
1.5313 -0.90462
1.5290 -0.90494
1.5266 -0.90526
1.5243 -0.90559
1.5219 -0.90591
1.5196 -0.90624
1.5173 -0.90656
1.5149 -0.90688
1.5126 -0.90721
1.5102 -0.90753
1.5079 -0.90785
1.5055 -0.90817
1.5032 -0.90850
1.5008 -0.90882
1.4985 -0.90914
1.4962 -0.90946
1.4938 -0.90978
1.4915 -0.91010
1.4891 -0.91042
1.4868 -0.91074
1.4844 -0.91106
1.4821 -0.91138
1.4798 -0.91170
1.4774 -0.91202
1.4751 -0.91234
1.4728 -0.91266
1.4704 -0.91298
1.4681 -0.91330
1.4657 -0.91362
1.4634 -0.91393
1.4611 -0.91425
1.4587 -0.91457
1.4564 -0.91488
1.4541 -0.91520
1.4517 -0.91552
1.4494 -0.91583
1.4471 -0.91615
1.4447 -0.91647
1.4424 -0.91678
1.4401 -0.91710
1.4377 -0.91741
1.4354 -0.91773
1.4331 -0.91804
1.4308 -0.91835
1.4284 -0.91867
1.4261 -0.91898
1.4238 -0.91930
1.4214 -0.91961
1.4191 -0.91992
1.4168 -0.92023
1.4145 -0.92055
1.4121 -0.92086
1.4098 -0.92117
1.4075 -0.92148
1.4052 -0.92179
1.4028 -0.92210
1.4005 -0.92242
1.3982 -0.92273
1.3959 -0.92304
1.3935 -0.92335
1.3912 -0.92366
1.3889 -0.92397
1.3866 -0.92427
1.3842 -0.92458
1.3819 -0.92489
1.3796 -0.92520
1.3773 -0.92551
1.3750 -0.92582
1.3726 -0.92612
1.3703 -0.92643
1.3680 -0.92674
1.3657 -0.92704
1.3634 -0.92735
1.3610 -0.92766
1.3587 -0.92796
1.3564 -0.92827
1.3541 -0.92857
1.3518 -0.92888
1.3494 -0.92918
1.3471 -0.92948
1.3448 -0.92979
1.3425 -0.93009
1.3402 -0.93040
1.3379 -0.93070
1.3355 -0.93100
1.3332 -0.93130
1.3309 -0.93161
1.3286 -0.93191
1.3263 -0.93221
1.3240 -0.93251
1.3217 -0.93281
1.3193 -0.93311
1.3170 -0.93341
1.3147 -0.93371
1.3124 -0.93401
1.3101 -0.93431
1.3078 -0.93461
1.3055 -0.93491
1.3031 -0.93521
1.3008 -0.93550
1.2985 -0.93580
1.2962 -0.93610
1.2939 -0.93640
1.2916 -0.93669
1.2893 -0.93699
1.2870 -0.93729
1.2847 -0.93758
1.2823 -0.93788
1.2800 -0.93817
1.2777 -0.93847
1.2754 -0.93876
1.2731 -0.93906
1.2708 -0.93935
1.2685 -0.93964
1.2662 -0.93994
1.2639 -0.94023
1.2616 -0.94052
1.2592 -0.94082
1.2569 -0.94111
1.2546 -0.94140
1.2523 -0.94169
1.2500 -0.94198
1.2477 -0.94227
1.2454 -0.94256
1.2431 -0.94285
1.2408 -0.94314
1.2385 -0.94343
1.2362 -0.94372
1.2339 -0.94401
1.2315 -0.94430
1.2292 -0.94459
1.2269 -0.94487
1.2246 -0.94516
1.2223 -0.94545
1.2200 -0.94573
1.2177 -0.94602
1.2154 -0.94631
1.2131 -0.94659
1.2108 -0.94688
1.2085 -0.94716
1.2062 -0.94745
1.2039 -0.94773
1.2016 -0.94802
1.1993 -0.94830
1.1970 -0.94858
1.1947 -0.94886
1.1923 -0.94915
1.1900 -0.94943
1.1877 -0.94971
1.1854 -0.94999
1.1831 -0.95027
1.1808 -0.95055
1.1785 -0.95083
1.1762 -0.95111
1.1739 -0.95139
1.1716 -0.95167
1.1693 -0.95195
1.1670 -0.95223
1.1647 -0.95251
1.1624 -0.95279
1.1601 -0.95306
1.1578 -0.95334
1.1555 -0.95362
1.1532 -0.95389
1.1509 -0.95417
1.1486 -0.95445
1.1463 -0.95472
1.1440 -0.95500
1.1417 -0.95527
1.1393 -0.95554
1.1370 -0.95582
1.1347 -0.95609
1.1324 -0.95636
1.1301 -0.95664
1.1278 -0.95691
1.1255 -0.95718
1.1232 -0.95745
1.1209 -0.95772
1.1186 -0.95799
1.1163 -0.95826
1.1140 -0.95853
1.1117 -0.95880
1.1094 -0.95907
1.1071 -0.95934
1.1048 -0.95961
1.1025 -0.95988
1.1002 -0.96015
1.0979 -0.96041
1.0956 -0.96068
1.0933 -0.96095
1.0910 -0.96121
1.0887 -0.96148
1.0864 -0.96174
1.0841 -0.96201
1.0817 -0.96227
1.0794 -0.96254
1.0771 -0.96280
1.0748 -0.96306
1.0725 -0.96333
1.0702 -0.96359
1.0679 -0.96385
1.0656 -0.96411
1.0633 -0.96438
1.0610 -0.96464
1.0587 -0.96490
1.0564 -0.96516
1.0541 -0.96542
1.0518 -0.96568
1.0495 -0.96594
1.0472 -0.96619
1.0449 -0.96645
1.0426 -0.96671
1.0403 -0.96697
1.0380 -0.96722
1.0357 -0.96748
1.0334 -0.96774
1.0311 -0.96799
1.0288 -0.96825
1.0264 -0.96850
1.0241 -0.96876
1.0218 -0.96901
1.0195 -0.96926
1.0172 -0.96952
1.0149 -0.96977
1.0126 -0.97002
1.0103 -0.97028
1.0080 -0.97053
1.0057 -0.97078
1.0034 -0.97103
1.0011 -0.97128
0.99878 -0.97153
0.99648 -0.97178
0.99417 -0.97203
0.99186 -0.97228
0.98956 -0.97252
0.98725 -0.97277
0.98495 -0.97302
0.98264 -0.97327
0.98033 -0.97351
0.97802 -0.97376
0.97572 -0.97400
0.97341 -0.97425
0.97110 -0.97449
0.96880 -0.97474
0.96649 -0.97498
0.96418 -0.97523
0.96187 -0.97547
0.95957 -0.97571
0.95726 -0.97595
0.95495 -0.97620
0.95264 -0.97644
0.95034 -0.97668
0.94803 -0.97692
0.94572 -0.97716
0.94341 -0.97740
0.94110 -0.97764
0.93879 -0.97787
0.93648 -0.97811
0.93417 -0.97835
0.93187 -0.97859
0.92956 -0.97882
0.92725 -0.97906
0.92494 -0.97930
0.92263 -0.97953
0.92032 -0.97977
0.91801 -0.98000
0.91570 -0.98024
0.91339 -0.98047
0.91108 -0.98070
0.90876 -0.98094
0.90645 -0.98117
0.90414 -0.98140
0.90183 -0.98163
0.89952 -0.98186
0.89721 -0.98209
0.89490 -0.98232
0.89259 -0.98255
0.89027 -0.98278
0.88796 -0.98301
0.88565 -0.98324
0.88334 -0.98347
0.88102 -0.98369
0.87871 -0.98392
0.87640 -0.98415
0.87409 -0.98437
0.87177 -0.98460
0.86946 -0.98482
0.86714 -0.98505
0.86483 -0.98527
0.86252 -0.98549
0.86020 -0.98572
0.85789 -0.98594
0.85557 -0.98616
0.85326 -0.98638
0.85094 -0.98660
0.84863 -0.98682
0.84631 -0.98704
0.84400 -0.98726
0.84168 -0.98748
0.83937 -0.98770
0.83705 -0.98792
0.83473 -0.98814
0.83242 -0.98835
0.83010 -0.98857
0.82778 -0.98879
0.82547 -0.98900
0.82315 -0.98922
0.82083 -0.98943
0.81851 -0.98965
0.81620 -0.98986
0.81388 -0.99008
0.81156 -0.99029
0.80924 -0.99050
0.80692 -0.99071
0.80460 -0.99092
0.80228 -0.99113
0.79996 -0.99135
0.79765 -0.99156
0.79533 -0.99176
0.79301 -0.99197
0.79069 -0.99218
0.78837 -0.99239
0.78605 -0.99260
0.78372 -0.99280
0.78140 -0.99301
0.77908 -0.99321
0.77676 -0.99342
0.77444 -0.99362
0.77212 -0.99383
0.76979 -0.99403
0.76747 -0.99424
0.76515 -0.99444
0.76283 -0.99464
0.76050 -0.99484
0.75818 -0.99504
0.75586 -0.99524
0.75353 -0.99545
0.75121 -0.99564
0.74888 -0.99584
0.74656 -0.99604
0.74424 -0.99624
0.74191 -0.99644
0.73958 -0.99664
0.73726 -0.99683
0.73493 -0.99703
0.73261 -0.99722
0.73028 -0.99742
0.72796 -0.99761
0.72563 -0.99781
0.72330 -0.99800
0.72097 -0.99819
0.71865 -0.99839
0.71632 -0.99858
0.71399 -0.99877
0.71166 -0.99896
0.70934 -0.99915
0.70701 -0.99934
0.70468 -0.99953
0.70235 -0.99972
0.70002 -0.99991
0.69769 -1.0001
0.69536 -1.0003
0.69303 -1.0005
0.69070 -1.0007
0.68837 -1.0008
0.68604 -1.0010
0.68371 -1.0012
0.68138 -1.0014
0.67905 -1.0016
0.67671 -1.0018
0.67438 -1.0019
0.67205 -1.0021
0.66972 -1.0023
0.66739 -1.0025
0.66505 -1.0027
0.66272 -1.0028
0.66039 -1.0030
0.65805 -1.0032
0.65572 -1.0034
0.65339 -1.0036
0.65105 -1.0037
0.64872 -1.0039
0.64638 -1.0041
0.64405 -1.0043
0.64171 -1.0044
0.63938 -1.0046
0.63704 -1.0048
0.63471 -1.0050
0.63237 -1.0051
0.63003 -1.0053
0.62770 -1.0055
0.62536 -1.0056
0.62302 -1.0058
0.62068 -1.0060
0.61835 -1.0062
0.61601 -1.0063
0.61367 -1.0065
0.61133 -1.0067
0.60899 -1.0068
0.60665 -1.0070
0.60431 -1.0072
0.60197 -1.0073
0.59964 -1.0075
0.59729 -1.0076
0.59495 -1.0078
0.59261 -1.0080
0.59027 -1.0081
0.58793 -1.0083
0.58559 -1.0085
0.58325 -1.0086
0.58091 -1.0088
0.57857 -1.0089
0.57622 -1.0091
0.57388 -1.0093
0.57154 -1.0094
0.56919 -1.0096
0.56685 -1.0097
0.56451 -1.0099
0.56216 -1.0100
0.55982 -1.0102
0.55748 -1.0103
0.55513 -1.0105
0.55279 -1.0106
0.55044 -1.0108
0.54810 -1.0110
0.54575 -1.0111
0.54340 -1.0113
0.54106 -1.0114
0.53871 -1.0116
0.53637 -1.0117
0.53402 -1.0119
0.53167 -1.0120
0.52932 -1.0121
0.52698 -1.0123
0.52463 -1.0124
0.52228 -1.0126
0.51993 -1.0127
0.51758 -1.0129
0.51523 -1.0130
0.51289 -1.0132
0.51054 -1.0133
0.50819 -1.0134
0.50584 -1.0136
0.50349 -1.0137
0.50114 -1.0139
0.49879 -1.0140
0.49644 -1.0141
0.49409 -1.0143
0.49173 -1.0144
0.48938 -1.0146
0.48703 -1.0147
0.48468 -1.0148
0.48233 -1.0150
0.47997 -1.0151
0.47762 -1.0152
0.47527 -1.0154
0.47292 -1.0155
0.47056 -1.0156
0.46821 -1.0158
0.46585 -1.0159
0.46350 -1.0160
0.46115 -1.0161
0.45879 -1.0163
0.45644 -1.0164
0.45408 -1.0165
0.45173 -1.0167
0.44937 -1.0168
0.44701 -1.0169
0.44466 -1.0170
0.44230 -1.0172
0.43995 -1.0173
0.43759 -1.0174
0.43523 -1.0175
0.43287 -1.0177
0.43052 -1.0178
0.42816 -1.0179
0.42580 -1.0180
0.42344 -1.0181
0.42109 -1.0183
0.41873 -1.0184
0.41637 -1.0185
0.41401 -1.0186
0.41165 -1.0187
0.40929 -1.0188
0.40693 -1.0190
0.40457 -1.0191
0.40221 -1.0192
0.39985 -1.0193
0.39749 -1.0194
0.39513 -1.0195
0.39277 -1.0196
0.39041 -1.0197
0.38804 -1.0199
0.38568 -1.0200
0.38332 -1.0201
0.38096 -1.0202
0.37860 -1.0203
0.37623 -1.0204
0.37387 -1.0205
0.37151 -1.0206
0.36915 -1.0207
0.36678 -1.0208
0.36442 -1.0209
0.36205 -1.0210
0.35969 -1.0211
0.35733 -1.0212
0.35496 -1.0213
0.35260 -1.0214
0.35023 -1.0215
0.34787 -1.0216
0.34550 -1.0217
0.34314 -1.0218
0.34077 -1.0219
0.33841 -1.0220
0.33604 -1.0221
0.33367 -1.0222
0.33131 -1.0223
0.32894 -1.0224
0.32657 -1.0225
0.32421 -1.0226
0.32184 -1.0227
0.31947 -1.0228
0.31710 -1.0229
0.31474 -1.0229
0.31237 -1.0230
0.31000 -1.0231
0.30763 -1.0232
0.30526 -1.0233
0.30290 -1.0234
0.30053 -1.0235
0.29816 -1.0236
0.29579 -1.0236
0.29342 -1.0237
0.29105 -1.0238
0.28868 -1.0239
0.28631 -1.0240
0.28394 -1.0241
0.28157 -1.0241
0.27920 -1.0242
0.27683 -1.0243
0.27446 -1.0244
0.27209 -1.0245
0.26971 -1.0245
0.26734 -1.0246
0.26497 -1.0247
0.26260 -1.0248
0.26023 -1.0248
0.25786 -1.0249
0.25548 -1.0250
0.25311 -1.0251
0.25074 -1.0251
0.24837 -1.0252
0.24599 -1.0253
0.24362 -1.0253
0.24125 -1.0254
0.23888 -1.0255
0.23650 -1.0256
0.23413 -1.0256
0.23176 -1.0257
0.22938 -1.0258
0.22701 -1.0258
0.22463 -1.0259
0.22226 -1.0260
0.21989 -1.0260
0.21751 -1.0261
0.21514 -1.0261
0.21276 -1.0262
0.21039 -1.0263
0.20801 -1.0263
0.20564 -1.0264
0.20326 -1.0264
0.20089 -1.0265
0.19851 -1.0266
0.19613 -1.0266
0.19376 -1.0267
0.19138 -1.0267
0.18901 -1.0268
0.18663 -1.0268
0.18425 -1.0269
0.18188 -1.0269
0.17950 -1.0270
0.17712 -1.0270
0.17475 -1.0271
0.17237 -1.0271
0.16999 -1.0272
0.16762 -1.0272
0.16524 -1.0273
0.16286 -1.0273
0.16049 -1.0274
0.15811 -1.0274
0.15573 -1.0275
0.15335 -1.0275
0.15097 -1.0276
0.14860 -1.0276
0.14622 -1.0277
0.14384 -1.0277
0.14146 -1.0277
0.13908 -1.0278
0.13671 -1.0278
0.13433 -1.0279
0.13195 -1.0279
0.12957 -1.0279
0.12719 -1.0280
0.12481 -1.0280
0.12243 -1.0280
0.12005 -1.0281
0.11768 -1.0281
0.11530 -1.0282
0.11292 -1.0282
0.11054 -1.0282
0.10816 -1.0282
0.10578 -1.0283
0.10340 -1.0283
0.10102 -1.0283
0.098641 -1.0284
0.096261 -1.0284
0.093881 -1.0284
0.091501 -1.0285
0.089122 -1.0285
0.086742 -1.0285
0.084362 -1.0285
0.081982 -1.0286
0.079602 -1.0286
0.077221 -1.0286
0.074841 -1.0286
0.072461 -1.0286
0.070081 -1.0287
0.067700 -1.0287
0.065320 -1.0287
0.062939 -1.0287
0.060559 -1.0287
0.058178 -1.0288
0.055798 -1.0288
0.053417 -1.0288
0.051037 -1.0288
0.048656 -1.0288
0.046275 -1.0288
0.043895 -1.0289
0.041514 -1.0289
0.039133 -1.0289
0.036752 -1.0289
0.034371 -1.0289
0.031991 -1.0289
0.029610 -1.0289
0.027229 -1.0289
0.024848 -1.0289
0.022467 -1.0289
0.020086 -1.0289
0.017705 -1.0290
0.015324 -1.0290
0.012943 -1.0290
0.010562 -1.0290
0.0081810 -1.0290
0.0058000 -1.0290
0.0034190 -1.0290
0.0010380 -1.0290
-0.0013430 -1.0290
-0.0037240 -1.0290
-0.0061050 -1.0290
-0.0084860 -1.0290
-0.010867 -1.0290
-0.013248 -1.0290
-0.015629 -1.0290
-0.018010 -1.0290
-0.020391 -1.0290
-0.022772 -1.0289
-0.025153 -1.0289
-0.027534 -1.0289
-0.029915 -1.0289
-0.032295 -1.0289
-0.034676 -1.0289
-0.037057 -1.0289
-0.039438 -1.0289
-0.041819 -1.0289
-0.044199 -1.0289
-0.046580 -1.0288
-0.048961 -1.0288
-0.051342 -1.0288
-0.053722 -1.0288
-0.056103 -1.0288
-0.058483 -1.0288
-0.060864 -1.0288
-0.063244 -1.0287
-0.065625 -1.0287
-0.068005 -1.0287
-0.070385 -1.0287
-0.072766 -1.0287
-0.075146 -1.0286
-0.077526 -1.0286
-0.079906 -1.0286
-0.082286 -1.0286
-0.084666 -1.0286
-0.087047 -1.0285
-0.089426 -1.0285
-0.091806 -1.0285
-0.094186 -1.0284
-0.096566 -1.0284
-0.098945 -1.0284
-0.10133 -1.0284
-0.10370 -1.0283
-0.10608 -1.0283
-0.10846 -1.0283
-0.11084 -1.0282
-0.11322 -1.0282
-0.11560 -1.0282
-0.11798 -1.0281
-0.12036 -1.0281
-0.12274 -1.0281
-0.12512 -1.0280
-0.12750 -1.0280
-0.12987 -1.0280
-0.13225 -1.0279
-0.13463 -1.0279
-0.13701 -1.0279
-0.13939 -1.0278
-0.14177 -1.0278
-0.14415 -1.0277
-0.14652 -1.0277
-0.14890 -1.0277
-0.15128 -1.0276
-0.15366 -1.0276
-0.15603 -1.0275
-0.15841 -1.0275
-0.16079 -1.0274
-0.16317 -1.0274
-0.16554 -1.0273
-0.16792 -1.0273
-0.17030 -1.0272
-0.17268 -1.0272
-0.17505 -1.0271
-0.17743 -1.0271
-0.17981 -1.0270
-0.18218 -1.0270
-0.18456 -1.0269
-0.18693 -1.0269
-0.18931 -1.0268
-0.19169 -1.0268
-0.19406 -1.0267
-0.19644 -1.0267
-0.19881 -1.0266
-0.20119 -1.0266
-0.20357 -1.0265
-0.20594 -1.0264
-0.20832 -1.0264
-0.21069 -1.0263
-0.21307 -1.0263
-0.21544 -1.0262
-0.21781 -1.0261
-0.22019 -1.0261
-0.22256 -1.0260
-0.22494 -1.0259
-0.22731 -1.0259
-0.22969 -1.0258
-0.23206 -1.0257
-0.23443 -1.0257
-0.23681 -1.0256
-0.23918 -1.0255
-0.24155 -1.0255
-0.24393 -1.0254
-0.24630 -1.0253
-0.24867 -1.0253
-0.25104 -1.0252
-0.25342 -1.0251
-0.25579 -1.0251
-0.25816 -1.0250
-0.26053 -1.0249
-0.26290 -1.0248
-0.26528 -1.0248
-0.26765 -1.0247
-0.27002 -1.0246
-0.27239 -1.0245
-0.27476 -1.0244
-0.27713 -1.0244
-0.27950 -1.0243
-0.28187 -1.0242
-0.28424 -1.0241
-0.28661 -1.0240
-0.28898 -1.0240
-0.29135 -1.0239
-0.29372 -1.0238
-0.29609 -1.0237
-0.29846 -1.0236
-0.30083 -1.0235
-0.30320 -1.0235
-0.30557 -1.0234
-0.30794 -1.0233
-0.31030 -1.0232
-0.31267 -1.0231
-0.31504 -1.0230
-0.31741 -1.0229
-0.31978 -1.0228
-0.32214 -1.0228
-0.32451 -1.0227
-0.32688 -1.0226
-0.32924 -1.0225
-0.33161 -1.0224
-0.33398 -1.0223
-0.33634 -1.0222
-0.33871 -1.0221
-0.34107 -1.0220
-0.34344 -1.0219
-0.34581 -1.0218
-0.34817 -1.0217
-0.35054 -1.0216
-0.35290 -1.0215
-0.35526 -1.0214
-0.35763 -1.0213
-0.35999 -1.0212
-0.36236 -1.0211
-0.36472 -1.0210
-0.36708 -1.0209
-0.36945 -1.0208
-0.37181 -1.0207
-0.37417 -1.0206
-0.37654 -1.0205
-0.37890 -1.0204
-0.38126 -1.0203
-0.38362 -1.0202
-0.38598 -1.0201
-0.38835 -1.0199
-0.39071 -1.0198
-0.39307 -1.0197
-0.39543 -1.0196
-0.39779 -1.0195
-0.40015 -1.0194
-0.40251 -1.0193
-0.40487 -1.0192
-0.40723 -1.0191
-0.40959 -1.0189
-0.41195 -1.0188
-0.41431 -1.0187
-0.41667 -1.0186
-0.41903 -1.0185
-0.42139 -1.0184
-0.42374 -1.0182
-0.42610 -1.0181
-0.42846 -1.0180
-0.43082 -1.0179
-0.43318 -1.0178
-0.43553 -1.0176
-0.43789 -1.0175
-0.44025 -1.0174
-0.44260 -1.0173
-0.44496 -1.0171
-0.44731 -1.0170
-0.44967 -1.0169
-0.45203 -1.0168
-0.45438 -1.0166
-0.45674 -1.0165
-0.45909 -1.0164
-0.46145 -1.0163
-0.46380 -1.0161
-0.46615 -1.0160
-0.46851 -1.0159
-0.47086 -1.0157
-0.47321 -1.0156
-0.47557 -1.0155
-0.47792 -1.0153
-0.48027 -1.0152
-0.48263 -1.0151
-0.48498 -1.0149
-0.48733 -1.0148
-0.48968 -1.0147
-0.49203 -1.0145
-0.49438 -1.0144
-0.49673 -1.0143
-0.49908 -1.0141
-0.50144 -1.0140
-0.50379 -1.0138
-0.50613 -1.0137
-0.50848 -1.0136
-0.51083 -1.0134
-0.51318 -1.0133
-0.51553 -1.0131
-0.51788 -1.0130
-0.52023 -1.0129
-0.52258 -1.0127
-0.52493 -1.0126
-0.52727 -1.0124
-0.52962 -1.0123
-0.53197 -1.0121
-0.53432 -1.0120
-0.53666 -1.0118
-0.53901 -1.0117
-0.54135 -1.0115
-0.54370 -1.0114
-0.54605 -1.0112
-0.54839 -1.0111
-0.55074 -1.0109
-0.55308 -1.0108
-0.55543 -1.0106
-0.55777 -1.0105
-0.56011 -1.0103
-0.56246 -1.0102
-0.56480 -1.0100
-0.56715 -1.0099
-0.56949 -1.0097
-0.57183 -1.0096
-0.57417 -1.0094
-0.57652 -1.0092
-0.57886 -1.0091
-0.58120 -1.0089
-0.58354 -1.0088
-0.58588 -1.0086
-0.58823 -1.0084
-0.59057 -1.0083
-0.59291 -1.0081
-0.59525 -1.0080
-0.59759 -1.0078
-0.59993 -1.0076
-0.60227 -1.0075
-0.60461 -1.0073
-0.60695 -1.0071
-0.60928 -1.0070
-0.61162 -1.0068
-0.61396 -1.0066
-0.61630 -1.0065
-0.61864 -1.0063
-0.62097 -1.0061
-0.62331 -1.0060
-0.62565 -1.0058
-0.62799 -1.0056
-0.63032 -1.0055
-0.63266 -1.0053
-0.63500 -1.0051
-0.63733 -1.0049
-0.63967 -1.0048
-0.64200 -1.0046
-0.64434 -1.0044
-0.64667 -1.0042
-0.64901 -1.0041
-0.65134 -1.0039
-0.65368 -1.0037
-0.65601 -1.0035
-0.65834 -1.0034
-0.66068 -1.0032
-0.66301 -1.0030
-0.66534 -1.0028
-0.66767 -1.0026
-0.67001 -1.0025
-0.67234 -1.0023
-0.67467 -1.0021
-0.67700 -1.0019
-0.67933 -1.0017
-0.68166 -1.0016
-0.68400 -1.0014
-0.68633 -1.0012
-0.68866 -1.0010
-0.69099 -1.0008
-0.69332 -1.0006
-0.69565 -1.0005
-0.69798 -1.0003
-0.70030 -1.0001
-0.70263 -0.99989
-0.70496 -0.99970
-0.70729 -0.99951
-0.70962 -0.99932
-0.71195 -0.99913
-0.71428 -0.99894
-0.71660 -0.99875
-0.71893 -0.99856
-0.72126 -0.99837
-0.72358 -0.99818
-0.72591 -0.99798
-0.72824 -0.99779
-0.73056 -0.99760
-0.73289 -0.99740
-0.73522 -0.99721
-0.73754 -0.99701
-0.73987 -0.99682
-0.74219 -0.99662
-0.74452 -0.99642
-0.74684 -0.99622
-0.74916 -0.99603
-0.75149 -0.99583
-0.75381 -0.99563
-0.75613 -0.99543
-0.75846 -0.99523
-0.76078 -0.99503
-0.76310 -0.99483
-0.76543 -0.99463
-0.76775 -0.99442
-0.77007 -0.99422
-0.77239 -0.99402
-0.77471 -0.99381
-0.77704 -0.99361
-0.77936 -0.99340
-0.78168 -0.99320
-0.78400 -0.99299
-0.78632 -0.99279
-0.78864 -0.99258
-0.79096 -0.99237
-0.79328 -0.99216
-0.79560 -0.99196
-0.79792 -0.99175
-0.80024 -0.99154
-0.80256 -0.99133
-0.80488 -0.99112
-0.80720 -0.99091
-0.80951 -0.99070
-0.81183 -0.99049
-0.81415 -0.99027
-0.81647 -0.99006
-0.81879 -0.98985
-0.82110 -0.98963
-0.82342 -0.98942
-0.82574 -0.98920
-0.82805 -0.98899
-0.83037 -0.98877
-0.83269 -0.98856
-0.83500 -0.98834
-0.83732 -0.98812
-0.83964 -0.98790
-0.84195 -0.98769
-0.84427 -0.98747
-0.84658 -0.98725
-0.84890 -0.98703
-0.85121 -0.98681
-0.85353 -0.98659
-0.85584 -0.98637
-0.85816 -0.98615
-0.86047 -0.98592
-0.86278 -0.98570
-0.86510 -0.98548
-0.86741 -0.98526
-0.86973 -0.98503
-0.87204 -0.98481
-0.87435 -0.98458
-0.87666 -0.98436
-0.87898 -0.98413
-0.88129 -0.98390
-0.88360 -0.98368
-0.88591 -0.98345
-0.88823 -0.98322
-0.89054 -0.98300
-0.89285 -0.98277
-0.89516 -0.98254
-0.89747 -0.98231
-0.89978 -0.98208
-0.90209 -0.98185
-0.90440 -0.98162
-0.90672 -0.98138
-0.90903 -0.98115
-0.91134 -0.98092
-0.91365 -0.98069
-0.91596 -0.98046
-0.91827 -0.98022
-0.92058 -0.97999
-0.92289 -0.97975
-0.92520 -0.97952
-0.92750 -0.97928
-0.92981 -0.97905
-0.93212 -0.97881
-0.93443 -0.97857
-0.93674 -0.97834
-0.93905 -0.97810
-0.94136 -0.97786
-0.94367 -0.97762
-0.94597 -0.97738
-0.94828 -0.97714
-0.95059 -0.97690
-0.95290 -0.97666
-0.95520 -0.97642
-0.95751 -0.97618
-0.95982 -0.97594
-0.96213 -0.97570
-0.96443 -0.97546
-0.96674 -0.97521
-0.96905 -0.97497
-0.97135 -0.97473
-0.97366 -0.97448
-0.97597 -0.97424
-0.97827 -0.97399
-0.98058 -0.97375
-0.98289 -0.97350
-0.98519 -0.97325
-0.98750 -0.97301
-0.98980 -0.97276
-0.99211 -0.97251
-0.99442 -0.97226
-0.99672 -0.97202
-0.99903 -0.97177
-1.0013 -0.97152
-1.0036 -0.97127
-1.0059 -0.97102
-1.0083 -0.97077
-1.0106 -0.97052
-1.0129 -0.97026
-1.0152 -0.97001
-1.0175 -0.96976
-1.0198 -0.96951
-1.0221 -0.96925
-1.0244 -0.96900
-1.0267 -0.96875
-1.0290 -0.96849
-1.0313 -0.96824
-1.0336 -0.96798
-1.0359 -0.96773
-1.0382 -0.96747
-1.0405 -0.96721
-1.0428 -0.96696
-1.0451 -0.96670
-1.0474 -0.96644
-1.0497 -0.96618
-1.0520 -0.96593
-1.0543 -0.96567
-1.0566 -0.96541
-1.0589 -0.96515
-1.0612 -0.96489
-1.0635 -0.96463
-1.0659 -0.96437
-1.0682 -0.96411
-1.0705 -0.96384
-1.0728 -0.96358
-1.0751 -0.96332
-1.0774 -0.96306
-1.0797 -0.96279
-1.0820 -0.96253
-1.0843 -0.96227
-1.0866 -0.96200
-1.0889 -0.96174
-1.0912 -0.96147
-1.0935 -0.96121
-1.0958 -0.96094
-1.0981 -0.96067
-1.1004 -0.96041
-1.1027 -0.96014
-1.1050 -0.95987
-1.1073 -0.95960
-1.1096 -0.95934
-1.1119 -0.95907
-1.1142 -0.95880
-1.1165 -0.95853
-1.1188 -0.95826
-1.1211 -0.95799
-1.1234 -0.95772
-1.1257 -0.95745
-1.1280 -0.95717
-1.1303 -0.95690
-1.1326 -0.95663
-1.1349 -0.95636
-1.1372 -0.95609
-1.1395 -0.95581
-1.1418 -0.95554
-1.1442 -0.95526
-1.1465 -0.95499
-1.1488 -0.95471
-1.1511 -0.95444
-1.1534 -0.95416
-1.1557 -0.95389
-1.1580 -0.95361
-1.1603 -0.95334
-1.1626 -0.95306
-1.1649 -0.95278
-1.1672 -0.95250
-1.1695 -0.95223
-1.1718 -0.95195
-1.1741 -0.95167
-1.1764 -0.95139
-1.1787 -0.95111
-1.1810 -0.95083
-1.1833 -0.95055
-1.1856 -0.95027
-1.1879 -0.94999
-1.1902 -0.94971
-1.1925 -0.94943
-1.1948 -0.94914
-1.1971 -0.94886
-1.1994 -0.94858
-1.2018 -0.94830
-1.2041 -0.94801
-1.2064 -0.94773
-1.2087 -0.94744
-1.2110 -0.94716
-1.2133 -0.94688
-1.2156 -0.94659
-1.2179 -0.94631
-1.2202 -0.94602
-1.2225 -0.94573
-1.2248 -0.94545
-1.2271 -0.94516
-1.2294 -0.94487
-1.2317 -0.94459
-1.2340 -0.94430
-1.2363 -0.94401
-1.2386 -0.94372
-1.2410 -0.94343
-1.2433 -0.94314
-1.2456 -0.94285
-1.2479 -0.94256
-1.2502 -0.94227
-1.2525 -0.94198
-1.2548 -0.94169
-1.2571 -0.94140
-1.2594 -0.94111
-1.2617 -0.94082
-1.2640 -0.94053
-1.2663 -0.94023
-1.2686 -0.93994
-1.2710 -0.93965
-1.2733 -0.93935
-1.2756 -0.93906
-1.2779 -0.93877
-1.2802 -0.93847
-1.2825 -0.93818
-1.2848 -0.93788
-1.2871 -0.93759
-1.2894 -0.93729
-1.2917 -0.93699
-1.2941 -0.93670
-1.2964 -0.93640
-1.2987 -0.93610
-1.3010 -0.93581
-1.3033 -0.93551
-1.3056 -0.93521
-1.3079 -0.93491
-1.3102 -0.93462
-1.3125 -0.93432
-1.3149 -0.93402
-1.3172 -0.93372
-1.3195 -0.93342
-1.3218 -0.93312
-1.3241 -0.93282
-1.3264 -0.93252
-1.3287 -0.93222
-1.3311 -0.93191
-1.3334 -0.93161
-1.3357 -0.93131
-1.3380 -0.93101
-1.3403 -0.93071
-1.3426 -0.93040
-1.3449 -0.93010
-1.3473 -0.92980
-1.3496 -0.92949
-1.3519 -0.92919
-1.3542 -0.92889
-1.3565 -0.92858
-1.3588 -0.92828
-1.3612 -0.92797
-1.3635 -0.92767
-1.3658 -0.92736
-1.3681 -0.92705
-1.3704 -0.92675
-1.3728 -0.92644
-1.3751 -0.92613
-1.3774 -0.92583
-1.3797 -0.92552
-1.3820 -0.92521
-1.3844 -0.92490
-1.3867 -0.92460
-1.3890 -0.92429
-1.3913 -0.92398
-1.3937 -0.92367
-1.3960 -0.92336
-1.3983 -0.92305
-1.4006 -0.92274
-1.4029 -0.92243
-1.4053 -0.92212
-1.4076 -0.92181
-1.4099 -0.92150
-1.4122 -0.92119
-1.4146 -0.92087
-1.4169 -0.92056
-1.4192 -0.92025
-1.4215 -0.91994
-1.4239 -0.91963
-1.4262 -0.91931
-1.4285 -0.91900
-1.4309 -0.91869
-1.4332 -0.91837
-1.4355 -0.91806
-1.4378 -0.91774
-1.4402 -0.91743
-1.4425 -0.91711
-1.4448 -0.91680
-1.4472 -0.91648
-1.4495 -0.91617
-1.4518 -0.91585
-1.4542 -0.91554
-1.4565 -0.91522
-1.4588 -0.91490
-1.4612 -0.91459
-1.4635 -0.91427
-1.4658 -0.91395
-1.4682 -0.91363
-1.4705 -0.91332
-1.4728 -0.91300
-1.4752 -0.91268
-1.4775 -0.91236
-1.4798 -0.91204
-1.4822 -0.91172
-1.4845 -0.91140
-1.4869 -0.91108
-1.4892 -0.91076
-1.4915 -0.91044
-1.4939 -0.91012
-1.4962 -0.90980
-1.4986 -0.90948
-1.5009 -0.90916
-1.5032 -0.90884
-1.5056 -0.90852
-1.5079 -0.90820
-1.5103 -0.90788
-1.5126 -0.90755
-1.5150 -0.90723
-1.5173 -0.90691
-1.5197 -0.90658
-1.5220 -0.90626
-1.5244 -0.90594
-1.5267 -0.90561
-1.5290 -0.90529
-1.5314 -0.90497
-1.5337 -0.90464
-1.5361 -0.90432
-1.5384 -0.90399
-1.5408 -0.90367
-1.5431 -0.90334
-1.5455 -0.90302
-1.5479 -0.90269
-1.5502 -0.90237
-1.5526 -0.90204
-1.5549 -0.90171
-1.5573 -0.90139
-1.5596 -0.90106
-1.5620 -0.90073
-1.5643 -0.90041
-1.5667 -0.90008
-1.5691 -0.89975
-1.5714 -0.89942
-1.5738 -0.89910
-1.5761 -0.89877
-1.5785 -0.89844
-1.5809 -0.89811
-1.5832 -0.89778
-1.5856 -0.89745
-1.5879 -0.89713
-1.5903 -0.89680
-1.5927 -0.89647
-1.5950 -0.89614
-1.5974 -0.89581
-1.5998 -0.89548
-1.6021 -0.89515
-1.6045 -0.89482
-1.6069 -0.89448
-1.6092 -0.89415
-1.6116 -0.89382
-1.6140 -0.89349
-1.6164 -0.89316
-1.6187 -0.89283
-1.6211 -0.89250
-1.6235 -0.89216
-1.6258 -0.89183
-1.6282 -0.89150
-1.6306 -0.89117
-1.6330 -0.89083
-1.6353 -0.89050
-1.6377 -0.89017
-1.6401 -0.88984
-1.6425 -0.88950
-1.6449 -0.88917
-1.6472 -0.88883
-1.6496 -0.88850
-1.6520 -0.88817
-1.6544 -0.88783
-1.6568 -0.88750
-1.6592 -0.88716
-1.6616 -0.88683
-1.6639 -0.88649
-1.6663 -0.88616
-1.6687 -0.88582
-1.6711 -0.88549
-1.6735 -0.88515
-1.6759 -0.88482
-1.6783 -0.88448
-1.6807 -0.88414
-1.6831 -0.88381
-1.6855 -0.88347
-1.6878 -0.88313
-1.6902 -0.88280
-1.6926 -0.88246
-1.6950 -0.88212
-1.6974 -0.88179
-1.6998 -0.88145
-1.7022 -0.88111
-1.7046 -0.88077
-1.7070 -0.88044
-1.7094 -0.88010
-1.7118 -0.87976
-1.7142 -0.87942
-1.7167 -0.87908
-1.7191 -0.87875
-1.7215 -0.87841
-1.7239 -0.87807
-1.7263 -0.87773
-1.7287 -0.87739
-1.7311 -0.87705
-1.7335 -0.87671
-1.7359 -0.87637
-1.7383 -0.87603
-1.7407 -0.87569
-1.7432 -0.87535
-1.7456 -0.87501
-1.7480 -0.87467
-1.7504 -0.87433
-1.7528 -0.87399
-1.7553 -0.87365
-1.7577 -0.87331
-1.7601 -0.87297
-1.7625 -0.87263
-1.7649 -0.87229
-1.7674 -0.87195
-1.7698 -0.87161
-1.7722 -0.87127
-1.7747 -0.87092
-1.7771 -0.87058
-1.7795 -0.87024
-1.7819 -0.86990
-1.7844 -0.86956
-1.7868 -0.86922
-1.7892 -0.86887
-1.7917 -0.86853
-1.7941 -0.86819
-1.7966 -0.86785
-1.7990 -0.86751
-1.8014 -0.86716
-1.8039 -0.86682
-1.8063 -0.86648
-1.8088 -0.86614
-1.8112 -0.86579
-1.8136 -0.86545
-1.8161 -0.86511
-1.8185 -0.86476
-1.8210 -0.86442
-1.8234 -0.86408
-1.8259 -0.86373
-1.8283 -0.86339
-1.8308 -0.86305
-1.8332 -0.86270
-1.8357 -0.86236
-1.8382 -0.86202
-1.8406 -0.86167
-1.8431 -0.86133
-1.8455 -0.86099
-1.8480 -0.86064
-1.8505 -0.86030
-1.8529 -0.85995
-1.8554 -0.85961
-1.8579 -0.85926
-1.8603 -0.85892
-1.8628 -0.85858
-1.8653 -0.85823
-1.8677 -0.85789
-1.8702 -0.85754
-1.8727 -0.85720
-1.8751 -0.85685
-1.8776 -0.85651
-1.8801 -0.85617
-1.8826 -0.85582
-1.8851 -0.85548
-1.8875 -0.85513
-1.8900 -0.85479
-1.8925 -0.85444
-1.8950 -0.85410
-1.8975 -0.85375
-1.9000 -0.85341
-1.9024 -0.85306
-1.9049 -0.85272
-1.9074 -0.85237
-1.9099 -0.85203
-1.9124 -0.85168
-1.9149 -0.85134
-1.9174 -0.85099
-1.9199 -0.85065
-1.9224 -0.85030
-1.9249 -0.84995
-1.9274 -0.84961
-1.9299 -0.84926
-1.9324 -0.84892
-1.9349 -0.84857
-1.9374 -0.84823
-1.9399 -0.84788
-1.9424 -0.84754
-1.9450 -0.84719
-1.9475 -0.84685
-1.9500 -0.84650
-1.9525 -0.84616
-1.9550 -0.84581
-1.9575 -0.84547
-1.9601 -0.84512
-1.9626 -0.84478
-1.9651 -0.84443
-1.9676 -0.84409
-1.9701 -0.84374
-1.9727 -0.84340
-1.9752 -0.84305
-1.9777 -0.84270
-1.9803 -0.84236
-1.9828 -0.84201
-1.9853 -0.84167
-1.9879 -0.84132
-1.9904 -0.84098
-1.9929 -0.84064
-1.9955 -0.84029
-1.9980 -0.83995
-2.0006 -0.83960
-2.0031 -0.83926
-2.0057 -0.83891
-2.0082 -0.83857
-2.0108 -0.83823
-2.0133 -0.83788
-2.0159 -0.83754
-2.0184 -0.83719
-2.0210 -0.83685
-2.0235 -0.83650
-2.0261 -0.83616
-2.0286 -0.83582
-2.0312 -0.83547
-2.0338 -0.83513
-2.0363 -0.83479
-2.0389 -0.83444
-2.0415 -0.83410
-2.0440 -0.83376
-2.0466 -0.83341
-2.0492 -0.83307
-2.0518 -0.83273
-2.0543 -0.83238
-2.0569 -0.83204
-2.0595 -0.83170
-2.0621 -0.83136
-2.0647 -0.83101
-2.0673 -0.83067
-2.0698 -0.83033
-2.0724 -0.82999
-2.0750 -0.82964
-2.0776 -0.82930
-2.0802 -0.82896
-2.0828 -0.82862
-2.0854 -0.82828
-2.0880 -0.82794
-2.0906 -0.82759
-2.0932 -0.82725
-2.0958 -0.82691
-2.0984 -0.82657
-2.1010 -0.82623
-2.1036 -0.82589
-2.1062 -0.82555
-2.1089 -0.82521
-2.1115 -0.82487
-2.1141 -0.82453
-2.1167 -0.82419
-2.1193 -0.82385
-2.1220 -0.82351
-2.1246 -0.82317
-2.1272 -0.82283
-2.1298 -0.82249
-2.1325 -0.82215
-2.1351 -0.82182
-2.1377 -0.82148
-2.1404 -0.82114
-2.1430 -0.82080
-2.1456 -0.82046
-2.1483 -0.82013
-2.1509 -0.81979
-2.1536 -0.81945
-2.1562 -0.81911
-2.1589 -0.81878
-2.1615 -0.81844
-2.1642 -0.81810
-2.1668 -0.81777
-2.1695 -0.81743
-2.1721 -0.81710
-2.1748 -0.81676
-2.1774 -0.81642
-2.1801 -0.81609
-2.1828 -0.81575
-2.1854 -0.81542
-2.1881 -0.81509
-2.1908 -0.81475
-2.1935 -0.81442
-2.1961 -0.81408
-2.1988 -0.81375
-2.2015 -0.81342
-2.2042 -0.81308
-2.2069 -0.81275
-2.2095 -0.81242
-2.2122 -0.81209
-2.2149 -0.81176
-2.2176 -0.81142
-2.2203 -0.81109
-2.2230 -0.81076
-2.2257 -0.81043
-2.2284 -0.81010
-2.2311 -0.80977
-2.2338 -0.80944
-2.2365 -0.80911
-2.2392 -0.80878
-2.2419 -0.80845
-2.2446 -0.80813
-2.2474 -0.80780
-2.2501 -0.80747
-2.2528 -0.80714
-2.2555 -0.80682
-2.2582 -0.80649
-2.2610 -0.80616
-2.2637 -0.80584
-2.2664 -0.80551
-2.2691 -0.80519
-2.2719 -0.80486
-2.2746 -0.80454
-2.2774 -0.80421
-2.2801 -0.80389
-2.2828 -0.80356
-2.2856 -0.80324
-2.2883 -0.80292
-2.2911 -0.80260
-2.2938 -0.80227
-2.2966 -0.80195
-2.2993 -0.80163
-2.3021 -0.80131
-2.3048 -0.80099
-2.3076 -0.80067
-2.3104 -0.80035
-2.3131 -0.80003
-2.3159 -0.79971
-2.3187 -0.79939
-2.3215 -0.79908
-2.3242 -0.79876
-2.3270 -0.79844
-2.3298 -0.79813
-2.3326 -0.79781
-2.3354 -0.79749
-2.3381 -0.79718
-2.3409 -0.79686
-2.3437 -0.79655
-2.3465 -0.79623
-2.3493 -0.79592
-2.3521 -0.79561
-2.3549 -0.79529
-2.3577 -0.79498
-2.3605 -0.79467
-2.3633 -0.79436
-2.3661 -0.79405
-2.3689 -0.79374
-2.3718 -0.79343
-2.3746 -0.79312
-2.3774 -0.79281
-2.3802 -0.79251
-2.3830 -0.79220
-2.3859 -0.79189
-2.3887 -0.79159
-2.3915 -0.79128
-2.3944 -0.79097
-2.3972 -0.79067
-2.4000 -0.79037
-2.4029 -0.79006
-2.4057 -0.78976
-2.4086 -0.78946
-2.4114 -0.78916
-2.4143 -0.78885
-2.4171 -0.78855
-2.4200 -0.78825
-2.4228 -0.78796
-2.4257 -0.78766
-2.4286 -0.78736
-2.4314 -0.78706
-2.4343 -0.78676
-2.4372 -0.78647
-2.4400 -0.78617
-2.4429 -0.78588
-2.4458 -0.78558
-2.4487 -0.78529
-2.4515 -0.78500
-2.4544 -0.78470
-2.4573 -0.78441
-2.4602 -0.78412
-2.4631 -0.78383
-2.4660 -0.78354
-2.4689 -0.78325
-2.4718 -0.78296
-2.4747 -0.78268
-2.4776 -0.78239
-2.4805 -0.78210
-2.4834 -0.78182
-2.4863 -0.78153
-2.4892 -0.78125
-2.4921 -0.78096
-2.4951 -0.78068
-2.4980 -0.78040
-2.5009 -0.78012
-2.5038 -0.77984
-2.5068 -0.77956
-2.5097 -0.77928
-2.5126 -0.77900
-2.5156 -0.77873
-2.5185 -0.77845
-2.5214 -0.77817
-2.5244 -0.77790
-2.5273 -0.77763
-2.5303 -0.77735
-2.5332 -0.77708
-2.5362 -0.77681
-2.5391 -0.77654
-2.5421 -0.77627
-2.5450 -0.77600
-2.5480 -0.77573
-2.5510 -0.77546
-2.5539 -0.77520
-2.5569 -0.77493
-2.5599 -0.77467
-2.5629 -0.77440
-2.5658 -0.77414
-2.5688 -0.77388
-2.5718 -0.77362
-2.5748 -0.77336
-2.5778 -0.77310
-2.5808 -0.77284
-2.5838 -0.77258
-2.5868 -0.77232
-2.5898 -0.77207
-2.5928 -0.77181
-2.5958 -0.77156
-2.5988 -0.77131
-2.6018 -0.77106
-2.6048 -0.77081
-2.6078 -0.77056
-2.6108 -0.77031
-2.6138 -0.77006
-2.6168 -0.76981
-2.6199 -0.76957
-2.6229 -0.76932
-2.6259 -0.76908
-2.6290 -0.76883
-2.6320 -0.76859
-2.6350 -0.76835
-2.6381 -0.76811
-2.6411 -0.76787
-2.6441 -0.76764
-2.6472 -0.76740
-2.6502 -0.76716
-2.6533 -0.76693
-2.6563 -0.76670
-2.6594 -0.76646
-2.6624 -0.76623
-2.6655 -0.76600
-2.6686 -0.76577
-2.6716 -0.76554
-2.6747 -0.76532
-2.6778 -0.76509
-2.6808 -0.76487
-2.6839 -0.76464
-2.6870 -0.76442
-2.6901 -0.76420
-2.6931 -0.76398
-2.6962 -0.76376
-2.6993 -0.76355
-2.7024 -0.76333
-2.7055 -0.76311
-2.7086 -0.76290
-2.7117 -0.76269
-2.7148 -0.76248
-2.7179 -0.76226
-2.7210 -0.76206
-2.7241 -0.76185
-2.7272 -0.76164
-2.7303 -0.76144
-2.7334 -0.76123
-2.7365 -0.76103
-2.7396 -0.76083
-2.7427 -0.76063
-2.7459 -0.76043
-2.7490 -0.76023
-2.7521 -0.76003
-2.7552 -0.75984
-2.7584 -0.75964
-2.7615 -0.75945
-2.7646 -0.75926
-2.7678 -0.75907
-2.7709 -0.75888
-2.7740 -0.75869
-2.7772 -0.75851
-2.7803 -0.75832
-2.7835 -0.75814
-2.7866 -0.75796
-2.7898 -0.75778
-2.7929 -0.75760
-2.7961 -0.75742
-2.7992 -0.75725
-2.8024 -0.75707
-2.8055 -0.75690
-2.8087 -0.75672
-2.8119 -0.75655
-2.8150 -0.75638
-2.8182 -0.75622
-2.8214 -0.75605
-2.8245 -0.75588
-2.8277 -0.75572
-2.8309 -0.75556
-2.8341 -0.75540
-2.8372 -0.75524
-2.8404 -0.75508
-2.8436 -0.75492
-2.8468 -0.75477
-2.8500 -0.75461
-2.8532 -0.75446
-2.8564 -0.75431
-2.8595 -0.75416
-2.8627 -0.75402
-2.8659 -0.75387
-2.8691 -0.75373
-2.8723 -0.75358
-2.8755 -0.75344
-2.8787 -0.75330
-2.8819 -0.75316
-2.8852 -0.75303
-2.8884 -0.75289
-2.8916 -0.75276
-2.8948 -0.75263
-2.8980 -0.75250
-2.9012 -0.75237
-2.9044 -0.75224
-2.9076 -0.75211
-2.9109 -0.75199
-2.9141 -0.75187
-2.9173 -0.75175
-2.9205 -0.75163
-2.9237 -0.75151
-2.9270 -0.75139
-2.9302 -0.75128
-2.9334 -0.75117
-2.9367 -0.75106
-2.9399 -0.75095
-2.9431 -0.75084
-2.9464 -0.75073
-2.9496 -0.75063
-2.9528 -0.75052
-2.9561 -0.75042
-2.9593 -0.75032
-2.9626 -0.75023
-2.9658 -0.75013
-2.9690 -0.75004
-2.9723 -0.74994
-2.9755 -0.74985
-2.9788 -0.74976
-2.9820 -0.74967
-2.9853 -0.74959
-2.9885 -0.74950
-2.9918 -0.74942
-2.9950 -0.74934
-2.9983 -0.74926
-3.0015 -0.74918
-3.0048 -0.74911
-3.0081 -0.74903
-3.0113 -0.74896
-3.0146 -0.74889
-3.0178 -0.74882
-3.0211 -0.74875
-3.0244 -0.74869
-3.0276 -0.74862
-3.0309 -0.74856
-3.0341 -0.74850
-3.0374 -0.74844
-3.0407 -0.74839
-3.0439 -0.74833
-3.0472 -0.74828
-3.0505 -0.74823
-3.0537 -0.74818
-3.0570 -0.74813
-3.0603 -0.74809
-3.0636 -0.74804
-3.0668 -0.74800
-3.0701 -0.74796
-3.0734 -0.74792
-3.0766 -0.74788
-3.0799 -0.74784
-3.0832 -0.74781
-3.0865 -0.74778
-3.0897 -0.74775
-3.0930 -0.74772
-3.0963 -0.74769
-3.0996 -0.74767
-3.1028 -0.74765
-3.1061 -0.74763
-3.1094 -0.74761
-3.1127 -0.74759
-3.1159 -0.74757
-3.1192 -0.74756
-3.1225 -0.74755
-3.1258 -0.74754
-3.1291 -0.74753
-3.1323 -0.74752
-3.1356 -0.74752
-3.1389 -0.74751
-3.1422 -0.74751
-3.1454 -0.74751
-3.1487 -0.74751
-3.1520 -0.74752
-3.1553 -0.74752
-3.1585 -0.74753
-3.1618 -0.74754
-3.1651 -0.74755
-3.1684 -0.74756
-3.1716 -0.74758
-3.1749 -0.74759
-3.1782 -0.74761
-3.1815 -0.74763
-3.1848 -0.74765
-3.1880 -0.74768
-3.1913 -0.74770
-3.1946 -0.74773
-3.1979 -0.74776
-3.2011 -0.74779
-3.2044 -0.74782
-3.2077 -0.74786
-3.2109 -0.74789
-3.2142 -0.74793
-3.2175 -0.74797
-3.2208 -0.74801
-3.2240 -0.74806
-3.2273 -0.74810
-3.2306 -0.74815
-3.2338 -0.74820
-3.2371 -0.74825
-3.2404 -0.74830
-3.2436 -0.74835
-3.2469 -0.74841
-3.2502 -0.74847
-3.2534 -0.74852
-3.2567 -0.74859
-3.2600 -0.74865
-3.2632 -0.74871
-3.2665 -0.74878
-3.2698 -0.74885
-3.2730 -0.74892
-3.2763 -0.74899
-3.2795 -0.74906
-3.2828 -0.74914
-3.2860 -0.74921
-3.2893 -0.74929
-3.2926 -0.74937
-3.2958 -0.74945
-3.2991 -0.74953
-3.3023 -0.74962
-3.3056 -0.74971
-3.3088 -0.74979
-3.3121 -0.74988
-3.3153 -0.74998
-3.3186 -0.75007
-3.3218 -0.75016
-3.3250 -0.75026
-3.3283 -0.75036
-3.3315 -0.75046
-3.3348 -0.75056
-3.3380 -0.75067
-3.3412 -0.75077
-3.3445 -0.75088
-3.3477 -0.75099
-3.3509 -0.75110
-3.3542 -0.75121
-3.3574 -0.75132
-3.3606 -0.75144
-3.3638 -0.75155
-3.3671 -0.75167
-3.3703 -0.75179
-3.3735 -0.75191
-3.3767 -0.75204
-3.3800 -0.75216
-3.3832 -0.75229
-3.3864 -0.75241
-3.3896 -0.75254
-3.3928 -0.75268
-3.3960 -0.75281
-3.3992 -0.75294
-3.4024 -0.75308
-3.4057 -0.75321
-3.4089 -0.75335
-3.4121 -0.75349
-3.4153 -0.75364
-3.4185 -0.75378
-3.4217 -0.75392
-3.4249 -0.75407
-3.4280 -0.75422
-3.4312 -0.75437
-3.4344 -0.75452
-3.4376 -0.75467
-3.4408 -0.75483
-3.4440 -0.75498
-3.4472 -0.75514
-3.4504 -0.75530
-3.4535 -0.75546
-3.4567 -0.75562
-3.4599 -0.75578
-3.4631 -0.75595
-3.4662 -0.75611
-3.4694 -0.75628
-3.4726 -0.75645
-3.4757 -0.75662
-3.4789 -0.75679
-3.4821 -0.75696
-3.4852 -0.75714
-3.4884 -0.75731
-3.4915 -0.75749
-3.4947 -0.75767
-3.4978 -0.75785
-3.5010 -0.75803
-3.5041 -0.75821
-3.5073 -0.75839
-3.5104 -0.75858
-3.5136 -0.75877
-3.5167 -0.75895
-3.5198 -0.75914
-3.5230 -0.75933
-3.5261 -0.75953
-3.5292 -0.75972
-3.5324 -0.75991
-3.5355 -0.76011
-3.5386 -0.76031
-3.5417 -0.76050
-3.5448 -0.76070
-3.5480 -0.76091
-3.5511 -0.76111
-3.5542 -0.76131
-3.5573 -0.76152
-3.5604 -0.76172
-3.5635 -0.76193
-3.5666 -0.76214
-3.5697 -0.76235
-3.5728 -0.76256
-3.5759 -0.76277
-3.5790 -0.76298
-3.5821 -0.76320
-3.5852 -0.76341
-3.5883 -0.76363
-3.5914 -0.76385
-3.5945 -0.76407
-3.5975 -0.76429
-3.6006 -0.76451
-3.6037 -0.76473
-3.6068 -0.76496
-3.6098 -0.76518
-3.6129 -0.76541
-3.6160 -0.76564
-3.6190 -0.76586
-3.6221 -0.76609
-3.6251 -0.76632
-3.6282 -0.76656
-3.6313 -0.76679
-3.6343 -0.76702
-3.6374 -0.76726
-3.6404 -0.76749
-3.6434 -0.76773
-3.6465 -0.76797
-3.6495 -0.76821
-3.6526 -0.76845
-3.6556 -0.76869
-3.6586 -0.76893
-3.6617 -0.76918
-3.6647 -0.76942
-3.6677 -0.76967
-3.6707 -0.76991
-3.6738 -0.77016
-3.6768 -0.77041
-3.6798 -0.77066
-3.6828 -0.77091
-3.6858 -0.77116
-3.6888 -0.77141
-3.6918 -0.77167
-3.6948 -0.77192
-3.6978 -0.77218
-3.7008 -0.77243
-3.7038 -0.77269
-3.7068 -0.77295
-3.7098 -0.77321
-3.7128 -0.77347
-3.7158 -0.77373
-3.7188 -0.77399
-3.7217 -0.77425
-3.7247 -0.77452
-3.7277 -0.77478
-3.7307 -0.77505
-3.7336 -0.77531
-3.7366 -0.77558
-3.7396 -0.77585
-3.7425 -0.77612
-3.7455 -0.77639
-3.7485 -0.77666
-3.7514 -0.77693
-3.7544 -0.77720
-3.7573 -0.77747
-3.7603 -0.77775
-3.7632 -0.77802
-3.7661 -0.77830
-3.7691 -0.77857
-3.7720 -0.77885
-3.7750 -0.77913
-3.7779 -0.77941
-3.7808 -0.77969
-3.7838 -0.77997
-3.7867 -0.78025
-3.7896 -0.78053
-3.7925 -0.78081
-3.7954 -0.78109
-3.7984 -0.78138
-3.8013 -0.78166
-3.8042 -0.78195
-3.8071 -0.78223
-3.8100 -0.78252
-3.8129 -0.78281
-3.8158 -0.78309
-3.8187 -0.78338
-3.8216 -0.78367
-3.8245 -0.78396
-3.8274 -0.78425
-3.8303 -0.78455
-3.8332 -0.78484
-3.8360 -0.78513
-3.8389 -0.78542
-3.8418 -0.78572
-3.8447 -0.78601
-3.8475 -0.78631
-3.8504 -0.78661
-3.8533 -0.78690
-3.8562 -0.78720
-3.8590 -0.78750
-3.8619 -0.78780
-3.8647 -0.78810
-3.8676 -0.78840
-3.8704 -0.78870
-3.8733 -0.78900
-3.8762 -0.78930
-3.8790 -0.78960
-3.8818 -0.78990
-3.8847 -0.79021
-3.8875 -0.79051
-3.8904 -0.79082
-3.8932 -0.79112
-3.8960 -0.79143
-3.8989 -0.79173
-3.9017 -0.79204
-3.9045 -0.79235
-3.9073 -0.79265
-3.9102 -0.79296
-3.9130 -0.79327
-3.9158 -0.79358
-3.9186 -0.79389
-3.9214 -0.79420
-3.9242 -0.79451
-3.9270 -0.79482
-3.9298 -0.79514
-3.9327 -0.79545
-3.9355 -0.79576
-3.9382 -0.79608
-3.9410 -0.79639
-3.9438 -0.79670
-3.9466 -0.79702
-3.9494 -0.79733
-3.9522 -0.79765
-3.9550 -0.79797
-3.9578 -0.79828
-3.9605 -0.79860
-3.9633 -0.79892
-3.9661 -0.79924
-3.9689 -0.79955
-3.9716 -0.79987
-3.9744 -0.80019
-3.9772 -0.80051
-3.9799 -0.80083
-3.9827 -0.80115
-3.9855 -0.80147
-3.9882 -0.80180
-3.9910 -0.80212
-3.9937 -0.80244
-3.9965 -0.80276
-3.9992 -0.80309
-4.0020 -0.80341
-4.0047 -0.80373
-4.0075 -0.80406
-4.0102 -0.80438
-4.0129 -0.80471
-4.0157 -0.80503
-4.0184 -0.80536
-4.0211 -0.80568
-4.0239 -0.80601
-4.0266 -0.80633
-4.0293 -0.80666
-4.0320 -0.80699
-4.0348 -0.80732
-4.0375 -0.80764
-4.0402 -0.80797
-4.0429 -0.80830
-4.0456 -0.80863
-4.0483 -0.80896
-4.0510 -0.80929
-4.0537 -0.80962
-4.0564 -0.80995
-4.0591 -0.81028
-4.0618 -0.81061
-4.0645 -0.81094
-4.0672 -0.81127
-4.0699 -0.81160
-4.0726 -0.81194
-4.0753 -0.81227
-4.0780 -0.81260
-4.0807 -0.81293
-4.0834 -0.81327
-4.0860 -0.81360
-4.0887 -0.81393
-4.0914 -0.81427
-4.0941 -0.81460
-4.0967 -0.81493
-4.0994 -0.81527
-4.1021 -0.81560
-4.1048 -0.81594
-4.1074 -0.81627
-4.1101 -0.81661
-4.1127 -0.81695
-4.1154 -0.81728
-4.1181 -0.81762
-4.1207 -0.81795
-4.1234 -0.81829
-4.1260 -0.81863
-4.1287 -0.81896
-4.1313 -0.81930
-4.1340 -0.81964
-4.1366 -0.81998
-4.1393 -0.82031
-4.1419 -0.82065
-4.1445 -0.82099
-4.1472 -0.82133
-4.1498 -0.82167
-4.1524 -0.82201
-4.1551 -0.82234
-4.1577 -0.82268
-4.1603 -0.82302
-4.1630 -0.82336
-4.1656 -0.82370
-4.1682 -0.82404
-4.1708 -0.82438
-4.1734 -0.82472
-4.1761 -0.82506
-4.1787 -0.82540
-4.1813 -0.82574
-4.1839 -0.82608
-4.1865 -0.82643
-4.1891 -0.82677
-4.1917 -0.82711
-4.1943 -0.82745
-4.1969 -0.82779
-4.1995 -0.82813
-4.2021 -0.82847
-4.2047 -0.82882
-4.2073 -0.82916
-4.2099 -0.82950
-4.2125 -0.82984
-4.2151 -0.83019
-4.2177 -0.83053
-4.2203 -0.83087
-4.2229 -0.83121
-4.2254 -0.83156
-4.2280 -0.83190
-4.2306 -0.83224
-4.2332 -0.83259
-4.2358 -0.83293
-4.2383 -0.83327
-4.2409 -0.83362
-4.2435 -0.83396
-4.2460 -0.83430
-4.2486 -0.83465
-4.2512 -0.83499
-4.2537 -0.83533
-4.2563 -0.83568
-4.2589 -0.83602
-4.2614 -0.83637
-4.2640 -0.83671
-4.2665 -0.83706
-4.2691 -0.83740
-4.2717 -0.83774
-4.2742 -0.83809
-4.2768 -0.83843
-4.2793 -0.83878
-4.2819 -0.83912
-4.2844 -0.83947
-4.2870 -0.83981
-4.2895 -0.84016
-4.2920 -0.84050
-4.2946 -0.84085
-4.2971 -0.84119
-4.2997 -0.84154
-4.3022 -0.84188
-4.3047 -0.84223
-4.3073 -0.84257
-4.3098 -0.84292
-4.3123 -0.84326
-4.3148 -0.84361
-4.3174 -0.84395
-4.3199 -0.84430
-4.3224 -0.84464
-4.3250 -0.84499
-4.3275 -0.84534
-4.3300 -0.84568
-4.3325 -0.84603
-4.3350 -0.84637
-4.3375 -0.84672
-4.3401 -0.84706
-4.3426 -0.84741
-4.3451 -0.84775
-4.3476 -0.84810
-4.3501 -0.84844
