x y
0.0 0.5
0.005 0.5000000000
0.01 0.4999497513
0.015 0.4998487541
0.02 0.4996965068
0.025 0.4994925061
0.03 0.4992362475
0.035 0.4989272258
0.04 0.4985649352
0.045 0.4981488701
0.05 0.4976785255
0.055 0.4971533976
0.06 0.4965729840
0.065 0.4959367849
0.07 0.4952443031
0.075 0.4944950451
0.08 0.4936885217
0.085 0.4928242488
0.09 0.4919017479
0.095 0.4909205472
0.1 0.4898801825
0.105 0.4887801979
0.11 0.4876201468
0.115 0.4863995931
0.12 0.4851181120
0.125 0.4837752909
0.13 0.4823707311
0.135 0.4809040483
0.14 0.4793748740
0.145 0.4777828570
0.15 0.4761276643
0.155 0.4744089824
0.16 0.4726265186
0.165 0.4707800025
0.17 0.4688691873
0.17500000000000002 0.4668938509
0.18 0.4648537975
0.185 0.4627488589
0.19 0.4605788960
0.195 0.4583437997
0.2 0.4560434930
0.20500000000000002 0.4536779316
0.21 0.4512471057
0.215 0.4487510407
0.22 0.4461897992
0.225 0.4435634816
0.23 0.4408722273
0.23500000000000001 0.4381162157
0.24 0.4352956676
0.245 0.4324108453
0.25 0.4294620543
0.255 0.4264496431
0.26 0.4233740045
0.265 0.4202355755
0.27 0.4170348381
0.275 0.4137723194
0.28 0.4104485912
0.28500000000000003 0.4070642709
0.29 0.4036200202
0.295 0.4001165458
0.3 0.3965545980
0.305 0.3929349707
0.31 0.3892585006
0.315 0.3855260656
0.32 0.3817385846
0.325 0.3778970159
0.33 0.3740023558
0.335 0.3700556373
0.34 0.3660579283
0.34500000000000003 0.3620103302
0.35000000000000003 0.3579139762
0.355 0.3537700289
0.36 0.3495796787
0.365 0.3453441419
0.37 0.3410646582
0.375 0.3367424892
0.38 0.3323789153
0.385 0.3279752346
0.39 0.3235327597
0.395 0.3190528163
0.4 0.3145367405
0.405 0.3099858768
0.41000000000000003 0.3054015759
0.41500000000000004 0.3007851929
0.42 0.2961380850
0.425 0.2914616094
0.43 0.2867571217
0.435 0.2820259740
0.44 0.2772695129
0.445 0.2724890784
0.45 0.2676860016
0.455 0.2628616036
0.46 0.2580171944
0.465 0.2531540710
0.47000000000000003 0.2482735166
0.47500000000000003 0.2433767996
0.48 0.2384651722
0.485 0.2335398700
0.49 0.2286021106
0.495 0.2236530935
0.5 0.2186939994
0.505 0.2137259890
0.51 0.2087502036
0.515 0.2037677638
0.52 0.1987797699
0.525 0.1937873012
0.53 0.1887914164
0.535 0.1837931530
0.54 0.1787935274
0.545 0.1737935353
0.55 0.1687941515
0.555 0.1637963301
0.56 0.1588010047
0.5650000000000001 0.1538090887
0.5700000000000001 0.1488214756
0.5750000000000001 0.1438390391
0.58 0.1388626339
0.585 0.1338930957
0.59 0.1289312414
0.595 0.1239778704
0.6 0.1190337640
0.605 0.1140996867
0.61 0.1091763860
0.615 0.1042645935
0.62 0.09936502504
0.625 0.09447838132
0.63 0.08960534837
0.635 0.08474659817
0.64 0.07990278911
0.645 0.07507456655
0.65 0.07026256334
0.655 0.06546740041
0.66 0.06068968722
0.665 0.05593002239
0.67 0.05118899419
0.675 0.04646718105
0.68 0.04176515216
0.685 0.03708346792
0.6900000000000001 0.03242268054
0.6950000000000001 0.02778333449
0.7000000000000001 0.02316596709
0.705 0.01857110896
0.71 0.01399928457
0.715 0.009451012726
0.72 0.004926807087
0.725 0.0004271766540
0.73 -0.004047373732
0.735 -0.008496342899
0.74 -0.01291923286
0.745 -0.01731554830
0.75 -0.02168479615
0.755 -0.02602648505
0.76 -0.03034012489
0.765 -0.03462522634
0.77 -0.03888130036
0.775 -0.04310785774
0.78 -0.04730440861
0.785 -0.05147046196
0.79 -0.05560552519
0.795 -0.05970910359
0.8 -0.06378069989
0.805 -0.06781981377
0.81 -0.07182594135
0.8150000000000001 -0.07579857474
0.8200000000000001 -0.07973720152
0.8250000000000001 -0.08364130423
0.8300000000000001 -0.08751035987
0.835 -0.09134383942
0.84 -0.09514120725
0.845 -0.09890192065
0.85 -0.1026254293
0.855 -0.1063111746
0.86 -0.1099585893
0.865 -0.1135670969
0.87 -0.1171361108
0.875 -0.1206650340
0.88 -0.1241532585
0.885 -0.1276001645
0.89 -0.1310051197
0.895 -0.1343674790
0.9 -0.1376865834
0.905 -0.1409617598
0.91 -0.1441923196
0.915 -0.1473775587
0.92 -0.1505167562
0.925 -0.1536091739
0.93 -0.1566540554
0.935 -0.1596506252
0.9400000000000001 -0.1625980882
0.9450000000000001 -0.1654956283
0.9500000000000001 -0.1683424078
0.9550000000000001 -0.1711375665
0.96 -0.1738802206
0.965 -0.1765694618
0.97 -0.1792043561
0.975 -0.1817839429
0.98 -0.1843072341
0.985 -0.1867732125
0.99 -0.1891808310
0.995 -0.1915290115
1.0 -0.1938166433
1.0050000000000001 -0.1960425823
1.01 -0.1982056495
1.0150000000000001 -0.2003046297
1.02 -0.2023382705
1.025 -0.2043052804
1.03 -0.2062043282
1.035 -0.2080340412
1.04 -0.2097930040
1.045 -0.2114797573
1.05 -0.2130927963
1.055 -0.2146305698
1.06 -0.2160914791
1.065 -0.2174738764
1.07 -0.2187760642
1.075 -0.2199962942
1.08 -0.2211327664
1.085 -0.2221836291
1.09 -0.2231469776
1.095 -0.2240208548
1.1 -0.2248032511
1.105 -0.2254921050
1.11 -0.2260853038
1.115 -0.2265806852
1.12 -0.2269760394
1.125 -0.2272691112
1.1300000000000001 -0.2274576041
1.135 -0.2275391837
1.1400000000000001 -0.2275114831
1.145 -0.2273721093
1.1500000000000001 -0.2271186501
1.155 -0.2267486829
1.16 -0.2262597850
1.165 -0.2256495447
1.17 -0.2249155750
1.175 -0.2240555286
1.18 -0.2230671149
1.185 -0.2219481191
1.19 -0.2206964229
1.195 -0.2193100278
1.2 -0.2177870801
1.205 -0.2161258976
1.21 -0.2143249981
1.215 -0.2123831293
1.22 -0.2102992998
1.225 -0.2080728100
1.23 -0.2057032837
1.235 -0.2031906984
1.24 -0.2005354140
1.245 -0.1977381994
1.25 -0.1948002553
1.2550000000000001 -0.1917232330
1.26 -0.1885092480
1.2650000000000001 -0.1851608877
1.27 -0.1816812125
1.2750000000000001 -0.1780737495
1.28 -0.1743424797
1.285 -0.1704918170
1.29 -0.1665265807
1.295 -0.1624519615
1.3 -0.1582734819
1.305 -0.1539969515
1.31 -0.1496284199
1.315 -0.1451741264
1.32 -0.1406404493
1.325 -0.1360338561
1.33 -0.1313608543
1.335 -0.1266279460
1.34 -0.1218415855
1.345 -0.1170081408
1.35 -0.1121338604
1.355 -0.1072248446
1.36 -0.1022870219
1.365 -0.09732613049
1.37 -0.09234770379
1.375 -0.08735706115
1.3800000000000001 -0.08235930199
1.385 -0.07735930369
1.3900000000000001 -0.07236172247
1.395 -0.06737099706
1.4000000000000001 -0.06239135447
1.405 -0.05742681764
1.41 -0.05248121453
1.415 -0.04755818833
1.42 -0.04266120850
1.425 -0.03779358241
1.43 -0.03295846734
1.435 -0.02815888273
1.44 -0.02339772246
1.445 -0.01867776713
1.45 -0.01400169621
1.455 -0.009372100034
1.46 -0.004791491582
1.465 -0.0002623180687
1.47 0.004213027722
1.475 0.008632196301
1.48 0.01299287054
1.485 0.01729275488
1.49 0.02152956472
1.495 0.02570101583
1.5 0.02980481384
1.5050000000000001 0.03383864373
1.51 0.03780015919
1.5150000000000001 0.04168697192
1.52 0.04549664065
1.5250000000000001 0.04922665999
1.53 0.05287444882
1.5350000000000001 0.05643733835
1.54 0.05991255966
1.545 0.06329723058
1.55 0.06658834200
1.555 0.06978274333
1.56 0.07287712718
1.565 0.07586801294
1.57 0.07875172952
1.575 0.08152439678
1.58 0.08418190588
1.585 0.08671989829
1.59 0.08913374360
1.595 0.09141851603
1.6 0.09356896970
1.605 0.09557951302
1.61 0.09744418224
1.615 0.09915661475
1.62 0.1007100229
1.625 0.1020971689
1.6300000000000001 0.1033103433
1.635 0.1043413472
1.6400000000000001 0.1051814826
1.645 0.1058215535
1.6500000000000001 0.1062518822
1.655 0.1064623474
1.6600000000000001 0.1064424508
1.665 0.1061814213
1.67 0.1056683670
1.675 0.1048924873
1.68 0.1038433548
1.685 0.1025112779
1.69 0.1008877484
1.695 0.09896597061
1.7 0.09674145625
1.705 0.09421265087
1.71 0.09138153957
1.715 0.08825416139
1.72 0.08484095253
1.725 0.08115684345
1.73 0.07722105901
1.735 0.07305661221
1.74 0.06868953178
1.745 0.06414790936
1.75 0.05946087837
1.7550000000000001 0.05465763833
1.76 0.04976661661
1.7650000000000001 0.04481482395
1.77 0.03982742217
1.7750000000000001 0.03482749183
1.78 0.02983596801
1.7850000000000001 0.02487170429
1.79 0.01995162529
1.795 0.01509093410
1.8 0.01030334789
1.805 0.005601343555
1.81 0.0009964011097
1.815 -0.003500761418
1.82 -0.007879964413
1.825 -0.01213135422
1.83 -0.01624519985
1.835 -0.02021169555
1.84 -0.02402076513
1.845 -0.02766186338
1.85 -0.03112376914
1.855 -0.03439436462
1.86 -0.03746039474
1.865 -0.04030720056
1.87 -0.04291842091
1.875 -0.04527565790
1.8800000000000001 -0.04735810510
1.885 -0.04914214433
1.8900000000000001 -0.05060093067
1.895 -0.05170401068
1.9000000000000001 -0.05241706434
1.905 -0.05270193655
1.9100000000000001 -0.05251724233
1.915 -0.05181998962
1.92 -0.05056882515
1.925 -0.04872953077
1.93 -0.04628298338
1.935 -0.04323457613
1.94 -0.03962215165
1.945 -0.03551811263
1.95 -0.03102276770
1.955 -0.02625052100
1.96 -0.02131467125
1.965 -0.01631645519
1.97 -0.01134035179
1.975 -0.006454360651
1.98 -0.001712916560
1.985 0.002839375044
1.99 0.007164120349
1.995 0.01122593585
2.0 0.01498962475
2.005 0.01841754903
2.0100000000000002 0.02146696466
2.015 0.02408707770
2.02 0.02621561174
2.025 0.02777483590
2.0300000000000002 0.02866754280
2.035 0.02877503804
2.04 0.02796306947
2.045 0.02610853086
2.05 0.02316238186
2.055 0.01923388829
2.06 0.01461118093
2.065 0.009656471640
2.07 0.004677455769
2.075 -0.0001137447410
2.08 -0.004576517031
2.085 -0.008606395970
2.09 -0.01210728961
2.095 -0.01496999177
2.1 -0.01705180799
2.105 -0.01815415170
2.11 -0.01800561311
2.115 -0.01630035536
2.12 -0.01292598628
2.125 -0.008330367161
2.13 -0.003331840207
2.1350000000000002 0.001467862391
2.14 0.005754432276
2.145 0.009328855044
2.15 0.01198785911
2.1550000000000002 0.01344410270
2.16 0.01326313681
2.165 0.01095583307
2.17 0.006678681276
2.1750000000000003 0.001681616333
2.18 -0.003011814280
2.185 -0.006963684706
2.19 -0.009893114637
2.195 -0.01143658682
2.2 -0.01101751842
2.205 -0.008063513044
2.21 -0.003289419052
2.215 0.001601773100
2.22 0.005785956826
2.225 0.008899930258
2.23 0.01053981638
2.235 0.01005223465
2.24 0.006829855284
2.245 0.001925148255
2.25 -0.002835581957
2.255 -0.006726013697
2.2600000000000002 -0.009369937437
2.265 -0.01025111908
2.27 -0.008584821417
2.275 -0.004300291803
2.2800000000000002 0.0006815978788
2.285 0.005028225351
2.29 0.008272454929
2.295 0.009978863080
2.3000000000000003 0.009437868987
2.305 0.006028614588
2.31 0.001066738931
2.315 -0.003581750349
2.32 -0.007252721048
2.325 -0.009543993920
2.33 -0.009845234416
2.335 -0.007352858615
2.34 -0.002622047367
2.345 0.002232456014
2.35 0.006244138250
2.355 0.009001938632
2.36 0.009981264181
2.365 0.008368757396
2.37 0.004072973373
2.375 -0.0009019286080
2.38 -0.005202591961
2.3850000000000002 -0.008359827285
2.39 -0.009914323876
2.395 -0.009116363559
2.4 -0.005437169437
2.4050000000000002 -0.0004445925910
2.41 0.004104949175
2.415 0.007617698634
2.42 0.009675959287
2.4250000000000003 0.009617777341
2.43 0.006686067657
2.435 0.001813043127
2.44 -0.002943995896
2.445 -0.006778617539
2.45 -0.009286188911
2.455 -0.009892150065
2.46 -0.007770466895
2.465 -0.003190692133
2.47 0.001721510572
2.475 0.005848477267
2.48 0.008761422485
2.485 0.009960828817
2.49 0.008649126005
2.495 0.004552582905
2.5 -0.0004416296309
2.505 -0.004832124001
2.5100000000000002 -0.008114242429
2.515 -0.009844871832
2.52 -0.009301635709
2.525 -0.005857998743
2.5300000000000002 -0.0008875514159
2.535 0.003734429457
2.54 0.007354755790
2.545 0.009563071660
2.5500000000000003 0.009725937369
2.555 0.007049483938
2.56 0.002249570260
2.565 -0.002563140686
2.57 -0.006493360507
2.575 -0.009133229499
2.58 -0.009933404060
2.585 -0.008068861735
2.59 -0.003620501833
2.595 0.001326576253
2.6 0.005539211546
2.605 0.008571210405
2.61 0.009942861835
2.615 0.008876875442
2.62 0.004967856215
2.625 -0.00003214039560
2.63 -0.004498492386
2.6350000000000002 -0.007889097259
2.64 -0.009773808847
2.645 -0.009457534528
2.65 -0.006243564813
2.6550000000000002 -0.001308499835
2.66 0.003377729213
2.665 0.007097353473
2.67 0.009444416088
2.6750000000000003 0.009812696342
2.68 0.007386844338
2.685 0.002675732103
2.69 -0.002185705958
2.695 -0.006206587258
2.7 -0.008972156650
2.705 -0.009956540212
2.71 -0.008343506480
2.715 -0.004043231014
2.72 0.0009304833763
2.725 0.005225105764
2.73 0.008371794301
2.735 0.009908598635
2.74 0.009081658639
2.745 0.005374247675
2.75 0.0003798375869
2.755 -0.004158771711
2.7600000000000002 -0.007654554366
2.765 -0.009687877273
2.77 -0.009591428704
2.775 -0.006615474350
2.7800000000000002 -0.001731135309
2.785 0.003014942299
2.79 0.006831002744
2.795 0.009312347864
2.8000000000000003 0.009879074471
2.805 0.007705730144
2.81 0.003101582183
2.815 -0.001802545146
2.82 -0.005911372582
2.825 -0.008798949337
2.83 -0.009961259670
2.835 -0.008596834939
2.84 -0.004462407811
2.845 0.0005291944950
2.85 0.004902938352
2.855 0.008161208527
2.86 0.009857735697
2.865 0.009264298284
2.87 0.005771989020
2.875 0.0007957495528
2.88 -0.003811629900
2.8850000000000002 -0.007409811532
2.89 -0.009587058601
2.895 -0.009703841790
2.9 -0.006972702655
2.9050000000000002 -0.002155621776
2.91 0.002645596618
2.915 0.006555445747
2.92 0.009167040368
2.9250000000000003 0.009925643141
2.93 0.008005232424
2.935 0.003526584909
2.94 -0.001413516595
2.945 -0.005607626364
2.95 -0.008613794919
2.955 -0.009948106979
2.96 -0.008828471036
2.965 -0.004876780627
2.97 0.0001228792093
2.975 0.004572768056
2.98 0.007939671136
2.985 0.009790774517
2.99 0.009424876129
2.995 0.006159259978
3.0 0.001215074633
3.005 -0.003457287618
3.0100000000000002 -0.007155158239
3.015 -0.009471864543
3.02 -0.009795216968
3.025 -0.007313576632
3.0300000000000002 -0.002581222651
3.035 0.002269908229
3.04 0.006270917359
3.045 0.009008932944
3.0500000000000003 0.009953007568
3.055 0.008284391531
3.06 0.003949705319
3.065 -0.001018818971
3.0700000000000003 -0.005295494917
3.075 -0.008417010268
3.08 -0.009917648073
3.085 -0.009038126042
3.09 -0.005284750566
3.095 -0.0002880598970
3.1 0.004234806604
3.105 0.007707491817
3.11 0.009708248423
3.115 0.009563581856
3.12 0.006534144504
3.125 0.001637158026
3.13 -0.003096027512
3.1350000000000002 -0.006890915939
3.14 -0.009342815805
3.145 -0.009866073927
3.15 -0.007636594910
3.1550000000000002 -0.003007112821
3.16 0.001888093106
3.165 0.005977631417
3.17 0.008838432244
3.1750000000000003 0.009961775323
3.18 0.008542472337
3.185 0.004369740925
3.19 -0.0006186999925
3.1950000000000003 -0.004975135488
3.2 -0.008208900531
3.205 -0.009870432389
3.21 -0.009225673254
3.215 -0.005684553418
3.22 -0.0007031281217
3.225 0.003889304016
3.23 0.007464995453
3.235 0.009610693421
3.24 0.009680726707
3.245 0.006894776465
3.25 0.002061289688
3.255 -0.002728122785
3.2600000000000002 -0.006617384183
3.265 -0.009200409400
3.27 -0.009916987496
3.275 -0.007940488641
3.2800000000000002 -0.003432385595
3.285 0.001500352722
3.29 0.005675767472
3.295 0.008655902194
3.3000000000000003 0.009952539862
3.305 0.008778953254
3.31 0.004785310611
3.315 -0.0002134695611
3.3200000000000003 -0.004646725114
3.325 -0.007989767968
3.33 -0.009806998206
3.335 -0.009391135423
3.34 -0.006074313373
3.345 -0.001121749704
3.35 0.003536535677
3.355 0.007212513634
3.36 0.009498644353
3.365 0.009776728509
3.37 0.007239417191
3.375 0.002486711967
3.38 -0.002353822764
3.3850000000000002 -0.006334827128
3.39 -0.009045106104
3.395 -0.009948561312
3.4 -0.008224233983
3.4050000000000002 -0.003856021602
3.41 0.001106893676
3.415 0.005365483845
3.42 0.008461672006
3.4250000000000003 0.009925873829
3.43 0.008993503081
3.435 0.005194848834
3.44 0.0001964830132
3.4450000000000003 -0.004310472351
3.45 -0.007759922827
3.455 -0.009727880289
3.46 -0.009534672543
3.465 -0.006452111065
3.47 -0.001543280517
3.475 0.003176786651
3.48 0.006950372569
3.485 0.009372626479
3.49 0.009852091065
3.495 0.007566516358
3.5 0.002912612923
3.505 -0.001973349707
3.5100000000000002 -0.006043468228
3.515 -0.008877323051
3.52 -0.009961404412
3.525 -0.008487044981
3.5300000000000002 -0.004276854563
3.535 0.0007079536404
3.54 0.005046936134
3.545 0.008256049704
3.5500000000000003 0.009882330316
3.555 0.009185959867
3.56 0.005596623233
3.565 0.0006106818755
3.5700000000000003 -0.003966620305
3.575 -0.007519687625
3.58 -0.009633614408
3.585 -0.009656569886
3.59 -0.006816061846
3.595 -0.001967021329
3.6 0.002810334103
3.605 0.006678878272
3.61 0.009233143389
3.615 0.009907379260
3.62 0.007874751504
3.625 0.003338106220
3.63 -0.001586907071
3.6350000000000002 -0.005743493893
3.64 -0.008697433272
3.645 -0.009956114286
3.65 -0.008728354596
3.6550000000000002 -0.004693544172
3.66 0.0003038269872
3.665 0.004720295762
3.67 0.008039337104
3.6750000000000003 0.009822449389
3.68 0.009356314307
3.685 0.005988777428
3.69 0.001028568278
3.6950000000000003 -0.003615439938
3.7 -0.007269393344
3.705 -0.009524736215
3.71 -0.009757223224
3.715 -0.007164392839
3.72 -0.002392225144
3.725 0.002437433327
3.73 0.006398303512
3.735 0.009080664751
3.74 0.009943192524
3.745 0.008163044458
3.75 0.003762200508
3.755 -0.001194698189
3.7600000000000002 -0.005435065662
3.765 -0.008505772648
3.77 -0.009933268336
3.775 -0.008947791335
3.7800000000000002 -0.005104565190
3.785 -0.0001051156082
3.79 0.004385763682
3.795 0.007811842038
3.8000000000000003 0.009746766040
3.805 0.009504696928
3.81 0.006369395153
3.815 0.001449512042
3.8200000000000003 -0.003257215699
3.825 -0.007009368638
3.83 -0.009401774059
3.835 -0.009837119306
3.84 -0.007495507695
3.845 -0.002818093353
3.85 0.002058312281
3.855 0.006108880787
3.86 0.008915617689
3.865 0.009960140431
3.87 0.008430557812
3.875 0.004183764853
3.88 -0.0007969515192
3.8850000000000002 -0.005118338056
3.89 -0.008302652598
3.895 -0.009893423562
3.9 -0.009145157283
3.9050000000000002 -0.005508219444
3.91 -0.0005184175378
3.915 0.004043575584
3.92 0.007573884344
3.9250000000000003 0.009655815692
3.93 0.009631366334
3.935 0.006736577173
3.94 0.001872825223
3.9450000000000003 -0.002892227927
3.95 -0.006739925265
3.955 -0.009265237452
3.96 -0.009896811748
3.9650000000000003 -0.007808031166
3.97 -0.003243758483
3.975 0.001673177308
3.98 0.005810803947
3.985 0.008738384674
3.99 0.009958824080
3.995 0.008676677913
4.0 0.004601499214
4.005 -0.0003939468647
4.01 -0.004793477564
4.015 -0.008088375099
4.0200000000000005 -0.009837122219
4.025 -0.009320410468
4.03 -0.005902673187
4.035 -0.0009355376640
4.04 0.003693997271
4.045 0.007325793849
4.05 0.009550134445
4.055 0.009736695278
4.0600000000000005 0.007088519630
4.065 0.002297771308
4.07 -0.002520737601
4.075 -0.006461344245
4.08 -0.009115604518
4.085 -0.009936894560
4.09 -0.008100830556
4.095 -0.003668255468
4.1 0.001282229737
4.105 0.005504238645
4.11 0.008549308892
4.115 0.009939825626
4.12 0.008900991885
4.125 0.005013919236
4.13 0.00001396325570
4.135 -0.004460677796
4.14 -0.007863245870
4.1450000000000005 -0.009764899808
4.15 -0.009473651381
4.155 -0.006286017088
4.16 -0.001355860455
4.165 0.003337311689
4.17 0.007067900914
4.175 0.009430253153
4.18 0.009821152259
4.1850000000000005 0.007423582354
4.19 0.002723564157
4.195 -0.002142978664
4.2 -0.006173867200
4.205 -0.008953312265
4.21 -0.009957976923
4.215 -0.008373016135
4.22 -0.004090487228
4.225 0.0008856901272
4.23 0.005189339284
4.235 0.008348705914
4.24 0.009903706265
4.245 0.009103264981
4.25 0.005419362787
4.255 0.0004263415580
4.26 -0.004120166788
4.265 -0.007627581968
4.2700000000000005 -0.009677291424
4.275 -0.009605111282
4.28 -0.006656341227
4.285 -0.001778709732
4.29 0.002973801579
4.295 0.006800522341
4.3 0.009296686619
4.305 0.009885278309
4.3100000000000005 0.007740338363
4.315 0.003149353726
4.32 -0.001759161171
4.325 -0.005877695946
4.33 -0.008778752870
4.335 -0.009960663028
4.34 -0.008623926477
4.345 -0.004509193206
4.3500000000000005 0.0004838247856
4.355 0.004866268177
4.36 0.008136878543
4.365 0.009851010855
4.37 0.009283421904
4.375 0.005816021736
4.38 0.0008426650328
4.385 -0.003772204536
4.39 -0.007381711588
4.3950000000000005 -0.009574833313
4.4 -0.009715138999
4.405 -0.007011814166
4.41 -0.002203359421
4.415 0.002603733214
4.42 0.006523946965
4.425 0.009149920930
4.43 0.009929660753
4.4350000000000005 0.008037600427
4.44 0.003574199498
4.445 -0.001369485669
4.45 -0.005573001102
4.455 -0.008592277414
4.46 -0.009945539690
4.465 -0.008853106191
4.47 -0.004922930238
4.4750000000000005 0.00007696867692
4.48 0.004535211962
4.485 0.007914130768
4.49 0.009782275733
4.495 0.009441532550
4.5 0.006201997423
4.505 0.001262333500
4.51 -0.003417071605
4.515 -0.007125966086
4.5200000000000005 -0.009458058294
4.525 -0.009804183632
4.53 -0.007350754369
4.535 -0.002629035149
4.54 0.002227346674
4.545 0.006238425506
4.55 0.008990402787
4.555 0.009954907380
4.5600000000000005 0.008314425742
4.565 0.003997036664
4.57 -0.0009741661437
4.575 -0.005259937912
4.58 -0.008394206365
4.585 -0.009913172548
4.59 -0.009060282781
4.595 -0.005330073807
4.6000000000000005 -0.0003344602016
4.605 0.004196390898
4.61 0.007680776856
4.615 0.009698035742
4.62 0.009577800193
4.625 0.006575373191
4.63 0.001684683103
4.635 -0.003055052311
4.64 -0.006860666581
4.6450000000000005 -0.009327485818
4.65 -0.009872772320
4.655 -0.007671684424
4.66 -0.003054902968
4.665 0.001844856447
4.67 0.005944168177
4.675 0.008818534262
4.68 0.009961624858
4.6850000000000005 0.008570103987
4.69 0.004416643174
4.695 -0.0005734565563
4.7 -0.004938665347
4.705 -0.008184844059
4.71 -0.009864109459
4.715 -0.009245346929
4.72 -0.005728844155
4.7250000000000005 -0.0007499574075
4.73 0.003850058594
4.735 0.007437142966
4.74 0.009598827052
4.745 0.009692548892
4.75 0.006934293574
4.755 0.002108998298
4.76 -0.002686417730
4.765 -0.006586109208
4.7700000000000005 -0.009183609397
4.775 -0.009921484419
4.78 -0.007973362774
4.785 -0.003480045215
4.79 0.001456463446
4.795 0.005641351359
4.8 0.008634674857
4.805 0.009950404482
4.8100000000000005 0.008804136100
4.815 0.004831617100
4.82 -0.0001676750333
4.825 -0.004609363535
4.83 -0.007964493210
4.835 -0.009798887956
4.84 -0.009408337368
4.845 -0.006117356909
4.8500000000000005 -0.001168938804
4.855 0.003496492386
4.86 0.007183560774
4.865 0.009485183943
4.87 0.009786207244
4.875 0.007277038363
4.88 0.002534515925
4.885 -0.002311414104
4.89 -0.006302553662
4.8950000000000005 -0.009026885161
4.9 -0.009950925248
4.905 -0.008254792925
4.91 -0.003903427687
4.915 0.001062376418
4.92 0.005330132102
4.925 0.008439150670
4.93 0.009921816512
4.9350000000000005 0.009016210857
4.94 0.005240372822
4.945 0.0002427795456
4.95 -0.004272244946
4.955 -0.007733465378
4.96 -0.009718042782
4.965 -0.009549428778
4.97 -0.006493692620
4.9750000000000005 -0.001590753469
4.98 0.003135977309
4.985 0.006920354971
4.99 0.009357629879
4.995 0.009859287210
5.0 0.007602081276
5.005 0.002960416926
5.01 -0.001930260954
5.015 -0.006010218888
5.0200000000000005 -0.008857725176
5.025 -0.009961703245
5.03 -0.008515214585
5.035 -0.004323865693
5.04 0.0006628381876
5.045 0.005010666904
5.05 0.008232268295
5.055 0.009876412189
5.0600000000000005 0.009206184183
5.065 0.005641161477
5.07 0.0006574216565
5.075 -0.003927556316
5.08 -0.007492084366
5.085 -0.009622109864
5.09 -0.009668919651
5.095 -0.006855975484
5.1000000000000005 -0.002014696612
5.105 0.002768788650
5.11 0.006647828410
5.115 0.009216665221
5.12 0.009912358870
5.125 0.007908126868
5.13 0.003385804845
5.135 -0.001543160631
5.14 -0.005709287757
5.1450000000000005 -0.008676497829
5.15 -0.009954413910
5.155 -0.008754083849
5.16 -0.004739998332
5.165 0.0002581508767
5.17 0.004683129955
5.175 0.008014329706
5.18 0.009814730628
5.1850000000000005 0.009374063063
5.19 0.006032116441
5.195 0.001075683864
5.2 -0.003575570943
5.205 -0.007240681539
5.21 -0.009511624498
5.215 -0.009767217039
5.22 -0.007202449535
5.2250000000000005 -0.002440015879
5.23 0.002395178713
5.235 0.006366249544
5.24 0.009062755186
5.245 0.009946023933
5.25 0.008194124487
5.255 0.003809674374
5.26 -0.001150317960
5.265 -0.005399920068
5.2700000000000005 -0.008483535544
5.275 -0.009929632234
5.28 -0.008971049738
5.285 -0.005150279889
5.29 -0.0001513054683
5.295 0.004347726024
5.3 0.007785643923
5.305 0.009737306674
5.3100000000000005 0.009519993002
5.315 0.006411319399
5.32 0.001496928850
5.325 -0.003216573696
5.33 -0.006979584405
5.335 -0.009387113542
5.34 -0.009844816469
5.345 -0.007531541447
5.3500000000000005 -0.002865906034
5.355 0.002015372528
5.36 0.006075846279
5.365 0.008896321856
5.37 0.009960891810
5.375 0.008459262868
5.38 0.004230876884
5.385 -0.0007519658930
5.39 -0.005082270765
5.3950000000000005 -0.008279147928
5.4 -0.009887913199
5.405 -0.009165932634
5.41 -0.005552994648
5.415 -0.0005650644858
5.42 0.004004694591
5.425 0.007546532156
5.43 0.009644675927
5.4350000000000005 0.009644246178
5.44 0.006776878006
5.445 0.001920462905
5.45 -0.002850843403
5.455 -0.006709101904
5.46 -0.009249083593
5.465 -0.009902277423
5.47 -0.007841902558
5.4750000000000005 -0.003291490249
5.48 0.001629574867
5.485 0.005776808631
5.49 0.008717742886
5.495 0.009957561834
5.5 0.008702952082
5.505 0.004648092047
5.51 -0.0003483914770
5.515 -0.004756508745
5.5200000000000005 -0.008063636796
5.525 -0.009829797903
5.53 -0.009338707169
5.535 -0.005946297028
5.54 -0.0009825760603
5.545 0.003654304154
5.55 0.007297324883
5.555 0.009537374301
5.5600000000000005 0.009747207105
5.565 0.007127003663
5.57 0.002345544227
5.575 -0.002478638210
5.58 -0.006429510931
5.585 -0.009098008554
5.59 -0.009940196806
5.595 -0.008132427762
5.6000000000000005 -0.003715790377
5.605 0.001237987921
5.61 0.005469300064
5.615 0.008527357691
5.62 0.009936613762
5.625 0.008924800322
5.63 0.005059814772
5.635 0.00006004365144
5.64 -0.004422831292
5.6450000000000005 -0.007837308895
5.65 -0.009755821550
5.655 -0.009489489095
5.66 -0.006328273715
5.665 -0.001403217162
5.67 0.003296838532
5.675 0.007038351692
5.68 0.009415931455
5.6850000000000005 0.009829353662
5.69 0.007460078072
5.695 0.002771380465
5.7 -0.002100189005
5.705 -0.006141048491
5.71 -0.008934320454
5.715 -0.009959184121
5.72 -0.008402253899
5.7250000000000005 -0.004137692411
5.73 0.0008408360752
5.735 0.005153474919
5.74 0.008325479649
5.745 0.009898606633
5.75 0.009124591588
5.755 0.005464364484
5.76 0.0004728924330
5.765 -0.004081470337
5.7700000000000005 -0.007600482694
5.775 -0.009666519397
5.78 -0.009618523588
5.785 -0.006697019703
5.79 -0.001826305598
5.795 0.002932579348
5.8 0.006769926921
5.805 0.009280859595
5.8100000000000005 0.009891233408
5.815 0.007774700277
5.82 0.003197112935
5.825 -0.001715703868
5.83 -0.005843912308
5.835 -0.008758406531
5.84 -0.009959842063
5.845 -0.008650743852
5.8500000000000005 -0.004555915928
5.855 0.0004383923264
5.86 0.004829497522
5.865 0.008112411058
5.87 0.009844083938
5.875 0.009302267521
5.88 0.005859919735
5.885 0.0008896226274
5.89 -0.003732688888
5.8950000000000005 -0.007353487268
5.9 -0.009562427646
5.905 -0.009726171686
5.91 -0.007050717069
5.915 -0.002251110008
5.92 0.002561790255
5.925 0.006492335515
5.93 0.009132640844
5.9350000000000005 0.009933437211
5.94 0.008069710618
5.945 0.003621788917
5.95 -0.001325383593
5.955 -0.005538270389
5.96 -0.008570613802
5.965 -0.009942755108
5.97 -0.008877463876
5.9750000000000005 -0.004968996909
5.98 0.00003100043540
5.985 0.004497557985
5.99 0.007888456729
5.995 0.009773581548
6.0 0.009457913564
6.005 0.006244576007
6.01 0.001309626202
6.015000000000001 -0.003376768825
6.0200000000000005 -0.007096653558
6.025 -0.009444078190
6.03 -0.009812892444
6.035 -0.007387704880
6.04 -0.002676850148
6.045 0.002184708217
6.05 0.006205823598
6.055 0.008971717031
6.0600000000000005 0.009956573693
6.065 0.008344193222
6.07 0.004044327479
6.075 -0.0009294453245
6.08 -0.005224277430
6.085 -0.008371260167
6.09 -0.009908486622
6.095 -0.009082160690
6.1000000000000005 -0.005375291629
6.105 -0.0003809118564
6.11 0.004157880510
6.115 0.007653932336
6.12 0.009687634419
6.125 0.009591747225
6.13 0.006616419557
6.135 0.001732232994
6.140000000000001 -0.003013993773
6.1450000000000005 -0.006830300592
6.15 -0.009311988209
6.155 -0.009879220189
6.16 -0.007706531055
6.165 -0.003102684086
6.17 0.001801545396
6.175 0.005910597089
6.18 0.008798485201
6.1850000000000005 0.009961248353
6.19 0.008597462642
6.195 0.004463487229
6.2 -0.0005281491204
6.205 -0.004902093985
6.21 -0.008160649095
6.215 -0.009857582894
6.22 -0.009264742275
6.2250000000000005 -0.005773005651
6.23 -0.0007968306670
6.235 0.003810722003
6.24 0.007409165114
6.245 0.009586778784
6.25 0.009704105195
6.255 0.006973606619
6.26 0.002156722113
6.265000000000001 -0.002644632443
6.2700000000000005 -0.006554720879
6.275 -0.009166647526
6.28 -0.009925738472
6.285 -0.008005981476
6.29 -0.003527682810
6.295 0.001412502381
6.3 0.005606829358
6.305 0.008613300537
6.3100000000000005 0.009948050246
6.315 0.008829042051
6.32 0.004877845390
6.325 -0.0001218215277
6.33 -0.004571903412
6.335 -0.007939083884
6.34 -0.009790580807
6.345 -0.009425263197
6.3500000000000005 -0.006160246932
6.355 -0.001216163659
6.36 0.003456361537
6.365 0.007154486659
6.37 0.009471548243
6.375 0.009795426577
6.38 0.007314436197
6.385 0.002582324788
6.390000000000001 -0.002268927968
6.3950000000000005 -0.006270169598
6.4 -0.009008507543
6.405 -0.009953053998
6.41 -0.008285086876
6.415 -0.003950796844
6.42 0.001017790403
6.425 0.005294676424
6.43 0.008416486198
6.4350000000000005 0.009917547278
6.44 0.009038639937
6.445 0.005285796524
6.45 0.0002891289319
6.455 -0.004233922115
6.46 -0.007706877447
6.465 -0.009708015130
6.47 -0.009563912675
6.4750000000000005 -0.006535096941
6.48 -0.001638253286
6.485 0.003095083894
6.49 0.006890219948
6.495 0.009342464311
6.5 0.009866231165
6.505 0.007637406516
6.51 0.003008214569
6.515000000000001 -0.001887097255
6.5200000000000005 -0.005976861240
6.525 -0.008837975261
6.53 -0.009961774406
6.535 -0.008543112370
6.54 -0.004370822754
6.545 0.0006176577668
6.55 0.004974295922
6.555 0.008208347545
6.5600000000000005 0.009870288932
6.565 0.009226129905
6.57 0.005685575841
6.575 0.0007042071265
6.58 -0.003888400362
6.585 -0.007464354814
6.59 -0.009610421932
6.595 -0.009681002230
6.6000000000000005 -0.006895689692
6.605 -0.002062389285
6.61 0.002727162308
6.615 0.006616664513
6.62 0.009200023955
6.625 0.009917093900
6.63 0.007941249321
6.635 0.003433484478
6.640000000000001 -0.001499341799
6.6450000000000005 -0.005674975307
6.65 -0.008655414521
6.655 -0.009952493108
6.66 -0.008779536884
6.665 -0.004786378928
6.67 0.0002124145769
6.675 0.004645864969
6.68 0.007989186854
6.6850000000000005 0.009806813472
6.69 0.009391535073
6.695 0.006075307318
6.7 0.001122837095
6.705 -0.003535613590
6.71 -0.007211847583
6.715 -0.009498336044
6.72 -0.009776949938
6.7250000000000005 -0.007240286932
6.73 -0.002487813877
6.735 0.002352846037
6.74 0.006334084409
6.745 0.009044687844
6.75 0.009948618460
6.755 0.008224941403
6.76 0.003857114807
6.765000000000001 -0.001105868244
6.7700000000000005 -0.005364670091
6.775 -0.008461154460
6.78 -0.009925782692
6.785 -0.008994029677
6.79 -0.005195899360
6.795 -0.0001975496372
6.8 0.004309592212
6.805 0.007759314405
6.8100000000000005 0.009727655662
6.815 0.009535015773
6.82 0.006453071576
6.825 0.001544374550
6.83 -0.003175846867
6.835 -0.006949681930
6.84 -0.009372282686
6.845 -0.009852259796
6.8500000000000005 -0.007567338885
6.855 -0.002913714959
6.86 0.001972357274
6.865 0.006042702989
6.87 0.008876872998
6.875 0.009961413870
6.88 0.008487697401
6.885 0.004277938854
6.890000000000001 -0.0007069143774
6.8950000000000005 -0.005046101206
6.9 -0.008255503069
6.905 -0.009882196207
6.91 -0.009186429214
6.915 -0.005597651300
6.92 -0.0006117587967
6.925 0.003965720843
6.93 0.007519052742
6.9350000000000005 0.009633351277
6.94 0.009656857586
6.945 0.006816984160
6.95 0.001968120132
6.955 -0.002809377313
6.96 -0.006678163799
6.965 -0.009232765377
6.97 -0.009907496810
6.9750000000000005 -0.007875523708
6.98 -0.003339205968
6.985 0.001585899449
6.99 0.005742706574
6.995 0.008696952338
7.0 0.009956077577
7.005 0.008728950812
7.01 0.004694615841
7.015000000000001 -0.0003027747478
7.0200000000000005 -0.004719440138
7.025 -0.008038762164
7.03 -0.009822273696
7.035 -0.009356726568
7.04 -0.005989778122
7.045 -0.001029653951
7.05 0.003614521879
7.055 0.007268732861
7.0600000000000005 0.009524435961
7.065 0.009757456544
7.07 0.007165272572
7.075 0.002393326721
7.08 -0.002436460159
7.085 -0.006397565861
7.09 -0.009080253682
7.095 -0.009943260467
7.1000000000000005 -0.008163763866
7.105 -0.003763295233
7.11 0.001193675927
7.115 0.005434256667
7.12 0.008505261665
7.125 0.009933186927
7.13 0.008948330619
7.135 0.005105620054
7.140000000000001 0.0001061797545
7.1450000000000005 -0.004384887928
7.15 -0.007811239605
7.155 -0.009746550147
7.16 -0.009505052613
7.165 -0.006370363504
7.17 -0.001450604756
7.175 0.003256279782
7.18 0.007008683390
7.1850000000000005 0.009401438029
7.19 0.009837299604
7.195 0.007496340989
7.2 0.002819195558
7.205 -0.002057323291
7.21 -0.006108120506
7.215 -0.008915174611
7.22 -0.009960160340
7.2250000000000005 -0.008431222558
7.23 -0.004184851424
7.235 0.0007959152607
7.24 0.005117507791
7.245 0.008302112353
7.25 0.009893298870
7.255 0.009145639334
7.26 0.005509252912
7.265000000000001 0.0005194922985
7.2700000000000005 -0.004042680351
7.275 -0.007573255261
7.28 -0.009655560987
7.285 -0.009631666266
7.29 -0.006737508358
7.295 -0.001873923133
7.3 0.002891274856
7.305 0.006739216023
7.3100000000000005 0.009264866931
7.315 0.009896940522
7.32 0.007808814773
7.325 0.003244858960
7.33 -0.001672173013
7.335 -0.005810021494
7.34 -0.008737910520
7.345 -0.009958797489
7.3500000000000005 -0.008677286680
7.355 -0.004602574027
7.36 0.0003928974223
7.365 0.004792626489
7.37 0.008087806373
7.375 0.009836955636
7.38 0.009320835366
7.385 0.005903680385
7.390000000000001 0.0009366215353
7.3950000000000005 -0.003693083277
7.4 -0.007325138975
7.405 -0.009549842312
7.41 -0.009736940555
7.415 -0.007089409165
7.42 -0.002298872446
7.425 0.002519768020
7.43 0.006460611689
7.4350000000000005 0.009115200692
7.44 0.009936973376
7.445 0.008101561863
7.45 0.003669351561
7.455 -0.001281210674
7.46 -0.005503434428
7.465 -0.008548804510
7.47 -0.009939754013
7.4750000000000005 -0.008901543843
7.48 -0.005014978211
7.485 -0.00001502486151
7.49 0.004459806457
7.495 0.007862649468
7.5 0.009764692718
7.505 0.009474019561
7.51 0.006286993040
7.515000000000001 0.001356951759
7.5200000000000005 -0.003336379675
7.525 -0.007067221094
7.53 -0.009429924950
7.535 -0.009821344200
7.54 -0.007424426256
7.545 -0.002724666416
7.55 0.002141993141
7.555 0.006173111901
7.5600000000000005 0.008952876207
7.565 0.009958007358
7.57 0.008373693144
7.575 0.004091575901
7.58 -0.0008846569135
7.585 -0.005188513703
7.59 -0.008348172097
7.595 -0.009903591058
7.6000000000000005 -0.009103759738
7.605 -0.005420401414
7.61 -0.0004274140837
7.615 0.004119275820
7.62 0.007626958726
7.625 0.009677045213
7.63 0.009605423500
7.635 0.006657281060
7.640000000000001 0.001779806653
7.6450000000000005 -0.002972852260
7.65 -0.006799818364
7.655 -0.009296323647
7.66 -0.009885418383
7.665 -0.007741133243
7.67 -0.003150454801
7.675 0.001758160231
7.68 0.005876918379
7.6850000000000005 0.008778285538
7.69 0.009960646627
7.695 0.008624547754
7.7 0.004510270961
7.705 -0.0004827781917
7.71 -0.004865421679
7.715 -0.008136316071
7.72 -0.009850853450
7.7250000000000005 -0.009283859459
7.73 -0.005817035191
7.735 -0.0008437470189
7.74 0.003771294644
7.745 0.007381062365
7.75 0.009574549368
7.755 0.009715396298
7.76 0.007012713306
7.765000000000001 0.002204460017
7.7700000000000005 -0.002602767248
7.775 -0.006523219531
7.78 -0.009149524399
7.785 -0.009929750519
7.79 -0.008038343532
7.795 -0.003575296810
7.8 0.001368469837
7.805000000000001 0.005572201683
7.8100000000000005 0.008591779672
7.815 0.009945477944
7.82 0.008853670805
7.825 0.004923993102
7.83 -0.00007590967328
7.835 -0.004534345071
7.84 -0.007913540439
7.845 -0.009782077514
7.8500000000000005 -0.009441913261
7.855 -0.006202980735
7.86 -0.001263423305
7.865 0.003416143528
7.87 0.007125291733
7.875 0.009457737982
7.88 0.009804387287
7.885 0.007351608711
7.890000000000001 0.002630137347
7.8950000000000005 -0.002226364646
7.9 -0.006237675212
7.905 -0.008989973797
7.91 -0.009954948417
7.915 -0.008315114942
7.92 -0.003998127266
7.925 0.0009731360127
7.930000000000001 0.005259117039
7.9350000000000005 0.008393679015
7.94 0.009913066895
7.945 0.009060790246
7.95 0.005331117355
7.955 0.0003355304201
7.96 -0.004195504230
7.965 -0.007680159498
7.97 -0.009697798094
7.9750000000000005 -0.009578124750
7.98 -0.006576321446
7.985 -0.001685778938
7.99 0.003054106776
7.995 0.006859967903
8.0 0.009327130455
8.005 0.009872923772
8.01 0.007672490442
8.015 0.003056004515
8.02 -0.001843858887
8.025 -0.005943395517
8.03 -0.008818073795
8.035 -0.009961618721
8.040000000000001 -0.008570737729
8.045 -0.004417723676
8.05 0.0005724128580
8.055 0.004937823450
8.06 0.008184287880
8.065 0.009863961300
8.07 0.009245797159
8.075 0.005729863621
8.08 0.0007510374276
8.085 -0.003849152841
8.09 -0.007436499436
8.095 -0.009598551364
8.1 -0.009692818276
8.105 -0.006935202116
8.11 -0.002110098250
8.115 0.002685455407
8.120000000000001 0.006585386926
8.125 0.009183220216
8.13 0.009921585214
8.135 0.007974117574
8.14 0.003481143600
8.145 -0.001455450873
8.15 -0.005640556757
8.155 -0.008634183795
8.16 -0.009950352674
8.165000000000001 -0.008804713346
8.17 -0.004832683633
8.175 0.0001666186911
8.18 0.004608501122
8.185 0.007963908994
8.19 0.009798698676
8.195 0.009408730646
8.2 0.006118347339
8.205 0.001170027021
8.21 -0.003495568284
8.215 -0.007182891928
8.22 -0.009484871587
8.225 -0.009786422684
8.23 -0.007277902971
8.235 -0.002535617953
8.24 0.002310435595
8.245000000000001 0.006301808397
8.25 0.009026463286
8.255 0.009950976964
8.26 0.008255494241
8.265 0.003904520052
8.27 -0.001061349405
8.275 -0.005329315956
8.28 -0.008438629824
8.285 -0.009921720482
8.290000000000001 -0.009016731025
8.295 -0.005241421057
8.3 -0.0002438473877
8.305 0.004271362610
8.31 0.007732853947
8.315 0.009717813765
8.32 0.009549765722
8.325 0.006494649068
8.33 0.001591848124
8.335 -0.003135035590
8.34 -0.006919661627
8.345 -0.009357282187
8.35 -0.009859450117
8.355 -0.007602898289
8.36 -0.002961518822
8.365 0.001929266798
8.370000000000001 0.006009451154
8.375 0.008857271616
8.38 0.009961707446
8.385 0.008515860741
8.39 0.004324948753
8.395 -0.0006617974296
8.4 -0.005009829634
8.405 -0.008231718448
8.41 -0.009876273344
8.415000000000001 -0.009206647103
8.42 -0.005642186711
8.425 -0.0006584996323
8.43 0.003926654737
8.435 0.007491446572
8.44 0.009621842499
8.445 0.009669201182
8.45 0.006856893221
8.455 0.002015795820
8.46 -0.002767829999
8.465 -0.006647111310
8.47 -0.009216283445
8.475 -0.009912470772
8.48 -0.007908893251
8.485 -0.003386904164
8.49 0.001542151344
8.495000000000001 0.005708497991
8.5 0.008676013485
8.505 0.009954372112
8.51 0.008754673698
8.515 0.004741068324
8.52 -0.0002570972493
8.525 -0.004682272047
8.53 -0.008013751642
8.535 -0.009814550355
8.540000000000001 -0.009374468939
8.545 -0.006033113746
8.55 -0.001076770410
8.555 0.003574650848
8.56 0.007240018239
8.565 0.009511320163
8.57 0.009767444334
8.575000000000001 0.007203324232
8.58 0.002441117630
8.585 -0.002394203748
8.59 -0.006365509331
8.595 -0.009062340476
8.6 -0.009946086405
8.605 -0.008194837838
8.61 -0.003810768344
8.615 0.001149294096
8.620000000000001 0.005399108668
8.625 0.008483021239
8.63 0.009929545896
8.635 0.008971582602
8.64 0.005151332580
8.645 0.0001523708690
8.65 -0.004346848054
8.655 -0.007785038459
8.66 -0.009737086356
8.665000000000001 -0.009520342378
8.67 -0.006412283807
8.675 -0.001498022235
8.68 0.003215635825
8.685 0.006978896431
8.69 0.009386773580
8.695 0.009844990906
8.700000000000001 0.007532369309
8.705 0.002867008161
8.71 -0.002014381800
8.715 -0.006075083493
8.72 -0.008895875246
8.725 -0.009960906423
8.73 -0.008459921382
8.735 -0.004231962316
8.74 0.0007509281170
8.745000000000001 0.005081438144
8.75 0.008278604449
8.755 0.009887783736
8.76 0.009166408255
8.765 0.005554025407
8.77 0.0005661403406
8.775 -0.004003797221
8.78 -0.007545900139
8.785 -0.009644416953
8.790000000000001 -0.009644539913
8.795 -0.006777804724
8.8 -0.001921561271
8.805 0.002849888455
8.81 0.006708390018
8.815 0.009248709278
8.82 0.009902400509
8.825000000000001 0.007842680406
8.83 0.003292590365
8.835 -0.001628568894
8.84 -0.005776023721
8.845 -0.008717265301
8.85 -0.009957530116
8.855 -0.008703554500
8.86 -0.004649165287
8.865 0.0003473406217
8.870000000000001 0.004755655372
8.875 0.008063064927
8.88 0.009829626705
8.885 0.009339125668
8.89 0.005947300960
8.895 0.0009836608449
8.9 -0.003653388107
8.905 -0.007296667172
8.91 -0.009537078054
8.915000000000001 -0.009747446324
8.92 -0.007127888258
8.925 -0.002346645592
8.93 0.002477666818
8.935 0.006428775800
8.94 0.009097601061
8.945 0.009940270112
8.950000000000001 0.008133153057
8.955 0.003716885791
8.96 -0.001236967242
8.965 -0.005468493433
8.97 -0.008526849969
8.975 -0.009936537185
8.98 -0.008925345869
8.985 -0.005060871689
8.99 -0.00006110654351
8.995000000000001 0.004421957722
9.0 0.007836709441
9.005 0.009755610001
9.01 0.009489850947
9.015 0.006329245846
9.02 0.001404309184
9.025 -0.003295904545
9.03 -0.007037669125
9.035 -0.009415599288
9.040000000000001 -0.009829539703
9.045 -0.007460916624
9.05 -0.002772482705
9.055 0.002099201731
9.06 0.006140290673
9.065 0.008933880842
9.07 0.009959209222
9.075000000000001 0.008402924710
9.08 0.004138780035
9.085 -0.0008398013226
9.09 -0.005152646971
9.095 -0.008324942578
9.1 -0.009898486621
9.105 -0.009125079915
9.11 -0.005465400525
9.115 -0.0004739660919
9.120000000000001 0.004080577212
9.125 0.007599856495
9.13 0.009666268882
9.135 0.009618829583
9.14 0.006697955183
9.145 0.001827403024
9.15 -0.002931628133
9.155 -0.006769220281
9.16 -0.009280492799
9.165000000000001 -0.009891367757
9.17 -0.007775489468
9.175 -0.003198213719
9.18 0.001714701232
9.185 0.005843132272
9.19 0.008757935746
9.195 0.009959820498
9.200000000000001 0.008651358804
9.205 0.004556992215
9.21 -0.0004373442898
9.215 -0.004828648709
9.22 -0.008111845420
9.225 -0.009843921883
9.23 -0.009302698669
9.235 -0.005860930052
9.24 -0.0008907055734
9.245000000000001 0.003731776921
9.25 0.007352835184
9.255 0.009562139552
9.26 0.009726422895
9.265 0.007051611372
9.27 0.002252210887
9.275 -0.002560822460
9.28 -0.006491605489
9.285 -0.009132240618
9.290000000000001 -0.009933521429
9.295 -0.008070447765
9.3 -0.003622885627
9.305 0.001324366126
9.31 0.005537468543
9.315 0.008570112699
9.32 0.009942688363
9.325000000000001 0.008878022090
9.33 0.004970057830
9.335 -0.00002994011078
9.34 -0.004496688842
9.345 -0.007887863324
9.35 -0.009773378834
9.355 -0.009458287931
9.36 -0.006245555624
9.365 -0.001310716775
9.370000000000001 0.003375838754
9.375 0.007095976436
9.38 0.009443753880
9.385 0.009813090164
9.39 0.007388553961
9.395 0.002677952389
9.4 -0.002183724419
9.405 -0.006205070770
9.41 -0.008971284460
9.415000000000001 -0.009956609358
9.42 -0.008344876264
9.425 -0.004045417125
9.43 0.0009284136307
9.435 0.005223454173
9.44 0.008370729542
9.445 0.009908376128
9.450000000000001 0.009082661728
9.455 0.005376332718
9.46 0.0003819832501
9.465 -0.004156991663
9.47 -0.007653311998
9.475 -0.009687392432
9.48 -0.009592065535
9.485 -0.006617363579
9.49 -0.001733329389
9.495000000000001 0.003013046319
9.5 0.006829599229
9.505 0.009311628990
9.51 0.009879365876
9.515 0.007707331456
9.52 0.003103785410
9.525 -0.001800546123
9.53 -0.005909821944
9.535 -0.008798021256
9.540000000000001 -0.009961237015
9.545 -0.008598090085
9.55 -0.004464566366
9.555 0.0005271039515
9.56 0.004901249757
9.565 0.008160089728
9.57 0.009857430050
9.575000000000001 0.009265186092
9.58 0.005774022108
9.585 0.0007979116916
9.59 -0.003809814152
9.595 -0.007408518699
9.6 -0.009586498911
9.605 -0.009704368459
9.61 -0.006974510431
9.615 -0.002157822403
9.620000000000001 0.002643668274
9.625 0.006553995988
9.63 0.009166254621
9.635 0.009925833678
9.64 0.008006730374
9.645 0.003528780669
9.65 -0.001411488156
9.655 -0.005606032317
9.66 -0.008612806091
9.665000000000001 -0.009947993403
9.67 -0.008829612910
9.675 -0.004878910094
9.68 0.0001207638320
9.685 0.004571038730
9.69 0.007938496571
9.695 0.009790386996
9.700000000000001 0.009425650115
9.705 0.006161233792
9.71 0.001217252690
9.715 -0.003455435420
9.72 -0.007153815022
9.725 -0.009471231855
9.73 -0.009795636046
9.735 -0.007315295635
9.74 -0.002583426915
9.745000000000001 0.002267947675
9.75 0.006269421786
9.755 0.009008082063
9.76 0.009953100303
9.765 0.008285782074
9.77 0.003951888337
9.775 -0.001016761809
9.78 -0.005293857884
9.785 -0.008415962057
9.790000000000001 -0.009917446372
9.795 -0.009039153681
9.8 -0.005286842418
9.805 -0.0002901979849
9.81 0.004233037583
9.815 0.007706263013
9.82 0.009707781739
9.825000000000001 0.009564243348
9.83 0.006536049274
9.835 0.001639348550
9.84 -0.003094140239
9.845 -0.006889523901
9.85 -0.009342112730
9.855 -0.009866388269
9.86 -0.007638217987
9.865 -0.003009316305
9.870000000000001 0.001886101373
9.875 0.005976091011
9.88 0.008837518201
9.885 0.009961773368
9.89 0.008543752254
9.895 0.004371904543
9.9 -0.0006166155154
9.905 -0.004973456308
9.91 -0.008207794489
9.915000000000001 -0.009870145367
9.92 -0.009226586406
9.925 -0.005686598189
9.93 -0.0007052861470
9.935 0.003887496666
9.94 0.007463714113
9.945 0.009610150347
9.950000000000001 0.009681277609
9.955 0.006896602805
9.96 0.002063488882
9.965 -0.002726201795
9.97 -0.006615944788
9.975 -0.009199638426
9.98 -0.009917200174
9.985 -0.007942009860
9.99 -0.003434583343
9.995000000000001 0.001498330846
10.0 0.005674183093
10.005 0.008654926773
10.01 0.009952446237
10.015 0.008780120361
10.02 0.004787447197
10.025 -0.0002113595694
10.03 -0.004645004779
10.035 -0.007988605674
10.040000000000001 -0.009806628634
10.045 -0.009391934572
10.05 -0.006076301176
10.055 -0.001123924496
10.06 0.003534691464
10.065 0.007211181472
10.07 0.009498027643
10.075000000000001 0.009777171228
10.08 0.007241156549
10.085 0.002488915781
10.09 -0.002351869276
10.095 -0.006333341638
10.1 -0.009044269504
10.105 -0.009948675482
10.11 -0.008225648677
10.115 -0.003858207984
10.120000000000001 0.001104842783
10.125 0.005363856288
10.13 0.008460636842
10.135 0.009925691443
10.14 0.008994556120
10.145 0.005196949826
10.15 0.0001986162814
10.155 -0.004308712030
10.16 -0.007758705917
10.165000000000001 -0.009727430936
10.17 -0.009535358855
10.175 -0.006454031988
10.18 -0.001545468590
10.185 0.003174907044
10.19 0.006948991235
10.195 0.009371938806
10.200000000000001 0.009852428391
10.205 0.007568161278
10.21 0.002914816984
10.215 -0.001971364809
10.22 -0.006041937696
10.225 -0.008876422867
10.23 -0.009961423207
10.235 -0.008488349671
10.24 -0.004279023109
10.245000000000001 0.0007058750874
10.25 0.005045266230
10.255 0.008254956364
10.26 0.009882061990
10.265 0.009186898410
10.27 0.005598679295
10.275 0.0006128357344
10.28 -0.003964821339
10.285 -0.007518417797
10.290000000000001 -0.009633088050
10.295 -0.009657145140
10.3 -0.006817906363
10.305 -0.001969218936
10.31 0.002808420488
10.315 0.006677449272
10.32 0.009232387281
10.325000000000001 0.009907614228
10.33 0.007876295773
10.335 0.003340305698
10.34 -0.001584891796
10.345 -0.005741919205
10.35 -0.008696471329
10.355 -0.009956040751
10.36 -0.008729546877
10.365 -0.004695687464
10.370000000000001 0.0003017224834
10.375 0.004718584468
10.38 0.008038187156
10.385 0.009822097899
10.39 0.009357138679
10.395 0.005990778733
10.4 0.001030739638
10.405 -0.003613603780
10.41 -0.007268072317
10.415000000000001 -0.009524135614
10.42 -0.009757689723
10.425 -0.007166152185
10.43 -0.002394428296
10.435 0.002435486955
10.44 0.006396828155
10.445 0.009079842532
10.450000000000001 0.009943328283
10.455 0.008164483132
10.46 0.003764389937
10.465 -0.001192653632
10.47 -0.005433447620
10.475 -0.008504750608
10.48 -0.009933105403
10.485 -0.008948869753
10.49 -0.005106674862
10.495000000000001 -0.0001072439248
10.5 0.004384012127
10.505 0.007810637105
10.51 0.009746334153
10.515 0.009505408149
10.52 0.006371331760
10.525 0.001451697480
10.53 -0.003255343825
10.535 -0.007007998082
10.540000000000001 -0.009401101911
10.545 -0.009837479767
10.55 -0.007497174154
10.555 -0.002820297756
10.56 0.002056334266
10.565 0.006107360171
10.57 0.008914731453
10.575000000000001 0.009960180127
10.58 0.008431887159
10.585 0.004185937963
10.59 -0.0007948789722
10.595 -0.005116677475
10.6 -0.008301572035
10.605 -0.009893174069
10.61 -0.009146121234
10.615 -0.005510286313
10.620000000000001 -0.0005205670798
10.625 0.004041785073
10.63 0.007572626112
10.635 0.009655306184
10.64 0.009631966054
10.645 0.006738439435
10.65 0.001875021049
10.655 -0.002890321747
10.66 -0.006738506723
10.665000000000001 -0.009264496323
10.67 -0.009897069164
10.675 -0.007809598244
10.68 -0.003245959424
10.685 0.001671168685
10.69 0.005809238988
10.695 0.008737436290
10.700000000000001 0.009958770780
10.705 0.008677895299
10.71 0.004603648800
10.715 -0.0003918479517
10.72 -0.004791775365
10.725 -0.008087237577
10.73 -0.009836788947
10.735 -0.009321260114
10.74 -0.005904687505
10.745000000000001 -0.0009377054242
10.75 0.003692169239
10.755 0.007324484038
10.76 0.009549550085
10.765 0.009737185692
10.77 0.007090298584
10.775 0.002299973587
10.78 -0.002518798399
10.785 -0.006459879075
10.790000000000001 -0.009114796782
10.795 -0.009937052065
10.8 -0.008102293029
10.805 -0.003670447637
10.81 0.001280191576
10.815 0.005502630157
10.82 0.008548300053
10.825000000000001 0.009939682285
10.83 0.008902095654
10.835 0.005016037137
10.84 0.00001608649518
10.845 -0.004458935069
10.85 -0.007862052997
10.855 -0.009764485525
10.86 -0.009474387593
10.865 -0.006287968903
10.870000000000001 -0.001358043079
10.875 0.003335447616
10.88 0.007066541211
10.885 0.009429596657
10.89 0.009821536003
10.895 0.007425270033
10.9 0.002725768672
10.905 -0.002141007580
10.91 -0.006172356544
10.915000000000001 -0.008952440068
10.92 -0.009958037671
10.925 -0.008374370009
10.93 -0.004092664548
10.935 0.0008836236652
10.94 0.005187688068
10.945 0.008347638205
10.950000000000001 0.009903475741
10.955 0.009104254348
10.96 0.005421439983
10.965 0.0004284866353
10.97 -0.004118384802
10.975 -0.007626335417
10.98 -0.009676798903
10.985 -0.009605735576
10.99 -0.006658220793
10.995000000000001 -0.001780903585
11.0 0.002971902897
11.005 0.006799114325
11.01 0.009295960587
11.015 0.009885558326
11.02 0.007741927993
11.025 0.003151555870
11.03 -0.001757159251
11.035 -0.005876140756
11.040000000000001 -0.008777818127
11.045 -0.009960630107
11.05 -0.008625168886
11.055 -0.004511348684
11.06 0.0004817315640
11.065 0.004864575127
11.07 0.008135753526
11.075000000000001 0.009850695938
11.08 0.009284296866
11.085 0.005818048574
11.09 0.0008448290276
11.095 -0.003770384705
11.1 -0.007380413076
11.105 -0.009574265328
11.11 -0.009715653457
11.115 -0.007013612335
11.120000000000001 -0.002205560620
11.125 0.002601801238
11.13 0.006522492037
11.135 0.009149127783
11.14 0.009929840158
11.145 0.008039086501
11.15 0.003576394110
11.155 -0.001367453965
11.16 -0.005571402206
11.165000000000001 -0.008591281852
11.17 -0.009945416083
11.175 -0.008854235273
11.18 -0.004925055922
11.185 0.00007485063719
11.19 0.004533478126
11.195 0.007912950037
11.200000000000001 0.009781879190
11.205 0.009442293827
11.21 0.006203963965
11.215 0.001264513130
11.22 -0.003415215404
11.225 -0.007124617315
11.23 -0.009457417578
11.235 -0.009804590804
11.24 -0.007352462934
11.245000000000001 -0.002631239549
11.25 0.002225382574
11.255 0.006236924857
11.26 0.008989544723
11.265 0.009954989331
11.27 0.008315804002
11.275 0.003999217849
11.28 -0.0009721058431
11.285 -0.005258296108
11.290000000000001 -0.008393151588
11.295 -0.009912961130
11.3 -0.009061297564
11.305 -0.005332160851
11.31 -0.0003366006689
11.315 0.004194617508
11.32 0.007679542071
11.325000000000001 0.009697560346
11.33 0.009578449164
11.335 0.006577269607
11.34 0.001686874789
11.345 -0.003053161193
11.35 -0.006859269160
11.355 -0.009326775003
11.36 -0.009873075092
11.365 -0.007673296333
11.370000000000001 -0.003057106061
11.375 0.001842861284
11.38 0.005942622797
11.385 0.008817613245
11.39 0.009961612464
11.395 0.008571371328
11.4 0.004418804151
11.405 -0.0005713691217
11.41 -0.004936981497
11.415000000000001 -0.008183731625
11.42 -0.009863813033
11.425 -0.009246247244
11.43 -0.005730883023
11.435 -0.0007521174755
11.44 0.003848247036
11.445 0.007435855838
11.450000000000001 0.009598275577
11.455 0.009693087520
11.46 0.006936110553
11.465 0.002111198214
11.47 -0.002684493038
11.475 -0.006584664582
11.48 -0.009182830947
11.485 -0.009921685880
11.49 -0.007974872241
11.495000000000001 -0.003482241978
11.5 0.001454438258
11.505 0.005639762096
11.51 0.008633692652
11.515 0.009950300750
11.52 0.008805290446
11.525 0.004833750129
11.53 -0.0001655623125
11.535 -0.004607638652
11.540000000000001 -0.007963324704
11.545 -0.009798509290
11.55 -0.009409123779
11.555 -0.006119337691
11.56 -0.001171115262
11.565 0.003494644130
11.57 0.007182223015
11.575000000000001 0.009484559136
11.58 0.009786637987
11.585 0.007278767465
11.59 0.002536719989
11.595 -0.002309457040
11.6 -0.006301063069
11.605 -0.009026041326
11.61 -0.009951028556
11.615 -0.008256195419
11.620000000000001 -0.003905612403
11.625 0.001060322350
11.63 0.005328499750
11.635 0.008438108899
11.64 0.009921624338
11.645 0.009017251047
11.65 0.005242469244
11.655 0.0002449152637
11.66 -0.004270480220
11.665000000000001 -0.007732242444
11.67 -0.009717584646
11.675 -0.009550102523
11.68 -0.006495605426
11.685 -0.001592942799
11.69 0.003134093821
11.695 0.006918968216
11.700000000000001 0.009356934402
11.705 0.009859612891
11.71 0.007603715180
11.715 0.002962620721
11.72 -0.001928272597
11.725 -0.006008683359
11.73 -0.008856817973
11.735 -0.009961711526
11.74 -0.008516506756
11.745000000000001 -0.004326031789
11.75 0.0006607566316
11.755 0.005008992306
11.76 0.008231168523
11.765 0.009876134390
11.77 0.009207109878
11.775 0.005643211885
11.78 0.0006595776379
11.785 -0.003925753104
11.790000000000001 -0.007490808707
11.795 -0.009621575035
11.8 -0.009669482572
11.805 -0.006857810856
11.81 -0.002016895043
11.815 0.002766871301
11.82 0.006646394146
11.825000000000001 0.009215901580
11.83 0.009912582544
11.835 0.007909659504
11.84 0.003388003478
11.845 -0.001541142014
11.85 -0.005707708165
11.855 -0.008675529060
11.86 -0.009954330195
11.865 -0.008755263403
11.870000000000001 -0.004742138281
11.875 0.0002560435860
11.88 0.004681414082
11.885 0.008013173504
11.89 0.009814369976
11.895 0.009374874669
11.9 0.006034110976
11.905 0.001077856979
11.91 -0.003573730704
11.915000000000001 -0.007239354871
11.92 -0.009511015733
11.925 -0.009767671492
11.93 -0.007204198815
11.935 -0.002442219390
11.94 0.002393228737
11.945 0.006364769057
11.950000000000001 0.009061925681
11.955 0.009946148752
11.96 0.008195551052
11.965 0.003811862299
11.97 -0.001148270191
11.975 -0.005398297209
11.98 -0.008482506857
11.985 -0.009929459443
11.99 -0.008972115320
11.995000000000001 -0.005152385225
12.0 -0.0001534363032
12.005 0.004345970029
12.01 0.007784432923
12.015 0.009736865935
12.02 0.009520691612
12.025 0.006413248129
12.030000000000001 0.001499115641
12.035 -0.003214697905
12.040000000000001 -0.006978208390
12.045 -0.009386433526
12.05 -0.009845165208
12.055 -0.007533197048
12.06 -0.002868110291
12.065 0.002013391027
12.07 0.006074320644
12.075000000000001 0.008895428554
12.08 0.009960920915
12.085 0.008460579756
12.09 0.004233047727
12.095 -0.0007498903009
12.1 -0.005080605465
12.105 -0.008278060894
12.11 -0.009887654163
12.115 -0.009166883730
12.120000000000001 -0.005555056108
12.125 -0.0005672162264
12.13 0.004002899798
12.135 0.007545268051
12.14 0.009644157879
12.145 0.009644833507
12.15 0.006778731343
12.155000000000001 0.001922659653
12.16 -0.002848933458
12.165000000000001 -0.006707678067
12.17 -0.009248334873
12.175 -0.009902523464
12.18 -0.007843458127
12.185 -0.003293690479
12.19 0.001627562876
12.195 0.005775238750
12.200000000000001 0.008716787634
12.205 0.009957498280
12.21 0.008704156776
12.215 0.004650238496
12.22 -0.0003462897267
12.225 -0.004754801941
12.23 -0.008062492981
12.235 -0.009829455399
12.24 -0.009339544023
12.245000000000001 -0.005948304822
12.25 -0.0009847456585
12.255 0.003652472006
12.26 0.007296009391
12.265 0.009536781710
12.27 0.009747685405
12.275 0.007128772744
12.280000000000001 0.002347746970
12.285 -0.002476695378
12.290000000000001 -0.006428040604
12.295 -0.009097193480
12.3 -0.009940343292
12.305 -0.008133878218
12.31 -0.003717981196
12.315 0.001235946519
12.32 0.005467686741
12.325000000000001 0.008526342167
12.33 0.009936460493
12.335 0.008925891271
12.34 0.005061928564
12.345 0.00006216947168
12.35 -0.004421084094
12.355 -0.007836109913
12.36 -0.009755398347
12.365 -0.009490212655
12.370000000000001 -0.006330217894
12.375 -0.001405401229
12.38 0.003294970507
12.385 0.007036986491
12.39 0.009415267027
12.395 0.009829725609
12.4 0.007461755056
12.405000000000001 0.002773584950
12.41 -0.002098214412
12.415000000000001 -0.006139532794
12.42 -0.008933441145
12.425 -0.009959234200
12.43 -0.008403595381
12.435 -0.004139867641
12.44 0.0008387665286
12.445 0.005151818963
12.450000000000001 0.008324405430
12.455 0.009898366497
12.46 0.009125568096
12.465 0.005466436513
12.47 0.0004750397833
12.475 -0.004079684033
12.48 -0.007599230225
12.485 -0.009666018267
12.49 -0.009619135437
12.495000000000001 -0.006698890568
12.5 -0.001828500469
12.505 0.002930676869
12.51 0.006768513575
12.515 0.009280125913
12.52 0.009891501973
12.525 0.007776278530
12.530000000000001 0.003199314500
12.535 -0.001713698554
12.540000000000001 -0.005842352175
12.545 -0.008757464879
12.55 -0.009959798815
12.555 -0.008651973612
12.56 -0.004558068472
12.565 0.0004362962168
12.57 0.004827799840
12.575000000000001 0.008111279707
12.58 0.009843759720
12.585 0.009303129671
12.59 0.005861940298
12.595 0.0008917885439
12.6 -0.003730864903
12.605 -0.007352183033
12.61 -0.009561851362
12.615 -0.009726673965
12.620000000000001 -0.007052505565
12.625 -0.002253311775
12.63 0.002559854621
12.635 0.006490875402
12.64 0.009131840306
12.645 0.009933605518
12.65 0.008071184776
12.655000000000001 0.003623982325
12.66 -0.001323348620
12.665000000000001 -0.005536666640
12.67 -0.008569611517
12.675 -0.009942621502
12.68 -0.008878580157
12.685 -0.004971118706
12.69 0.00002887975518
12.695 0.004495819648
12.700000000000001 0.007887269848
12.705 0.009773176016
12.71 0.009458662152
12.715 0.006246535156
12.72 0.001311807364
12.725 -0.003374908638
12.73 -0.007095299251
12.735 -0.009443429477
12.74 -0.009813287747
12.745000000000001 -0.007389402920
12.75 -0.002679054630
12.755 0.002182740582
12.76 0.006204317885
12.765 0.008970851808
12.77 0.009956644900
12.775 0.008345559164
12.780000000000001 0.004046506747
12.785 -0.0009273819018
12.790000000000001 -0.005222630862
12.795 -0.008370198841
12.8 -0.009908265523
12.805 -0.009083162616
12.81 -0.005377373748
12.815 -0.0003830546697
12.82 0.004156102766
12.825000000000001 0.007652691591
12.83 0.009687150344
12.835 0.009592383700
12.84 0.006618307503
12.845 0.001734425796
12.85 -0.003012098823
12.855 -0.006828897805
12.86 -0.009311269682
12.865 -0.009879511431
12.870000000000001 -0.007708131727
12.875 -0.003104886727
12.88 0.001799546812
12.885 0.005909046744
12.89 0.008797557232
12.895 0.009961225557
12.9 0.008598717382
12.905000000000001 0.004465645469
12.91 -0.0005260587502
12.915000000000001 -0.004900405478
12.92 -0.008159530288
12.925 -0.009857277098
12.93 -0.009265629761
12.935 -0.005775038493
12.94 -0.0007989927382
12.945 0.003808906253
12.950000000000001 0.007407872219
12.955 0.009586218942
12.96 0.009704631582
12.965 0.006975414133
12.97 0.002158922700
12.975 -0.002642704062
12.98 -0.006553271037
12.985 -0.009165861630
12.99 -0.009925928757
12.995000000000001 -0.008007479136
13.0 -0.003529878517
13.005 0.001410473892
13.01 0.005605235220
13.015 0.008612311567
13.02 0.009947936443
13.025 0.008830183622
13.030000000000001 0.004879974756
13.035 -0.0001197061043
13.040000000000001 -0.004570173995
13.045 -0.007937909185
13.05 -0.009790193081
13.055 -0.009426036886
13.06 -0.006162220570
13.065 -0.001218341741
13.07 0.003454509255
13.075000000000001 0.007153143321
13.08 0.009470915374
13.085 0.009795845379
13.09 0.007316154954
13.095 0.002584529047
13.1 -0.002266967340
13.105 -0.006268673913
13.11 -0.009007656499
13.115 -0.009953146484
13.120000000000001 -0.008286477131
13.125 -0.003952979812
13.13 0.001015733176
13.135 0.005293039287
13.14 0.008415437839
13.145 0.009917345353
13.15 0.009039667277
13.155000000000001 0.005287888260
13.16 0.0002912670680
13.165000000000001 -0.004232152999
13.17 -0.007705648508
13.175 -0.009707548247
13.18 -0.009564573877
13.185 -0.006537001513
13.19 -0.001640443830
13.195 0.003093196538
13.200000000000001 0.006888827790
13.205 0.009341761060
13.21 0.009866545239
13.215 0.007639029331
13.22 0.003010418039
13.225 -0.001885105450
13.23 -0.005975320724
13.235 -0.008837061060
13.24 -0.009961772210
13.245000000000001 -0.008544391994
13.25 -0.004372986307
13.255 0.0006155732267
13.26 0.004972616638
13.265 0.008207241358
13.27 0.009870001693
13.275 0.009227042760
13.280000000000001 0.005687620473
13.285 0.0007063651946
13.290000000000001 -0.003886592919
13.295 -0.007463073343
13.3 -0.009609878666
13.305 -0.009681552848
13.31 -0.006897515814
13.315 -0.002064588492
13.32 0.002725241237
13.325000000000001 0.006615225000
13.33 0.009199252809
13.335 0.009917306319
13.34 0.007942770266
13.345 0.003435682200
13.35 -0.001497319850
13.355 -0.005673390818
13.36 -0.008654438946
13.365 -0.009952399249
13.370000000000001 -0.008780703694
13.375 -0.004788515431
13.38 0.0002103045255
13.385 0.004644144532
13.39 0.007988024418
13.395 0.009806443691
13.4 0.009392333927
13.405000000000001 0.006077294958
13.41 0.001125011922
13.415000000000001 -0.003533769287
13.42 -0.007210515294
13.425 -0.009497719148
13.43 -0.009777392381
13.435 -0.007242026052
13.44 -0.002490017694
13.445 0.002350892469
13.450000000000001 0.006332598804
13.455 0.009043851079
13.46 0.009948732379
13.465 0.008226355814
13.47 0.003859301148
13.475 -0.001103817280
13.48 -0.005363042425
13.485 -0.008460119146
13.49 -0.009925600080
13.495000000000001 -0.008995082419
13.5 -0.005198000246
13.505 -0.0001996829595
13.51 0.004307831792
13.515 0.007758097357
13.52 0.009727206107
13.525 0.009535701794
13.530000000000001 0.006454992312
13.535 0.001546562650
13.540000000000001 -0.003173967172
13.545 -0.006948300473
13.55 -0.009371594834
13.555 -0.009852596853
13.56 -0.007568983550
13.565 -0.002915919013
13.57 0.001970372298
13.575000000000001 0.006041172342
13.58 0.008875972653
13.585 0.009961432423
13.59 0.008489001802
13.595 0.004280107342
13.6 -0.0007048357569
13.605 -0.005044431196
13.61 -0.008254409581
13.615 -0.009881927663
13.620000000000001 -0.009187367460
13.625 -0.005599707231
13.63 -0.0006139127027
13.635 0.003963921781
13.64 0.007517782781
13.645 0.009632824723
13.65 0.009657432554
13.655000000000001 0.006818828465
13.66 0.001970317757
13.665000000000001 -0.002807463615
13.67 -0.006676734679
13.675 -0.009232009095
13.68 -0.009907731517
13.685 -0.007877067708
13.69 -0.003341405425
13.695 0.001583884098
13.700000000000001 0.005741131775
13.705 0.008695990238
13.71 0.009956003807
13.715 0.008730142799
13.72 0.004696759055
13.725 -0.0003006701808
13.73 -0.004717728739
13.735 -0.008037612073
13.74 -0.009821921995
13.745000000000001 -0.009357550646
13.75 -0.005991779272
13.755 -0.001031825351
13.76 0.003612685628
13.765 0.007267411705
13.77 0.009523835171
13.775 0.009757922765
13.780000000000001 0.007167031686
13.785 0.002395529880
13.790000000000001 -0.002434513705
13.795 -0.006396090386
13.8 -0.009079431295
13.805 -0.009943395974
13.81 -0.008165202262
13.815 -0.003765484629
13.82 0.001191631295
13.825000000000001 0.005432638514
13.83 0.008504239472
13.835 0.009933023766
13.84 0.008949408742
13.845 0.005107729627
13.85 0.0001083081297
13.855 -0.004383136270
13.86 -0.007810034532
13.865 -0.009746118056
13.870000000000001 -0.009505763543
13.875 -0.006372299931
13.88 -0.001452790226
13.885 0.003254407818
13.89 0.007007312708
13.895 0.009400765700
13.9 0.009837659795
13.905000000000001 0.007498007198
13.91 0.002821399959
13.915000000000001 -0.002055345195
13.92 -0.006106599774
13.925 -0.008914288211
13.93 -0.009960199792
13.935 -0.008432551619
13.94 -0.004187024482
13.945 0.0007938426433
13.950000000000001 0.005115847100
13.955 0.008301031640
13.96 0.009893049156
13.965 0.009146602988
13.97 0.005511319658
13.975 0.0005216418917
13.98 -0.004040889741
13.985 -0.007571996893
13.99 -0.009655051282
13.995000000000001 -0.009632265700
14.0 -0.006739370415
14.005 -0.001876118982
14.01 0.002889368590
14.015 0.006737797359
14.02 0.009264125627
14.025 0.009897197675
14.030000000000001 0.007810381587
14.035 0.003247059886
14.040000000000001 -0.001670164312
14.045 -0.005808456422
14.05 -0.008736961977
14.055 -0.009958743952
14.06 -0.008678503775
14.065 -0.004604723543
14.07 0.0003907984422
14.075000000000001 0.004790924183
14.08 0.008086668705
14.085 0.009836622151
14.09 0.009321684717
14.095 0.005905694556
14.1 0.0009387893403
14.105 -0.003691255149
14.11 -0.007323829032
14.115 -0.009549257761
14.120000000000001 -0.009737430690
14.125 -0.007091187894
14.13 -0.002301074738
14.135 0.002517828733
14.14 0.006459146398
14.145 0.009114392786
14.15 0.009937130626
14.155000000000001 0.008103024060
14.16 0.003671543703
14.165000000000001 -0.001279172436
14.17 -0.005501825826
14.175 -0.008547795515
14.18 -0.009939610443
14.185 -0.008902647318
14.19 -0.005017096020
14.195 -0.00001714816295
14.200000000000001 0.004458063625
14.205 0.007861456452
14.21 0.009764278229
14.215 0.009474755482
14.22 0.006288944682
14.225 0.001359134419
14.23 -0.003334515509
14.235 -0.007065861263
14.24 -0.009429268270
14.245000000000001 -0.009821727671
14.25 -0.007426113691
14.255 -0.002726870933
14.26 0.002140021975
14.265 0.006171601127
14.27 0.008952003845
14.275 0.009958067860
14.280000000000001 0.008375046734
14.285 0.004093753175
14.290000000000001 -0.0008825903780
14.295 -0.005186862376
14.3 -0.008347104237
14.305 -0.009903360312
14.31 -0.009104748810
14.315 -0.005422478495
14.32 -0.0004295592163
14.325000000000001 0.004117493732
14.33 0.007625712037
14.335 0.009676552493
14.34 0.009606047508
14.345 0.006659160428
14.35 0.001782000532
14.355 -0.002970953487
14.36 -0.006798410222
14.365 -0.009295597437
14.370000000000001 -0.009885698136
14.375 -0.007742722614
14.38 -0.003152656936
14.385 0.001756158230
14.39 0.005875363073
14.395 0.008777350635
14.4 0.009960613468
14.405000000000001 0.008625789874
14.41 0.004512426376
14.415000000000001 -0.0004806849000
14.42 -0.004863728519
14.425 -0.008135190906
14.43 -0.009850538318
14.435 -0.009284734127
14.44 -0.005819061890
14.445 -0.0008459110621
14.450000000000001 0.003769474714
14.455 0.007379763719
14.46 0.009573981191
14.465 0.009715910476
14.47 0.007014511256
14.475 0.002206661234
14.48 -0.002600835184
14.485 -0.006521764482
14.49 -0.009148731080
14.495000000000001 -0.009929929668
14.5 -0.008039829335
14.505 -0.003577491398
14.51 0.001366438053
14.515 0.005570602672
14.52 0.008590783953
14.525 0.009945354106
14.530000000000001 0.008854799594
14.535 0.004926118701
14.540000000000001 -0.00007379156841
14.545 -0.004532611128
14.55 -0.007912359564
14.555 -0.009781680762
14.56 -0.009442674247
14.565 -0.006204947112
14.57 -0.001265602975
14.575000000000001 0.003414287232
14.58 0.007123942832
14.585 0.009457097080
14.59 0.009804794185
14.595 0.007353317037
14.6 0.002632341754
14.605 -0.002224400460
14.61 -0.006236174443
14.615 -0.008989115566
14.620000000000001 -0.009955030120
14.625 -0.008316492922
14.63 -0.004000308411
14.635 0.0009710756358
14.64 0.005257475121
14.645 0.008392624084
14.65 0.009912855253
14.655000000000001 0.009061804734
14.66 0.005333204292
14.665000000000001 0.0003376709459
14.67 -0.004193730736
14.675 -0.007678924574
14.68 -0.009697322496
14.685 -0.009578773434
14.69 -0.006578217672
14.695 -0.001687970654
14.700000000000001 0.003052215565
14.705 0.006858570355
14.71 0.009326419460
14.715 0.009873226279
14.72 0.007674102096
14.725 0.003058207602
14.73 -0.001841863640
14.735 -0.005941850019
14.74 -0.008817152616
14.745000000000001 -0.009961606087
14.75 -0.008572004782
14.755 -0.004419884596
14.76 0.0005703253510
14.765 0.004936139490
14.77 0.008183175296
14.775 0.009863664657
14.780000000000001 0.009246697181
14.785 0.005731902357
14.790000000000001 0.0007531975472
14.795 -0.003847341182
14.8 -0.007435212172
14.805 -0.009597999694
14.81 -0.009693356624
14.815 -0.006937018883
14.82 -0.002112298187
14.825000000000001 0.002683530625
14.83 0.006583942176
14.835 0.009182441593
14.84 0.009921786418
14.845 0.007975626773
14.85 0.003483340345
14.855 -0.001453425603
14.86 -0.005638967378
14.865 -0.008633201431
14.870000000000001 -0.009950248709
14.875 -0.008805867400
14.88 -0.004834816585
14.885 0.0001645059018
14.89 0.004606776129
14.895 0.007962740341
14.9 0.009798319800
14.905000000000001 0.009409516765
14.91 0.006120327963
14.915000000000001 0.001172203523
14.92 -0.003493719930
14.925 -0.007181554036
14.93 -0.009484246592
14.935 -0.009786853152
14.94 -0.007279631841
14.945 -0.002537822028
14.950000000000001 0.002308478443
14.955 0.006300317682
14.96 0.009025619283
14.965 0.009951080023
14.97 0.008256896458
14.975 0.003906704734
14.98 -0.001059295258
14.985 -0.005327683489
14.99 -0.008437587899
14.995000000000001 -0.009921528083
