x y
1.5 0.0
1.500000000 -0.005000000000
1.499983306 -0.009999972130
1.499949861 -0.01499986028
1.499899611 -0.01999960776
1.499832500 -0.02499915735
1.499748472 -0.02999845123
1.499647470 -0.03499743099
1.499529440 -0.03999603769
1.499394325 -0.04499421174
1.499242069 -0.04999189301
1.499072615 -0.05498902074
1.498885909 -0.05998553359
1.498681893 -0.06498136960
1.498460511 -0.06997646620
1.498221707 -0.07497076021
1.497965424 -0.07996418782
1.497691607 -0.08495668460
1.497400199 -0.08994818549
1.497091143 -0.09493862479
1.496764383 -0.09992793616
1.496419863 -0.1049160526
1.496057525 -0.1099029065
1.495677315 -0.1148884296
1.495279175 -0.1198725528
1.494863049 -0.1248552066
1.494428881 -0.1298363208
1.493976614 -0.1348158242
1.493506192 -0.1397936454
1.493017559 -0.1447697119
1.492510659 -0.1497439507
1.491985435 -0.1547162882
1.491441832 -0.1596866499
1.490879793 -0.1646549607
1.490299263 -0.1696211449
1.489700186 -0.1745851258
1.489082506 -0.1795468263
1.488446168 -0.1845061683
1.487791115 -0.1894630732
1.487117294 -0.1944174616
1.486424648 -0.1993692533
1.485713122 -0.2043183675
1.484982662 -0.2092647225
1.484233212 -0.2142082360
1.483464719 -0.2191488248
1.482677127 -0.2240864051
1.481870382 -0.2290208922
1.481044431 -0.2339522008
1.480199219 -0.2388802447
1.479334693 -0.2438049370
1.478450799 -0.2487261901
1.477547485 -0.2536439155
1.476624696 -0.2585580239
1.475682382 -0.2634684254
1.474720488 -0.2683750292
1.473738963 -0.2732777437
1.472737756 -0.2781764766
1.471716814 -0.2830711346
1.470676086 -0.2879616240
1.469615522 -0.2928478499
1.468535071 -0.2977297168
1.467434682 -0.3026071285
1.466314306 -0.3074799877
1.465173893 -0.3123481966
1.464013394 -0.3172116565
1.462832760 -0.3220702679
1.461631943 -0.3269239303
1.460410895 -0.3317725427
1.459169569 -0.3366160032
1.457907918 -0.3414542090
1.456625894 -0.3462870566
1.455323453 -0.3511144416
1.454000547 -0.3559362588
1.452657133 -0.3607524023
1.451293165 -0.3655627653
1.449908600 -0.3703672402
1.448503394 -0.3751657187
1.447077504 -0.3799580916
1.445630888 -0.3847442488
1.444163503 -0.3895240797
1.442675310 -0.3942974725
1.441166266 -0.3990643150
1.439636332 -0.4038244940
1.438085470 -0.4085778954
1.436513640 -0.4133244046
1.434920804 -0.4180639060
1.433306925 -0.4227962833
1.431671966 -0.4275214194
1.430015893 -0.4322391965
1.428338669 -0.4369494958
1.426640260 -0.4416521980
1.424920633 -0.4463471829
1.423179755 -0.4510343296
1.421417595 -0.4557135165
1.419634120 -0.4603846211
1.417829301 -0.4650475203
1.416003109 -0.4697020902
1.414155514 -0.4743482061
1.412286489 -0.4789857429
1.410396008 -0.4836145743
1.408484044 -0.4882345738
1.406550574 -0.4928456139
1.404595572 -0.4974475664
1.402619016 -0.5020403026
1.400620883 -0.5066236931
1.398601154 -0.5111976076
1.396559808 -0.5157619155
1.394496826 -0.5203164853
1.392412191 -0.5248611851
1.390305886 -0.5293958821
1.388177894 -0.5339204432
1.386028203 -0.5384347344
1.383856797 -0.5429386214
1.381663666 -0.5474319692
1.379448797 -0.5519146422
1.377212181 -0.5563865043
1.374953810 -0.5608474190
1.372673676 -0.5652972490
1.370371772 -0.5697358568
1.368048094 -0.5741631042
1.365702638 -0.5785788527
1.363335401 -0.5829829631
1.360946382 -0.5873752961
1.358535581 -0.5917557117
1.356103001 -0.5961240696
1.353648642 -0.6004802291
1.351172511 -0.6048240492
1.348674611 -0.6091553884
1.346154951 -0.6134741049
1.343613538 -0.6177800567
1.341050383 -0.6220731014
1.338465495 -0.6263530964
1.335858889 -0.6306198988
1.333230577 -0.6348733654
1.330580576 -0.6391133528
1.327908902 -0.6433397175
1.325215574 -0.6475523158
1.322500612 -0.6517510038
1.319764037 -0.6559356374
1.317005873 -0.6601060725
1.314226143 -0.6642621649
1.311424875 -0.6684037704
1.308602095 -0.6725307445
1.305757834 -0.6766429430
1.302892121 -0.6807402215
1.300004990 -0.6848224357
1.297096474 -0.6888894414
1.294166609 -0.6929410944
1.291215433 -0.6969772505
1.288242983 -0.7009977659
1.285249301 -0.7050024968
1.282234429 -0.7089912996
1.279198411 -0.7129640308
1.276141292 -0.7169205473
1.273063119 -0.7208607061
1.269963941 -0.7247843647
1.266843809 -0.7286913806
1.263702774 -0.7325816120
1.260540891 -0.7364549171
1.257358214 -0.7403111548
1.254154801 -0.7441501841
1.250930711 -0.7479718648
1.247686004 -0.7517760570
1.244420743 -0.7555626211
1.241134991 -0.7593314184
1.237828813 -0.7630823105
1.234502278 -0.7668151596
1.231155454 -0.7705298287
1.227788411 -0.7742261811
1.224401221 -0.7779040811
1.220993960 -0.7815633935
1.217566701 -0.7852039839
1.214119523 -0.7888257185
1.210652503 -0.7924284645
1.207165724 -0.7960120897
1.203659266 -0.7995764627
1.200133215 -0.8031214533
1.196587654 -0.8066469317
1.193022671 -0.8101527694
1.189438355 -0.8136388385
1.185834796 -0.8171050123
1.182212085 -0.8205511651
1.178570317 -0.8239771720
1.174909585 -0.8273829092
1.171229988 -0.8307682542
1.167531621 -0.8341330851
1.163814586 -0.8374772817
1.160078984 -0.8408007244
1.156324916 -0.8441032952
1.152552486 -0.8473848768
1.148761802 -0.8506453536
1.144952968 -0.8538846109
1.141126095 -0.8571025353
1.137281290 -0.8602990147
1.133418667 -0.8634739385
1.129538337 -0.8666271970
1.125640414 -0.8697586821
1.121725014 -0.8728682870
1.117792254 -0.8759559064
1.113842250 -0.8790214361
1.109875123 -0.8820647736
1.105890993 -0.8850858176
1.101889981 -0.8880844684
1.097872211 -0.8910606278
1.093837807 -0.8940141989
1.089786894 -0.8969450864
1.085719598 -0.8998531966
1.081636047 -0.9027384372
1.077536370 -0.9056007175
1.073420697 -0.9084399483
1.069289158 -0.9112560421
1.065141885 -0.9140489127
1.060979011 -0.9168184759
1.056800670 -0.9195646488
1.052606996 -0.9222873502
1.048398126 -0.9249865006
1.044174196 -0.9276620221
1.039935344 -0.9303138383
1.035681707 -0.9329418746
1.031413425 -0.9355460582
1.027130639 -0.9381263176
1.022833488 -0.9406825833
1.018522114 -0.9432147874
1.014196660 -0.9457228636
1.009857268 -0.9482067474
1.005504082 -0.9506663758
1.001137246 -0.9531016879
0.9967569054 -0.9555126240
0.9923632047 -0.9578991265
0.9879562902 -0.9602611393
0.9835363084 -0.9625986082
0.9791034061 -0.9649114803
0.9746577309 -0.9671997050
0.9701994306 -0.9694632328
0.9657286535 -0.9717020164
0.9612455482 -0.9739160100
0.9567502639 -0.9761051694
0.9522429499 -0.9782694522
0.9477237558 -0.9804088177
0.9431928316 -0.9825232269
0.9386503277 -0.9846126425
0.9340963943 -0.9866770288
0.9295311822 -0.9887163519
0.9249548422 -0.9907305794
0.9203675253 -0.9927196806
0.9157693826 -0.9946836266
0.9111605654 -0.9966223900
0.9065412248 -0.9985359450
0.9019115124 -1.000424268
0.8972715793 -1.002287335
0.8926215771 -1.004125127
0.8879616571 -1.005937624
0.8832919706 -1.007724809
0.8786126687 -1.009486664
0.8739239028 -1.011223176
0.8692258239 -1.012934332
0.8645185827 -1.014620120
0.8598023302 -1.016280530
0.8550772168 -1.017915554
0.8503433930 -1.019525185
0.8456010089 -1.021109418
0.8408502144 -1.022668248
0.8360911591 -1.024201673
0.8313239924 -1.025709692
0.8265488635 -1.027192306
0.8217659209 -1.028649516
0.8169753133 -1.030081325
0.8121771885 -1.031487739
0.8073716943 -1.032868762
0.8025589779 -1.034224403
0.7977391863 -1.035554669
0.7929124658 -1.036859571
0.7880789626 -1.038139121
0.7832388221 -1.039393329
0.7783921894 -1.040622212
0.7735392091 -1.041825782
0.7686800254 -1.043004058
0.7638147816 -1.044157055
0.7589436210 -1.045284794
0.7540666860 -1.046387293
0.7491841184 -1.047464574
0.7442960598 -1.048516659
0.7394026509 -1.049543571
0.7345040318 -1.050545335
0.7296003421 -1.051521976
0.7246917208 -1.052473521
0.7197783063 -1.053399997
0.7148602363 -1.054301433
0.7099376477 -1.055177859
0.7050106770 -1.056029305
0.7000794600 -1.056855802
0.6951441316 -1.057657384
0.6902048263 -1.058434085
0.6852616778 -1.059185937
0.6803148190 -1.059912978
0.6753643822 -1.060615243
0.6704104990 -1.061292768
0.6654533003 -1.061945593
0.6604929161 -1.062573756
0.6555294759 -1.063177297
0.6505631083 -1.063756256
0.6455939413 -1.064310674
0.6406221020 -1.064840593
0.6356477169 -1.065346056
0.6306709116 -1.065827106
0.6256918111 -1.066283788
0.6207105395 -1.066716146
0.6157272203 -1.067124225
0.6107419759 -1.067508073
0.6057549284 -1.067867735
0.6007661988 -1.068203260
0.5957759074 -1.068514695
0.5907841737 -1.068802088
0.5857911166 -1.069065490
0.5807968539 -1.069304949
0.5758015030 -1.069520517
0.5708051803 -1.069712243
0.5658080014 -1.069880180
0.5608100811 -1.070024378
0.5558115337 -1.070144892
0.5508124723 -1.070241772
0.5458130097 -1.070315073
0.5408132574 -1.070364847
0.5358133266 -1.070391150
0.5308133274 -1.070394036
0.5258133694 -1.070373559
0.5208135611 -1.070329775
0.5158140105 -1.070262740
0.5108148247 -1.070172508
0.5058161102 -1.070059138
0.5008179724 -1.069922685
0.4958205164 -1.069763206
0.4908238463 -1.069580759
0.4858280652 -1.069375401
0.4808332760 -1.069147189
0.4758395804 -1.068896183
0.4708470795 -1.068622440
0.4658558738 -1.068326018
0.4608660629 -1.068006977
0.4558777457 -1.067665376
0.4508910204 -1.067301273
0.4459059845 -1.066914729
0.4409227347 -1.066505801
0.4359413671 -1.066074552
0.4309619769 -1.065621039
0.4259846589 -1.065145323
0.4210095069 -1.064647465
0.4160366143 -1.064127524
0.4110660734 -1.063585561
0.4060979763 -1.063021636
0.4011324141 -1.062435811
0.3961694772 -1.061828145
0.3912092556 -1.061198699
0.3862518385 -1.060547535
0.3812973143 -1.059874712
0.3763457709 -1.059180293
0.3713972956 -1.058464337
0.3664519750 -1.057726907
0.3615098950 -1.056968062
0.3565711410 -1.056187864
0.3516357976 -1.055386374
0.3467039491 -1.054563654
0.3417756787 -1.053719763
0.3368510696 -1.052854763
0.3319302039 -1.051968715
0.3270131633 -1.051061680
0.3221000290 -1.050133720
0.3171908815 -1.049184894
0.3122858007 -1.048215263
0.3073848661 -1.047224890
0.3024881566 -1.046213833
0.2975957503 -1.045182154
0.2927077251 -1.044129914
0.2878241582 -1.043057173
0.2829451262 -1.041963991
0.2780707054 -1.040850428
0.2732009712 -1.039716546
0.2683359989 -1.038562403
0.2634758631 -1.037388061
0.2586206379 -1.036193579
0.2537703969 -1.034979016
0.2489252132 -1.033744433
0.2440851596 -1.032489889
0.2392503081 -1.031215444
0.2344207306 -1.029921156
0.2295964982 -1.028607085
0.2247776819 -1.027273290
0.2199643519 -1.025919830
0.2151565782 -1.024546763
0.2103544303 -1.023154148
0.2055579773 -1.021742044
0.2007672878 -1.020310509
0.1959824300 -1.018859600
0.1912034718 -1.017389376
0.1864304807 -1.015899894
0.1816635236 -1.014391213
0.1769026672 -1.012863389
0.1721479779 -1.011316479
0.1673995215 -1.009750541
0.1626573636 -1.008165631
0.1579215694 -1.006561807
0.1531922036 -1.004939124
0.1484693309 -1.003297639
0.1437530153 -1.001637408
0.1390433207 -0.9999584866
0.1343403105 -0.9982609308
0.1296440480 -0.9965447960
0.1249545961 -0.9948101375
0.1202720172 -0.9930570103
0.1155963737 -0.9912854693
0.1109277274 -0.9894955691
0.1062661402 -0.9876873643
0.1016116734 -0.9858609090
0.09696438821 -0.9840162573
0.09232434538 -0.9821534630
0.08769160559 -0.9802725797
0.08306622918 -0.9783736608
0.07844827626 -0.9764567595
0.07383780671 -0.9745219286
0.06923488016 -0.9725692209
0.06463955602 -0.9705986890
0.06005189348 -0.9686103851
0.05547195150 -0.9666043613
0.05089978887 -0.9645806694
0.04633546412 -0.9625393611
0.04177903564 -0.9604804877
0.03723056161 -0.9584041005
0.03269010001 -0.9563102504
0.02815770866 -0.9541989880
0.02363344522 -0.9520703640
0.01911736717 -0.9499244285
0.01460953182 -0.9477612317
0.01010999637 -0.9455808233
0.005618817827 -0.9433832530
0.001136053090 -0.9411685701
-0.003338241086 -0.9389368238
-0.007804008072 -0.9366880630
-0.01226119136 -0.9344223363
-0.01670973455 -0.9321396924
-0.02114958137 -0.9298401793
-0.02558067562 -0.9275238452
-0.03000296123 -0.9251907378
-0.03441638218 -0.9228409048
-0.03882088258 -0.9204743934
-0.04321640658 -0.9180912507
-0.04760289841 -0.9156915238
-0.05198030239 -0.9132752592
-0.05634856287 -0.9108425035
-0.06070762426 -0.9083933029
-0.06505743103 -0.9059277033
-0.06939792768 -0.9034457507
-0.07372905875 -0.9009474906
-0.07805076880 -0.8984329683
-0.08236300242 -0.8959022291
-0.08666570423 -0.8933553178
-0.09095881884 -0.8907922791
-0.09524229087 -0.8882131577
-0.09951606494 -0.8856179978
-0.1037800857 -0.8830068434
-0.1080342977 -0.8803797384
-0.1122786455 -0.8777367266
-0.1165130737 -0.8750778514
-0.1207375269 -0.8724031560
-0.1249519494 -0.8697126834
-0.1291562859 -0.8670064766
-0.1333504805 -0.8642845782
-0.1375344778 -0.8615470305
-0.1417082219 -0.8587938760
-0.1458716571 -0.8560251565
-0.1500247275 -0.8532409140
-0.1541673771 -0.8504411901
-0.1582995500 -0.8476260263
-0.1624211900 -0.8447954638
-0.1665322408 -0.8419495438
-0.1706326462 -0.8390883071
-0.1747223498 -0.8362117944
-0.1788012949 -0.8333200463
-0.1828694248 -0.8304131032
-0.1869266828 -0.8274910051
-0.1909730120 -0.8245537920
-0.1950083552 -0.8216015039
-0.1990326551 -0.8186341802
-0.2030458545 -0.8156518605
-0.2070478958 -0.8126545841
-0.2110387212 -0.8096423901
-0.2150182728 -0.8066153175
-0.2189864926 -0.8035734050
-0.2229433223 -0.8005166913
-0.2268887035 -0.7974452149
-0.2308225775 -0.7943590141
-0.2347448854 -0.7912581270
-0.2386555683 -0.7881425918
-0.2425545667 -0.7850124462
-0.2464418212 -0.7818677280
-0.2503172720 -0.7787084748
-0.2541808592 -0.7755347240
-0.2580325225 -0.7723465129
-0.2618722014 -0.7691438788
-0.2656998352 -0.7659268585
-0.2695153629 -0.7626954890
-0.2733187232 -0.7594498072
-0.2771098545 -0.7561898496
-0.2808886950 -0.7529156529
-0.2846551826 -0.7496272533
-0.2884092547 -0.7463246873
-0.2921508487 -0.7430079910
-0.2958799015 -0.7396772005
-0.2995963497 -0.7363323518
-0.3033001296 -0.7329734808
-0.3069911771 -0.7296006232
-0.3106694278 -0.7262138148
-0.3143348171 -0.7228130911
-0.3179872797 -0.7193984876
-0.3216267503 -0.7159700399
-0.3252531629 -0.7125277831
-0.3288664514 -0.7090717527
-0.3324665491 -0.7056019837
-0.3360533890 -0.7021185114
-0.3396269037 -0.6986213708
-0.3431870254 -0.6951105969
-0.3467336859 -0.6915862247
-0.3502668164 -0.6880482890
-0.3537863479 -0.6844968248
-0.3572922107 -0.6809318668
-0.3607843350 -0.6773534498
-0.3642626502 -0.6737616086
-0.3677270854 -0.6701563778
-0.3711775692 -0.6665377922
-0.3746140297 -0.6629058865
-0.3780363945 -0.6592606952
-0.3814445907 -0.6556022531
-0.3848385449 -0.6519305948
-0.3882181831 -0.6482457549
-0.3915834310 -0.6445477681
-0.3949342136 -0.6408366690
-0.3982704552 -0.6371124923
-0.4015920799 -0.6333752728
-0.4048990109 -0.6296250452
-0.4081911710 -0.6258618442
-0.4114684824 -0.6220857046
-0.4147308667 -0.6182966614
-0.4179782449 -0.6144947494
-0.4212105373 -0.6106800035
-0.4244276637 -0.6068524590
-0.4276295433 -0.6030121507
-0.4308160944 -0.5991591140
-0.4339872350 -0.5952933841
-0.4371428822 -0.5914149965
-0.4402829524 -0.5875239865
-0.4434073615 -0.5836203897
-0.4465160246 -0.5797042419
-0.4496088562 -0.5757755789
-0.4526857698 -0.5718344366
-0.4557466785 -0.5678808512
-0.4587914945 -0.5639148588
-0.4618201293 -0.5599364959
-0.4648324936 -0.5559457990
-0.4678284973 -0.5519428049
-0.4708080497 -0.5479275506
-0.4737710591 -0.5439000730
-0.4767174330 -0.5398604096
-0.4796470783 -0.5358085979
-0.4825599009 -0.5317446756
-0.4854558058 -0.5276686806
-0.4883346973 -0.5235806513
-0.4911964788 -0.5194806261
-0.4940410527 -0.5153686437
-0.4968683206 -0.5112447431
-0.4996781833 -0.5071089636
-0.5024705405 -0.5029613449
-0.5052452910 -0.4988019267
-0.5080023329 -0.4946307494
-0.5107415629 -0.4904478534
-0.5134628772 -0.4862532797
-0.5161661707 -0.4820470695
-0.5188513374 -0.4778292644
-0.5215182703 -0.4735999064
-0.5241668614 -0.4693590380
-0.5267970016 -0.4651067019
-0.5294085808 -0.4608429413
-0.5320014879 -0.4565678000
-0.5345756105 -0.4522813221
-0.5371308352 -0.4479835522
-0.5396670477 -0.4436745353
-0.5421841323 -0.4393543172
-0.5446819723 -0.4350229438
-0.5471604498 -0.4306804618
-0.5496194457 -0.4263269185
-0.5520588397 -0.4219623617
-0.5544785105 -0.4175868396
-0.5568783353 -0.4132004013
-0.5592581902 -0.4088030964
-0.5616179501 -0.4043949751
-0.5639574886 -0.3999760884
-0.5662766779 -0.3955464878
-0.5685753890 -0.3911062258
-0.5708534917 -0.3866553553
-0.5731108542 -0.3821939301
-0.5753473436 -0.3777220049
-0.5775628254 -0.3732396350
-0.5797571641 -0.3687468766
-0.5819302223 -0.3642437868
-0.5840818616 -0.3597304235
-0.5862119419 -0.3552068455
-0.5883203218 -0.3506731126
-0.5904068584 -0.3461292854
-0.5924714073 -0.3415754257
-0.5945138224 -0.3370115962
-0.5965339566 -0.3324378605
-0.5985316606 -0.3278542834
-0.6005067841 -0.3232609309
-0.6024591749 -0.3186578700
-0.6043886794 -0.3140451688
-0.6062951422 -0.3094228966
-0.6081784063 -0.3047911242
-0.6100383133 -0.3001499233
-0.6118747029 -0.2954993670
-0.6136874132 -0.2908395300
-0.6154762805 -0.2861704879
-0.6172411395 -0.2814923181
-0.6189818231 -0.2768050992
-0.6206981626 -0.2721089116
-0.6223899873 -0.2674038367
-0.6240571249 -0.2626899581
-0.6256994012 -0.2579673604
-0.6273166402 -0.2532361303
-0.6289086642 -0.2484963561
-0.6304752933 -0.2437481277
-0.6320163461 -0.2389915369
-0.6335316392 -0.2342266773
-0.6350209873 -0.2294536445
-0.6364842030 -0.2246725358
-0.6379210973 -0.2198834509
-0.6393314790 -0.2150864911
-0.6407151552 -0.2102817600
-0.6420719307 -0.2054693635
-0.6434016086 -0.2006494095
-0.6447039898 -0.1958220082
-0.6459788735 -0.1909872723
-0.6472260565 -0.1861453166
-0.6484453338 -0.1812962587
-0.6496364983 -0.1764402184
-0.6507993410 -0.1715773184
-0.6519336506 -0.1667076837
-0.6530392140 -0.1618314424
-0.6541158157 -0.1569487250
-0.6551632386 -0.1520596653
-0.6561812631 -0.1471643996
-0.6571696677 -0.1422630675
-0.6581282290 -0.1373558116
-0.6590567211 -0.1324427777
-0.6599549164 -0.1275241147
-0.6608225850 -0.1225999751
-0.6616594952 -0.1176705145
-0.6624654130 -0.1127358923
-0.6632401024 -0.1077962712
-0.6639833254 -0.1028518178
-0.6646948420 -0.09790270234
-0.6653744101 -0.09294909888
-0.6660217856 -0.08799118551
-0.6666367225 -0.08302914434
-0.6672189728 -0.07806316159
-0.6677682865 -0.07309342776
-0.6682844118 -0.06812013764
-0.6687670951 -0.06314349048
-0.6692160805 -0.05816369008
-0.6696311109 -0.05318094487
-0.6700119270 -0.04819546805
-0.6703582678 -0.04320747767
-0.6706698709 -0.03821719676
-0.6709464718 -0.03322485344
-0.6711878048 -0.02823068099
-0.6713936025 -0.02323491806
-0.6715635959 -0.01823780867
-0.6716975149 -0.01323960242
-0.6717950879 -0.008240554560
-0.6718560418 -0.003240926112
-0.6718801027 0.001759015995
-0.6718669953 0.006758998815
-0.6718164435 0.01175874326
-0.6717281701 0.01675796398
-0.6716018971 0.02175636924
-0.6714373458 0.02675366079
-0.6712342370 0.03174953377
-0.6709922908 0.03674367654
-0.6707112272 0.04173577062
-0.6703907656 0.04672549049
-0.6700306257 0.05171250354
-0.6696305269 0.05669646993
-0.6691901890 0.06167704245
-0.6687093322 0.06665386640
-0.6681876769 0.07162657952
-0.6676249447 0.07659481184
-0.6670208575 0.08155818557
-0.6663751388 0.08651631498
-0.6656875130 0.09146880635
-0.6649577062 0.09641525781
-0.6641854460 0.1013552593
-0.6633704621 0.1062883923
-0.6625124863 0.1112142300
-0.6616112528 0.1161323372
-0.6606664982 0.1210422698
-0.6596779624 0.1259435755
-0.6586453883 0.1308357928
-0.6575685222 0.1357184519
-0.6564471143 0.1405910738
-0.6552809186 0.1454531708
-0.6540696937 0.1503042464
-0.6528132027 0.1551437950
-0.6515112138 0.1599713021
-0.6501635006 0.1647862444
-0.6487698421 0.1695880894
-0.6473300235 0.1743762960
-0.6458438365 0.1791503141
-0.6443110794 0.1839095846
-0.6427315575 0.1886535397
-0.6411050839 0.1933816031
-0.6394314795 0.1980931897
-0.6377105733 0.2027877059
-0.6359422033 0.2074645496
-0.6341262163 0.2121231107
-0.6322624690 0.2167627708
-0.6303508275 0.2213829036
-0.6283911688 0.2259828751
-0.6263833802 0.2305620437
-0.6243273605 0.2351197605
-0.6222230200 0.2396553698
-0.6200702809 0.2441682086
-0.6178690781 0.2486576079
-0.6156193591 0.2531228923
-0.6133210848 0.2575633805
-0.6109742299 0.2619783858
-0.6085787828 0.2663672163
-0.6061347468 0.2707291755
-0.6036421398 0.2750635624
-0.6011009949 0.2793696724
-0.5985113610 0.2836467971
-0.5958733027 0.2878942256
-0.5931869009 0.2921112441
-0.5904522533 0.2962971374
-0.5876694742 0.3004511885
-0.5848386952 0.3045726798
-0.5819600653 0.3086608933
-0.5790337511 0.3127151115
-0.5760599372 0.3167346178
-0.5730388261 0.3207186971
-0.5699706387 0.3246666365
-0.5668556140 0.3285777261
-0.5636940099 0.3324512592
-0.5604861024 0.3362865336
-0.5572321864 0.3400828516
-0.5539325753 0.3438395213
-0.5505876012 0.3475558566
-0.5471976148 0.3512311786
-0.5437629851 0.3548648158
-0.5402840997 0.3584561047
-0.5367613643 0.3620043910
-0.5331952029 0.3655090298
-0.5295860572 0.3689693863
-0.5259343864 0.3723848365
-0.5222406672 0.3757547681
-0.5185053934 0.3790785806
-0.5147290754 0.3823556864
-0.5109122400 0.3855855110
-0.5070554297 0.3887674939
-0.5031592029 0.3919010887
-0.4992241327 0.3949857641
-0.4952508068 0.3980210040
-0.4912398272 0.4010063084
-0.4871918090 0.4039411932
-0.4831073806 0.4068251913
-0.4789871826 0.4096578524
-0.4748318675 0.4124387436
-0.4706420988 0.4151674500
-0.4664185507 0.4178435743
-0.4621619072 0.4204667376
-0.4578728615 0.4230365794
-0.4535521155 0.4255527579
-0.4492003790 0.4280149498
-0.4448183689 0.4304228510
-0.4404068089 0.4327761759
-0.4359664283 0.4350746581
-0.4314979620 0.4373180503
-0.4270021490 0.4395061238
-0.4224797325 0.4416386691
-0.4179314588 0.4437154951
-0.4133580768 0.4457364297
-0.4087603372 0.4477013191
-0.4041389920 0.4496100279
-0.3994947941 0.4514624387
-0.3948284963 0.4532584521
-0.3901408507 0.4549979863
-0.3854326086 0.4566809767
-0.3807045196 0.4583073758
-0.3759573309 0.4598771528
-0.3711917873 0.4613902933
-0.3664086303 0.4628467988
-0.3616085975 0.4642466865
-0.3567924228 0.4655899887
-0.3519608352 0.4668767527
-0.3471145590 0.4681070401
-0.3422543130 0.4692809264
-0.3373808105 0.4703985008
-0.3324947584 0.4714598657
-0.3275968576 0.4724651358
-0.3226878022 0.4734144383
-0.3177682795 0.4743079122
-0.3128389693 0.4751457077
-0.3079005443 0.4759279857
-0.3029536696 0.4766549179
-0.2979990023 0.4773266856
-0.2930371916 0.4779434797
-0.2880688788 0.4785055003
-0.2830946965 0.4790129560
-0.2781152695 0.4794660634
-0.2731312137 0.4798650473
-0.2681431368 0.4802101394
-0.2631516377 0.4805015784
-0.2581573068 0.4807396097
-0.2531607258 0.4809244846
-0.2481624679 0.4810564602
-0.2431630974 0.4811357989
-0.2381631701 0.4811627680
-0.2331632333 0.4811376395
-0.2281638254 0.4810606894
-0.2231654767 0.4809321980
-0.2181687087 0.4807524488
-0.2131740348 0.4805217286
-0.2081819597 0.4802403272
-0.2031929803 0.4799085370
-0.1982075852 0.4795266527
-0.1932262550 0.4790949710
-0.1882494623 0.4786137905
-0.1832776721 0.4780834112
-0.1783113416 0.4775041344
-0.1733509206 0.4768762625
-0.1683968513 0.4762000985
-0.1634495689 0.4754759462
-0.1585095013 0.4747041096
-0.1535770694 0.4738848929
-0.1486526875 0.4730186003
-0.1437367630 0.4721055359
-0.1388296970 0.4711460031
-0.1339318841 0.4701403051
-0.1290437127 0.4690887441
-0.1241655653 0.4679916217
-0.1192978183 0.4668492384
-0.1144408427 0.4656618934
-0.1095950038 0.4644298850
-0.1047606614 0.4631535098
-0.09993817025 0.4618330632
-0.09512788005 0.4604688388
-0.09033013556 0.4590611287
-0.08554527686 0.4576102230
-0.08077363946 0.4561164103
-0.07601555450 0.4545799769
-0.07127134890 0.4530012074
-0.06654134552 0.4513803841
-0.06182586335 0.4497177874
-0.05712521763 0.4480136953
-0.05243972004 0.4462683837
-0.04776967888 0.4444821263
-0.04311539919 0.4426551943
-0.03847718293 0.4407878567
-0.03385532915 0.4388803799
-0.02925013413 0.4369330282
-0.02466189156 0.4349460631
-0.02009089265 0.4329197440
-0.01553742637 0.4308543277
-0.01100177951 0.4287500683
-0.006484236892 0.4266072177
-0.001985081524 0.4244260251
0.002495405277 0.4222067374
0.006956943709 0.4199495987
0.01139925534 0.4176548510
0.01582206297 0.4153227333
0.02022509046 0.4129534826
0.02460806259 0.4105473331
0.02897070491 0.4081045167
0.03331274360 0.4056252628
0.03763390531 0.4031097984
0.04193391703 0.4005583479
0.04621250591 0.3979711338
0.05046939914 0.3953483757
0.05470432378 0.3926902912
0.05891700665 0.3899970955
0.06310717415 0.3872690016
0.06727455209 0.3845062202
0.07141886562 0.3817089598
0.07553983899 0.3788774269
0.07963719546 0.3760118258
0.08371065715 0.3731123586
0.08775994483 0.3701792256
0.09178477786 0.3672126250
0.09578487395 0.3642127531
0.09975994907 0.3611798044
0.1037097173 0.3581139716
0.1076338905 0.3550154454
0.1115321784 0.3518844150
0.1154042885 0.3487210682
0.1192499255 0.3455255907
0.1230687915 0.3422981671
0.1268605856 0.3390389805
0.1306250040 0.3357482125
0.1343617397 0.3324260436
0.1380704822 0.3290726529
0.1417509175 0.3256882186
0.1454027279 0.3222729176
0.1490255918 0.3188269261
0.1526191833 0.3153504193
0.1561831726 0.3118435716
0.1597172251 0.3083065569
0.1632210016 0.3047395484
0.1666941583 0.3011427188
0.1701363461 0.2975162407
0.1735472106 0.2938602863
0.1769263922 0.2901750275
0.1802735255 0.2864606368
0.1835882391 0.2827172862
0.1868701557 0.2789451484
0.1901188915 0.2751443964
0.1933340563 0.2713152039
0.1965152530 0.2674577452
0.1996620776 0.2635721957
0.2027741186 0.2596587316
0.2058509571 0.2557175307
0.2088921666 0.2517487721
0.2118973122 0.2477526365
0.2148659509 0.2437293065
0.2177976312 0.2396789669
0.2206918924 0.2356018047
0.2235482651 0.2314980095
0.2263662700 0.2273677736
0.2291454184 0.2232112926
0.2318852112 0.2190287653
0.2345851393 0.2148203940
0.2372446826 0.2105863854
0.2398633102 0.2063269500
0.2424404795 0.2020423032
0.2449756365 0.1977326653
0.2474682151 0.1933982619
0.2499176366 0.1890393246
0.2523233096 0.1846560910
0.2546846297 0.1802488053
0.2570009786 0.1758177188
0.2592717245 0.1713630905
0.2614962209 0.1668851874
0.2636738068 0.1623842853
0.2658038059 0.1578606691
0.2678855267 0.1533146336
0.2699182613 0.1487464841
0.2719012858 0.1441565371
0.2738338593 0.1395451209
0.2757152240 0.1349125765
0.2775446040 0.1302592585
0.2793212059 0.1255855356
0.2810442175 0.1208917917
0.2827128078 0.1161784271
0.2843261267 0.1114458588
0.2858833042 0.1066945224
0.2873834507 0.1019248725
0.2888256557 0.09713738411
0.2902089883 0.09233255416
0.2915324966 0.08751090237
0.2927952070 0.08267297281
0.2939961246 0.07781933532
0.2951342326 0.07295058701
0.2962084923 0.06806735384
0.2972178425 0.06317029227
0.2981612003 0.05826009103
0.2990374601 0.05333747296
0.2998454945 0.04840319689
0.3005841540 0.04345805966
0.3012522672 0.03850289824
0.3018486415 0.03353859187
0.3023720633 0.02856606438
0.3028212986 0.02358628651
0.3031950940 0.01860027839
0.3034921772 0.01360911203
0.3037112585 0.008613914001
0.3038510318 0.003615868042
0.3039101764 -0.001383782137
0.3038873584 -0.006383730071
0.3037812329 -0.01138260368
0.3035904463 -0.01637896240
0.3033136387 -0.02137129428
0.3029494472 -0.02635801309
0.3024965086 -0.03133745550
0.3019534636 -0.03630787823
0.3013189604 -0.04126745539
0.3005916592 -0.04621427588
0.2997702375 -0.05114634100
0.2988533948 -0.05606156220
0.2978398588 -0.06095775919
0.2967283918 -0.06583265826
0.2955177968 -0.07068389108
0.2942069256 -0.07550899383
0.2927946858 -0.08030540694
0.2912800493 -0.08507047530
0.2896620610 -0.08980144918
0.2879398474 -0.09449548586
0.2861126263 -0.09914965206
0.2841797161 -0.1037609272
0.2821405459 -0.1083262075
0.2799946651 -0.1128423116
0.2777417535 -0.1173059860
0.2753816313 -0.1217139133
0.2729142681 -0.1260627199
0.2703397929 -0.1303489860
0.2676585017 -0.1345692559
0.2648708666 -0.1387200498
0.2619775419 -0.1427978767
0.2589793707 -0.1467992477
0.2558773897 -0.1507206905
0.2526728325 -0.1545587647
0.2493671320 -0.1583100770
0.2459619209 -0.1619712977
0.2424590300 -0.1655391760
0.2388604861 -0.1690105564
0.2351685071 -0.1723823943
0.2313854953 -0.1756517707
0.2275140299 -0.1788159065
0.2235568571 -0.1818721760
0.2195168791 -0.1848181186
0.2153971416 -0.1876514493
0.2112008202 -0.1903700680
0.2069312062 -0.1929720665
0.2025916908 -0.1954557344
0.1981857499 -0.1978195627
0.1937169278 -0.2000622461
0.1891888213 -0.2021826827
0.1846050638 -0.2041799728
0.1799693103 -0.2060534159
0.1752852219 -0.2078025059
0.1705564522 -0.2094269249
0.1657866341 -0.2109265367
0.1609793676 -0.2123013779
0.1561382085 -0.2135516494
0.1512666588 -0.2146777063
0.1463681579 -0.2156800479
0.1414460747 -0.2165593071
0.1365037015 -0.2173162399
0.1315442486 -0.2179517140
0.1265708403 -0.2184666988
0.1215865113 -0.2188622546
0.1165942049 -0.2191395221
0.1115967717 -0.2192997132
0.1065969687 -0.2193441008
0.1015974600 -0.2192740105
0.09660081733 -0.2190908117
0.09160952162 -0.2187959099
0.08662596497 -0.2183907393
0.08165245302 -0.2178767560
0.07669120763 -0.2172554315
0.07174436994 -0.2165282473
0.06681400367 -0.2156966894
0.06190209857 -0.2147622440
0.05701057407 -0.2137263926
0.05214128298 -0.2125906090
0.04729601539 -0.2113563554
0.04247650246 -0.2100250797
0.03768442035 -0.2085982128
0.03292139412 -0.2070771668
0.02818900165 -0.2054633324
0.02348877743 -0.2037580780
0.01882221648 -0.2019627483
0.01419077805 -0.2000786628
0.009595889431 -0.1981071156
0.005038949624 -0.1960493742
0.0005213329669 -0.1939066797
-0.003955607260 -0.1916802462
-0.008390535289 -0.1893712608
-0.01278212936 -0.1869808839
-0.01712907827 -0.1845102494
-0.02143007790 -0.1819604646
-0.02568382785 -0.1793326116
-0.02988902802 -0.1766277472
-0.03404437521 -0.1738469039
-0.03814855976 -0.1709910907
-0.04220026212 -0.1680612941
-0.04619814943 -0.1650584792
-0.05014087207 -0.1619835909
-0.05402706012 -0.1588375549
-0.05785531983 -0.1556212795
-0.06162422995 -0.1523356568
-0.06533233801 -0.1489815646
-0.06897815648 -0.1455598680
-0.07256015884 -0.1420714214
-0.07607677548 -0.1385170710
-0.07952638951 -0.1348976562
-0.08290733233 -0.1312140132
-0.08621787906 -0.1274669770
-0.08945624379 -0.1236573847
-0.09262057459 -0.1197860786
-0.09570894826 -0.1158539102
-0.09871936487 -0.1118617439
-0.1016497420 -0.1078104615
-0.1044979088 -0.1037009669
-0.1072615995 -0.09953419188
-0.1099384468 -0.09531110197
-0.1125259751 -0.09103270301
-0.1150215927 -0.08670004881
-0.1174225850 -0.08231424941
-0.1197261055 -0.07787648048
-0.1219291685 -0.07338799372
-0.1240286400 -0.06885012865
-0.1260212291 -0.06426432570
-0.1279034791 -0.05963214102
-0.1296717586 -0.05495526304
-0.1313222525 -0.05023553108
-0.1328509535 -0.04547495618
-0.1342536538 -0.04067574459
-0.1355259379 -0.03584032390
-0.1366631763 -0.03097137239
-0.1376605211 -0.02607185167
-0.1385129037 -0.02114504297
-0.1392150354 -0.01619458732
-0.1397614121 -0.01122452973
-0.1401463243 -0.006239367490
-0.1403638727 -0.001244102464
-0.1404079925 0.003755702877
-0.1402724869 0.008753866361
-0.1399510724 0.01374352494
-0.1394374382 0.01871707296
-0.1387253216 0.02366610216
-0.1378086017 0.02858134626
-0.1366814134 0.03345263423
-0.1353382830 0.03826885690
-0.1337742860 0.04301795296
-0.1319852254 0.04768692095
-0.1299678276 0.05226186424
-0.1277199506 0.05672807620
-0.1252407957 0.06107017138
-0.1225311102 0.06527226669
-0.1195933700 0.06931821308
-0.1164319222 0.07319187384
-0.1130530761 0.07687744017
-0.1094651264 0.08035976940
-0.1056782998 0.08362472644
-0.1017046224 0.08665950619
-0.09755771152 0.08945291448
-0.09325250383 0.09199558762
-0.08880493855 0.09428013640
-0.08423161682 0.09630120748
-0.07954946058 0.09805546316
-0.07477539198 0.09954148773
-0.06992604980 0.1007596340
-0.06501755422 0.1017118268
-0.06006532533 0.1024013404
-0.05508395562 0.1028325665
-0.05008713283 0.1030107854
-0.04508760666 0.1029419515
-0.04009719195 0.1026324989
-0.03512680014 0.1020891709
-0.03018649187 0.1013188760
-0.02528554390 0.1003285685
-0.02043252523 0.09912515262
-0.01563537812 0.09771540810
-0.01090150092 0.09610593408
-0.006237830520 0.09430310895
-0.001650923118 0.09231306360
0.002852967537 0.09014166568
0.007267814587 0.08779451303
0.01158774513 0.08527693482
0.01580696952 0.08259399882
0.01991971223 0.07975052429
0.02392014363 0.07675109958
0.02780231169 0.07360010431
0.03156007266 0.07030173615
0.03518701962 0.06686004242
0.03867640786 0.06327895743
0.04202107556 0.05956234634
0.04521335882 0.05571405743
0.04824499940 0.05173798456
0.05110704390 0.04763814295
0.05378973319 0.04341876169
0.05628238094 0.03908439817
0.05857324082 0.03464008033
0.06064936271 0.03009148517
0.06249644012 0.02544516351
0.06409865363 0.02070882400
0.06543851968 0.01589169219
0.06649676143 0.01100496277
0.06725222910 0.006062365414
0.06768191357 0.001080862503
0.06776111980 -0.003918510095
0.06746389566 -0.008909668058
0.06676384488 -0.01386041840
0.06563547777 -0.01873143345
0.06405624768 -0.02347548576
0.06200934466 -0.02803730426
0.05948712181 -0.03235452465
0.05649469615 -0.03636019422
0.05305287360 -0.03998701893
0.04919932426 -0.04317295012
0.04498717723 -0.04586698378
0.04048100146 -0.04803363557
0.03575113606 -0.04965486144
0.03086790622 -0.05072913619
0.02589707139 -0.05126839601
0.02089713712 -0.05129403265
0.01591843759 -0.05083300005
0.01100349750 -0.04991465158
0.006188119884 -0.04856849469
0.001502771875 -0.04682278164
-0.003025992191 -0.04470374978
-0.007374193409 -0.04223531988
-0.01151920972 -0.03943910104
-0.01543865819 -0.03633460049
-0.01910933401 -0.03293958369
-0.02250614922 -0.02927057205
-0.02560100763 -0.02534350554
-0.02836154976 -0.02117464393
-0.03074970656 -0.01678184219
-0.03272002587 -0.01218642688
-0.03421781429 -0.007416035930
-0.03517734449 -0.002508969414
-0.03552086839 0.002479215760
-0.03516021104 0.007466191424
-0.03400451898 0.01233079581
-0.03197960782 0.01690241859
-0.02906240839 0.02096320022
-0.02532065508 0.02427971679
-0.02092641668 0.02666522908
-0.01611761567 0.02803469354
-0.01113158819 0.02840823065
-0.006160578525 0.02787058498
-0.001344457291 0.02652709094
0.003216314218 0.02447785614
0.007444106202 0.02180844142
0.01127010330 0.01858947478
0.01462300242 0.01488028788
0.01741877424 0.01073497005
0.01954971338 0.006211796563
0.02087183537 0.001389764476
0.02119336967 -0.003599886383
0.02028083751 -0.008515909680
0.01793425484 -0.01293105971
0.01419354040 -0.01624874798
0.009509613149 -0.01799826948
0.004511623035 -0.01814002567
-0.0003376150970 -0.01692146523
-0.004773786471 -0.01461486957
-0.008627550411 -0.01142919798
-0.01174361857 -0.007518939775
-0.01392552433 -0.003020130236
-0.01488562021 0.001886825633
-0.01421507321 0.006841658297
-0.01153833198 0.01106481545
-0.007143949949 0.01345006315
-0.002146373400 0.01360571868
0.002584244382 0.01198668952
0.006650396387 0.009076980281
0.009800434170 0.005194035269
0.01173251856 0.0005824140870
0.01197442861 -0.004411730437
0.009916448054 -0.008968562234
0.005639756194 -0.01155891100
0.0006401213236 -0.01149848615
-0.003929130563 -0.009468230693
-0.007617998106 -0.006092989036
-0.01009838384 -0.001751596792
-0.01088646205 0.003185905891
-0.009265040841 0.007915704331
-0.005112080752 0.01070011136
-0.0001133168833 0.01058893677
0.004377878686 0.008391401250
0.007875244697 0.004818107114
0.009996454742 0.0002903628695
0.01013954996 -0.004707589087
0.007552484248 -0.008986267736
0.002819266117 -0.01059767896
-0.002049249635 -0.009458576518
-0.006113357369 -0.006546012643
-0.008973497331 -0.002444842151
-0.01013937988 0.002417329984
-0.008833010069 0.007243653420
-0.004774210223 0.01016360955
0.0002235015286 0.01001235729
0.004655364881 0.007697495044
0.008010721955 0.003990531474
0.009862927390 -0.0006537483440
0.009520952852 -0.005642039977
0.006300277045 -0.009466598428
0.001367398826 -0.01028312306
-0.003326438968 -0.008560367491
-0.007064047643 -0.005239180746
-0.009443313179 -0.0008415568976
-0.009868345121 0.004140345134
-0.007523644072 0.008556494700
-0.002848625599 0.01032968456
0.002030227259 0.009235703391
0.006088238023 0.006314650732
0.008908231243 0.002185772163
0.009975796329 -0.002698928932
0.008482808655 -0.007470824552
0.004262771328 -0.01015248168
-0.0007212554281 -0.009753135596
-0.005057751088 -0.007264198998
-0.008264572120 -0.003428016147
-0.009889072119 0.001300725732
-0.009191992742 0.006251895325
-0.005603523933 0.009733689634
-0.0006177826642 0.01011102768
0.003960646900 0.008101554438
0.007515901716 0.004585852062
0.009633513390 0.00005642375442
0.009662712519 -0.004943490986
0.006830184680 -0.009063780544
0.001983569597 -0.01029273223
-0.002795873041 -0.008824083844
-0.006668194005 -0.005660995108
-0.009227954095 -0.001365924878
-0.009910602529 0.003587255021
-0.007889460549 0.008160545423
-0.003358743438 0.01027539824
0.001567967078 0.009422448367
0.005728715968 0.006649693659
0.008688547860 0.002619880366
0.009955901050 -0.002216835037
0.008740661887 -0.007066906560
0.004715386589 -0.01003290703
-0.0002823637379 -0.009882934811
-0.004702839516 -0.007546400220
-0.008027646205 -0.003812011317
-0.009819010685 0.0008560732261
-0.009365097036 0.005835426839
-0.006009872923 0.009542510754
-0.001051468133 0.01018611151
0.003596066777 0.008342088940
0.007255462531 0.004934916693
0.009518437426 0.0004763356829
0.009762256353 -0.004517716012
0.007183199997 -0.008801227225
0.002415792687 -0.01030848551
-0.002416602867 -0.009024759215
-0.006382511726 -0.005979834434
-0.009071868657 -0.001764699881
-0.009944667309 0.003158533052
-0.008178510781 0.007836213152
-0.003785762876 0.01022446897
0.001172683014 0.009581184930
0.005417638228 0.006939148739
0.008494760662 0.002998169479
0.009931507062 -0.001790959855
0.008959406508 -0.006695551634
0.005127323743 -0.009907271061
0.0001280919399 -0.009994914533
-0.004366848907 -0.007805049974
-0.007798824284 -0.004168905724
-0.009742088664 0.0004380155418
-0.009512355788 0.005432735034
-0.006390301878 0.009338215720
-0.001473129438 0.01024453530
0.003236980065 0.008566778328
0.006994546522 0.005268188581
0.009394493865 0.0008818173297
0.009840990246 -0.004098206865
0.007513497290 -0.008523449970
0.002841924109 -0.01030569687
-0.002036920017 -0.009211676765
-0.006092429684 -0.006287152643
-0.008906020119 -0.002153908292
-0.009960545264 0.002733624493
-0.008444902122 0.007498372741
-0.004207257357 0.01015211855
0.0007745334500 0.009725784938
0.005100370525 0.007218369217
0.008290952714 0.003368669840
0.009890702943 -0.001368502229
0.009155550403 -0.006314162017
0.005530557673 -0.009757913997
0.0005416683267 -0.01009105525
-0.004024202309 -0.008053207033
-0.007560263345 -0.004518200336
-0.009650285076 0.00002402479720
-0.009637821887 0.005024009264
-0.006756694997 0.009110463454
-0.001896574413 0.01028486880
0.002871604204 0.008780052305
0.006724571402 0.005593417124
0.009257203930 0.001282295173
0.009899567881 -0.003676269998
0.007824950649 -0.008225551627
0.003267559442 -0.01028229307
-0.001651446282 -0.009385976895
-0.005793867249 -0.006585914659
-0.008728111325 -0.002537432016
-0.009958222580 0.002308888887
-0.008689812732 0.007145327293
-0.004624739061 0.01005654286
0.0003712404834 0.009856072428
0.004775057267 0.007488289132
0.008076057564 0.003732840152
0.009833495339 -0.0009481226192
0.009329567993 -0.005922663526
0.005924441943 -0.009583963375
0.0009589862677 -0.01017069154
-0.003674217238 -0.008290950789
-0.007311614481 -0.004860303431
-0.009543794495 -0.0003862256057
-0.009741969391 0.004609845522
-0.007107734762 0.008859646449
-0.002321589909 0.01030630378
0.002499756437 0.008981683309
0.006445485948 0.005910654389
0.009106850963 0.001677790553
0.009938570963 -0.003252548365
0.008116617700 -0.007908779277
0.003691960333 -0.01023738555
-0.001260179275 -0.009547231000
-0.005486831158 -0.006876011455
-0.008538382012 -0.002915198737
-0.009938251091 0.001884839446
-0.008912897685 0.006778575278
-0.005036814180 0.009937052231
-0.00003693223925 0.009971411742
0.004441819408 0.007748624375
0.007850330090 0.004090475263
0.009760397520 -0.0005303084820
0.009481582473 -0.005522528646
0.006307107212 -0.009385520598
0.001379468902 -0.01023309401
-0.003317142226 -0.008517913576
-0.007053182386 -0.005194962490
-0.009423133769 -0.0007923121016
-0.009825273517 0.004191490024
-0.007441808351 0.008586839134
-0.002747405763 0.01030805508
0.002121652977 0.009171275863
0.006157517247 0.006219700081
0.008943862107 0.002068039893
0.009958607765 -0.002827906517
0.008387627872 -0.007574697241
0.004114029701 -0.01017014685
-0.0008633339665 -0.009694909096
-0.005171469930 -0.007157200579
-0.008337142797 -0.003286991889
-0.009901189618 0.001462087763
-0.009113933430 0.006399721578
-0.005441814929 0.009793177886
-0.0004495459638 0.01007111777
0.004100884193 0.007999020916
0.007614086136 0.004441295223
0.009671943763 -0.0001155920901
0.009611832488 -0.005115230741
0.006676647362 -0.009163031165
0.001802438577 -0.01027752151
-0.002953258201 -0.008733711880
-0.006785281717 -0.005521921761
-0.009288815904 -0.001193837130
-0.009888278613 0.003770097243
-0.007757502281 0.008293347427
-0.003173168350 0.01028931396
0.001737502277 0.009348402707
0.005860864606 0.006520349825
0.008768626786 0.002452805220
0.009960281691 -0.002403114732
0.008637332090 -0.007224919825
0.004532497412 -0.01007979850
-0.0004611796929 -0.009828424337
-0.004847946644 -0.007429200355
-0.008124696066 -0.003652573127
-0.009847582268 0.001041216721
-0.009292853191 0.006010349005
-0.005837926573 0.009624692938
-0.0008660731871 0.01015447960
0.003752513037 0.008239104623
0.007367654276 0.004785012293
0.009568670268 0.0002955213866
0.009720672993 -0.004702167597
0.007031237629 -0.008917252106
0.002227166635 -0.01030321815
-0.002582830099 -0.008937959417
-0.006508199348 -0.005840948558
-0.009141325007 -0.001590460438
-0.009931573811 0.003346695305
-0.008053643083 0.007980632743
-0.003597931150 0.01024925152
0.001347504951 0.009512595716
0.005555697302 0.006812388847
0.008581494028 0.002831867000
0.009944178392 -0.001978859694
0.008865285798 -0.006861071362
0.004945909911 -0.009965663551
-0.00005405577332 -0.009947139139
-0.004516449649 -0.007691692198
-0.007901346199 -0.004011681962
-0.009777965131 0.0006227868734
-0.009449734636 0.005612001716
-0.006223247419 0.009431658800
-0.001285909794 0.01022077044
0.003396987186 0.008468493097
0.007111365680 0.005121346192
0.009451109406 0.0007025681602
0.009808558087 -0.004284638517
0.007369206668 -0.008649219213
0.002652875796 -0.01030940689
-0.002206096444 -0.009130259412
-0.006222183713 -0.006151829784
-0.008981105359 -0.001981895570
-0.009955767349 0.002922187831
-0.008329301403 0.007650253876
-0.004020621368 0.01018703853
0.0009518765137 0.009663335538
0.005242170274 0.007095577868
0.008382782995 0.003205005708
0.009910862365 -0.001555768750
0.009071226111 -0.006484765703
0.005352633060 -0.009827229723
0.0003576149418 -0.01005037540
-0.004177201169 -0.007944326295
-0.007667408161 -0.004364039275
-0.009692873105 0.0002073381724
-0.009584788157 0.005206169800
-0.006595862137 0.009214451383
-0.001708388765 0.01026925186
0.003034590639 0.008686802372
0.006845540447 0.005450035225
0.009319779515 0.001105136949
0.009876018533 -0.003863826540
0.007689089649 -0.008360196416
0.003078728172 -0.01029528480
-0.001823270545 -0.009310191614
-0.005927442871 -0.006454360821
-0.008808556519 -0.002367897295
-0.009961465333 0.002497367473
-0.008583779357 0.007303819527
-0.004440007344 0.01010188198
0.0005508739299 0.009800047403
0.004920443253 0.007369643335
0.008172797570 0.003571987296
0.009860880677 -0.001134431239
0.009255052361 -0.006097592737
0.005750879701 -0.009664212140
0.0007733232908 -0.01013742687
-0.003830456474 -0.008186731645
-0.007423208660 -0.004709357387
-0.009592842394 -0.0002046166113
-0.009698344136 0.004794270203
-0.006953920977 0.008973760785
-0.002132791885 0.01029917177
0.002665593311 0.008893647133
0.006570472922 0.005770841468
0.009175172288 0.001502874597
0.009923635823 -0.003440788249
0.007989658686 -0.008051615987
0.003503800494 -0.01026002634
-0.001434553115 -0.009477298014
-0.005624151678 -0.006748330464
-0.008624035821 -0.002748243575
-0.009949257952 0.002072937433
-0.008816589007 0.006942953969
-0.004854676762 0.009993077140
0.0001448194975 0.009922104249
0.004590697961 0.007634274559
0.007951840741 0.003932556146
0.009794770520 -0.0007154122093
0.009416811194 -0.005701106418
0.006138761524 -0.009476605109
0.001192481028 -0.01020756971
-0.003476493792 -0.008418526913
-0.007169079352 -0.005047353248
-0.009478406956 -0.0006126034218
-0.009790836442 0.004377625813
-0.007295713219 0.008710564781
-0.002558353211 0.01030975838
0.002290239894 0.009088633934
0.006286420555 0.006083548224
0.009017741505 0.001895483532
0.009952016002 -0.003016454086
0.008269930875 -0.007725019646
0.003927050999 -0.01020279978
-0.001040154099 -0.009631071240
-0.005312466638 -0.007033505924
-0.008427867875 -0.003122716345
-0.009919714284 0.001649536193
-0.009027428991 0.006569274698
-0.005263034085 0.009860069587
-0.0002658831045 0.01002883591
0.004253148827 0.007889127896
0.007720224736 0.004286436591
0.009713066647 -0.0002992564994
0.009556684558 -0.005296810365
0.006514359411 -0.009264713804
0.001614433906 -0.01026006804
-0.003115598061 -0.008639328207
-0.006905344097 -0.005377760336
-0.009350089302 -0.001016198588
-0.009862780984 0.003957446679
-0.007619724743 0.008426081672
-0.002984250033 0.01030021460
0.001908748592 0.009271348982
0.005993600062 0.006387950212
0.008847896709 0.002282710797
0.009961767133 -0.002591639690
0.008529158626 -0.007382008451
0.004347285689 -0.01012280008
-0.0006403190148 -0.009770948805
-0.004992544789 -0.007309621762
-0.008220358638 -0.003491085687
-0.009873384686 0.001227760028
-0.009216164072 0.006184377934
-0.005663322434 0.009702518962
-0.0006807435514 0.01011954136
0.003908044363 0.008133836075
0.007478273981 0.004633341756
0.009616305058 0.0001135161939
0.009674977464 -0.004886139549
0.006875802333 -0.009029160016
0.002038474396 -0.01029417323
-0.002748043564 -0.008848750864
-0.006632304112 -0.005700335390
-0.009208388121 -0.001415035963
-0.009914750307 0.003534817819
-0.007924673642 0.008121711634
-0.003409580701 0.01026971902
0.001521321295 0.009441343804
0.005692192613 0.006683839053
0.008666004004 0.002664330898
0.009953483689 -0.002167066008
0.008766809454 -0.007024205522
0.004763133352 -0.01001929779
-0.0002353539339 -0.009896314636
-0.004664561758 -0.007576375402
-0.008001810214 -0.003853100936
-0.009810807833 0.0008081786750
-0.009382809300 0.005789826721
-0.006053670392 0.009520354048
-0.001099190138 0.01019349995
0.003555658956 0.008368019218
0.007226319973 0.004972986421
0.009505020831 0.0005224221422
0.009772102495 -0.004470439501
0.007221343060 -0.008770861143
0.002463847451 -0.01030911845
-0.002374081093 -0.009046404146
-0.006350225667 -0.006014857622
-0.009053766374 -0.001808806309
-0.009947347138 0.003110697062
-0.008209522960 0.007798976824
-0.003833332784 0.01021743905
0.001128163693 0.009598122723
0.005382357224 0.006970987896
0.008472394154 0.003040126442
0.009927739458 -0.001743383781
0.008982542508 -0.006653231306
0.005173038129 -0.009891699522
0.0001743563811 -0.01000650713
-0.004328724244 -0.007833429844
-0.007772532243 -0.004208490332
-0.009732518522 0.0003913415983
-0.009527517590 0.005387137292
-0.006432158990 0.009313809565
-0.001520582050 0.01024997833
0.003196277602 0.008591293608
0.006964689583 0.005305099586
0.009379740025 0.0009270256538
0.009848559440 -0.004050946660
0.007549419940 -0.008490986926
0.002889744439 -0.01030411247
-0.001993934251 -0.009231880003
-0.006059334392 -0.006321120362
-0.008886643620 -0.002197248088
-0.009961180725 0.002685924038
-0.008473474376 0.007459468824
-0.004254348684 0.01014256002
0.0007295111095 0.009741135612
0.005064249145 0.007249139191
0.008267375938 0.003409871194
0.009885088449 -0.001321196997
0.009176187210 -0.006270687782
0.005575275744 -0.009739612200
0.0005883407176 -0.01010083103
-0.003985273586 -0.008080422105
-0.007532846608 -0.004556968451
-0.009639052442 -0.00002222513098
-0.009650567827 0.004977761609
-0.006796899693 0.009083437945
-0.001944222746 0.01028823106
0.002830178304 0.008803274960
0.006693690276 0.005629432613
0.009240967724 0.001326947563
0.009904910576 -0.003628774371
0.007858697657 -0.008190902459
0.003315283727 -0.01027833865
-0.001607807112 -0.009404738862
-0.005759818444 -0.006618917278
-0.008707395144 -0.002580131372
-0.009956849474 0.002261238669
-0.008715949680 0.007104808396
-0.004671297897 0.01004433080
0.0003256542990 0.009869777792
0.004738038541 0.007517998615
0.008051251150 0.003773319428
0.009826071221 -0.0009010803958
0.009347726409 -0.005878146423
0.005967995010 -0.009562900916
0.001006044537 -0.01017856925
-0.003634479562 -0.008316974212
-0.007283084060 -0.004898248542
-0.009530945385 -0.0004320287235
-0.009752350297 0.004563066858
-0.007146111825 0.008830094046
-0.002369367778 0.01030749592
0.002457617761 0.009003574683
0.006413596853 0.005945760198
0.009089175681 0.001721866505
0.009941754137 -0.003204908300
0.008148084859 -0.007872107730
0.003739480483 -0.01023096496
-0.001215902410 -0.009564496377
-0.005451840277 -0.006908026842
-0.008516358539 -0.002957238589
-0.009934931941 0.001837305133
-0.008936567467 0.006736618185
-0.005082665034 0.009922122233
-0.00008304050573 0.009983396818
0.004403924559 0.007777236237
0.007824327080 0.004130203664
0.009751222861 -0.0004835879056
0.009497283418 -0.005477135218
0.006349280990 -0.009361730527
0.001426841140 -0.01023899099
-0.003276626338 -0.008542702783
-0.007023573733 -0.005232055532
-0.009408726356 -0.0008376218980
-0.009833347444 0.004144315168
-0.007478188222 0.008554896200
-0.002795221627 0.01030698748
0.002078825358 0.009191789750
0.006124644017 0.006253873588
0.008924793428 0.002111511547
0.009959699690 -0.002780212998
0.008416731554 -0.007536182861
0.004161212108 -0.01016116938
-0.0008184465695 -0.009710614778
-0.005135554294 -0.007188199092
-0.008313846158 -0.003328346656
-0.009895986115 0.001414736008
-0.009135120993 0.006356505354
-0.005486760484 0.009775491402
-0.0004961213702 0.01008130381
0.004062141053 0.008026493925
0.007586922900 0.004480240560
0.009661078709 -0.00006925146397
0.009625110283 -0.005069122089
0.006717231504 -0.009136583338
0.001850045383 -0.01028135374
-0.002911994907 -0.008757223732
-0.006754628669 -0.005558135460
-0.009272906208 -0.001238612542
-0.009894109959 0.003722647973
-0.007791741016 0.008259171403
-0.003220921166 0.01028589435
0.001694008263 0.009367488826
0.005827027500 0.006553567721
0.008748205760 0.002495647370
0.009959349131 -0.002355448561
0.008664012635 -0.007184744924
0.004579188191 -0.01006818198
-0.0004157160280 -0.009842501126
-0.004811125902 -0.007459148017
-0.008100160117 -0.003693214675
-0.009840554844 0.0009941114488
-0.009311560283 0.005966049175
-0.005881756433 0.009604241797
-0.0009130514969 0.01016278567
0.003712952480 0.008265396092
0.007339368083 0.004823142489
0.009556174924 0.0003414277022
0.009731574050 -0.004655494865
0.007070035702 -0.008888249715
0.002274923276 -0.01030489958
-0.002540847571 -0.008960150101
-0.006476531825 -0.005876258169
-0.009123965036 -0.001634666794
-0.009935230350 0.003299079105
-0.008085624304 0.007944394753
-0.003645507426 0.01024338629
0.001303367508 0.009530198457
0.005520914082 0.006844625726
0.008559757723 0.002874055323
0.009941285756 -0.001931293811
0.008889505042 -0.006819417922
0.004991934325 -0.009951341054
-8.058997139e-6 -0.009959512705
-0.004478746987 -0.007720551138
-0.007875605676 -0.004051579749
-0.009769173800 0.0005759897811
-0.009465978476 0.005566788574
-0.006265745791 0.009408469295
-0.001333219004 0.01022711421
0.003356641290 0.008493559935
0.007081993294 0.005158630784
0.009437042885 0.0007479912134
0.009817138629 -0.004237540576
0.007406043169 -0.008617793843
0.002700691586 -0.01030884868
-0.002163419747 -0.009151083189
-0.006189527029 -0.006186212171
-0.008962342217 -0.002025503586
-0.009957317557 0.002874498871
-0.008358935580 0.007612132780
-0.004067891283 0.01017863601
0.0009071219392 0.009679393141
0.005206458281 0.007126804843
0.008359766004 0.003246514854
0.009906071817 -0.001508370879
0.009092964982 -0.006441813620
0.005397797346 -0.009810156853
0.0004040919131 -0.01006096764
-0.004138643711 -0.007972055709
-0.007640499216 -0.004403161199
-0.009682378006 0.0001609083671
-0.009598600119 0.005160206444
-0.006636816647 0.009188585605
-0.001755950641 0.01027354967
0.002993490682 0.008710601455
0.006815116450 0.005486446296
0.009304198578 0.001150034167
0.009882341807 -0.003816428398
0.007723814594 -0.008326501598
0.003126504279 -0.01029239525
-0.001779922503 -0.009329599200
-0.005893818092 -0.006487792894
-0.008788432307 -0.002410881251
-0.009960976429 0.002449688703
-0.008611001690 0.007263997398
-0.004486821592 0.01009085759
0.0005055347693 0.009814491955
0.004883821523 0.007399827360
0.008148533714 0.003612789691
0.009854252860 -0.001087265861
0.009274308992 -0.006053518484
0.005794975745 -0.009644373557
0.0008202181498 -0.01014615724
-0.003791074573 -0.008213289056
-0.007395168474 -0.004747671196
-0.009580703711 -0.0002506237498
-0.009709768123 0.004747710210
-0.006993131417 0.008945314886
-0.002180522867 0.01030133809
0.002623768139 0.008916134886
0.006539028199 0.005806353759
0.009158129937 0.001547209938
0.009927769102 -0.003393200526
0.008022149574 -0.008015820369
0.003551426524 -0.01025471193
-0.001390556369 -0.009495235076
-0.005589576958 -0.006780787418
-0.008602588377 -0.002790579129
-0.009946794888 0.002025343301
-0.008841356783 0.006901613043
-0.004900865177 0.009979359930
0.00009893681630 0.009934862452
0.004553188822 0.007663378561
0.007926364484 0.003972621734
0.009786365477 -0.0006685415153
0.009433599481 -0.005656081605
0.006181573995 -0.009454019235
0.001239723354 -0.01021435616
-0.003436319432 -0.008443869259
-0.007139944942 -0.005084828015
-0.009464684128 -0.0006581376348
-0.009799926727 0.004330610946
-0.007332998955 0.008679664563
-0.002606164071 0.01030970505
0.002247715234 0.009109765179
0.006253981447 0.006118138360
0.008999285972 0.001939226651
0.009954027806 -0.002968773759
0.008300092366 -0.007687300813
0.003974401073 -0.01019496802
-0.0009955339408 -0.009647477417
-0.005276959220 -0.007064959734
-0.008405132192 -0.003164378514
-0.009915339674 0.001602095378
-0.009049719084 0.006526595453
-0.005308406823 0.009843609557
-0.0003122585674 0.01003983038
0.004214778551 0.007917111618
0.007693571917 0.004325733510
0.009702944471 -0.0002527402466
0.009571032858 -0.005250999876
0.006555674400 -0.009239434828
0.001661946738 -0.01026482723
-0.003074662861 -0.008663412382
-0.006875150673 -0.005414367540
-0.009334839738 -0.001061215842
-0.009869599511 0.003910105108
-0.007654929867 0.008392876390
-0.003032044011 0.01029785050
0.001865547624 0.009291075363
0.005960188495 0.006421595248
0.008828071167 0.002325835369
0.009961725084 -0.002543951977
0.008556920654 -0.007342548075
0.004394215023 -0.01011236428
-0.0005951063748 -0.009785757507
-0.004956123166 -0.007340040323
-0.008196368568 -0.003532047448
-0.009867159431 0.001180537606
-0.009235970933 0.006140537715
-0.005707674025 0.009683293835
-0.0007275514869 0.01012869198
0.003868842699 0.008160657305
0.007450481630 0.004671837652
0.009604525967 0.0001596216783
0.009686927067 -0.004839699281
0.006915416227 -0.009001276827
0.002086175335 -0.01029682011
-0.002706377010 -0.008871533468
-0.006601083483 -0.005736049217
-0.009191665765 -0.001459498804
-0.009919363711 0.003487263339
-0.007957669512 0.008086367151
-0.003457250304 0.01026495085
0.001477466474 0.009459612218
0.005657827231 0.006716514709
0.008644847134 0.002706812464
0.009951453277 -0.002119446997
0.008792124633 -0.006983186001
0.004809476405 -0.01000618337
-0.0001895878435 -0.009909453660
-0.004627247436 -0.007605722481
-0.007976599987 -0.003893332754
-0.009802792037 0.0007612373225
-0.009400143437 0.005744998363
-0.006096786395 0.009498374476
-0.001146361789 0.01020072497
0.003515657695 0.008393634953
0.007197425278 0.005010649960
0.009491644527 0.0005680653480
0.009781705585 -0.004423514020
0.007259070344 -0.008740493454
0.002511648632 -0.01030956550
-0.002331709602 -0.009067840485
-0.006318005210 -0.006049654386
-0.009035620572 -0.001852683247
-0.009949823875 0.003063029552
-0.008240208326 0.007761669214
-0.003880755896 0.01021017376
0.001083679462 0.009614874192
0.005347055282 0.007002666961
0.008449941439 0.003081940307
0.009923783781 -0.001695903219
0.009005383555 -0.006610833638
0.005218609172 -0.009875851214
0.0002206273615 -0.01001789987
-0.004290542621 -0.007861665791
-0.007746137377 -0.004247960645
-0.009722772238 0.0003447416777
-0.009542404270 0.005341487358
-0.006473824398 0.009289121785
-0.001568041780 0.01025519472
0.003155508616 0.008615660740
0.006934728304 0.005341901654
0.009364824496 0.0009721611017
0.009855876513 -0.004003667263
0.007585098907 -0.008458279375
0.002937551008 -0.01030226921
-0.001950881452 -0.009251922568
-0.006026136948 -0.006354977169
-0.008867118648 -0.002240512079
-0.009961588757 0.002638231118
-0.008501773775 0.007420379193
-0.004301384947 0.01013270913
0.0006844269077 0.009756304901
0.005028028687 0.007279790499
0.008243661337 0.003450990862
0.009879268714 -0.001273920620
0.009196544822 -0.006227090119
0.005619872284 -0.009721001044
0.0006350583348 -0.01011039787
-0.003946253735 -0.008107505033
-0.007505303932 -0.004595644885
-0.009627635890 -0.00006842641670
-0.009663045624 0.004931448197
-0.006836907877 0.009056123389
-0.001991889317 0.01029135420
0.002788671670 0.008826350219
0.006662695091 0.005665346814
0.009224567797 0.001371536357
0.009910007485 -0.003581258050
0.007892193526 -0.008156017806
0.003362990898 -0.01027411213
-0.001564095412 -0.009423335723
-0.005725663243 -0.006651810297
-0.008686530592 -0.002622757736
-0.009955254821 0.002213598210
-0.008741810924 0.007064119203
-0.004717786424 0.01003181643
0.0002800071938 0.009883293856
0.004700920289 0.007547586811
0.008026308705 0.003813715913
0.009818447630 -0.0008540713651
0.009365607647 -0.005833522735
0.006011403915 -0.009541529927
0.001053141778 -0.01018622875
-0.003594652979 -0.008342861210
-0.007254430850 -0.004936099414
-0.009517918470 -0.0004777786768
-0.009762469184 0.004516237237
-0.007184272678 0.008800266040
-0.002417154617 0.01030843891
0.002415400599 0.009025313781
0.006381596169 0.005980762468
0.009071341791 0.001765875935
0.009944699161 -0.003157257915
0.008179290391 -0.007835220279
0.003786969727 -0.01022426176
-0.001171555549 -0.009581589922
-0.005416744695 -0.006939929626
-0.008494190459 -0.002999202845
-0.009931398209 0.001789788060
-0.008959959016 0.006694510875
-0.005128424384 0.009906884197
-0.0001292041289 0.009995183906
0.004365933027 0.007805722340
0.007798191987 0.004169845770
0.009741855437 -0.0004369071419
0.009512710385 -0.005431653636
0.006391286605 -0.009337637967
0.001474243763 -0.01024466040
-0.003236025054 -0.008567350745
-0.006993846214 -0.005269051163
-0.009394147568 -0.0008828736239
-0.009841166318 0.004097103709
-0.007514334391 0.008522694425
-0.002843035641 0.01030566049
0.002035921824 0.009212145946
0.006091661638 0.006287941000
0.008905570974 0.002154913750
0.009960561057 -0.002732518697
0.008445565762 -0.007497472974
0.004208347375 -0.01015189953
-0.0007734926265 -0.009726141151
-0.005099536017 -0.007219081402
-0.008290408700 -0.003369622801
-0.009890574860 0.001367408786
-0.009156029710 0.006313158823
-0.005531591443 0.009757494353
-0.0005427453612 0.01009128287
0.004023304575 0.008053836432
0.007559631741 0.004519095965
0.009650027651 -0.00002295697846
0.009638118746 -0.005022942796
0.006757624591 -0.009109843018
0.001897673327 -0.01028494885
-0.002870649530 -0.008780589470
-0.006723860331 -0.005594248854
-0.009256831197 -0.001283325682
-0.009899693746 0.003675174872
-0.007825731606 0.008224755187
-0.003268660083 0.01028220485
0.001650440841 0.009386411297
0.005793083327 0.006586676805
0.008727635295 0.002538417333
0.009958193368 -0.002307790135
0.008690418399 -0.007144395001
0.004625813243 -0.01005626466
-0.0003701901913 -0.009856390493
-0.004774204929 -0.007488975407
-0.008075487186 -0.003733774286
-0.009833326412 0.0009470377436
-0.009329989713 0.005921638448
-0.005925447583 0.009583481274
-0.0009600706652 0.01017087558
0.003673302162 0.008291552229
0.007310958149 0.004861179229
0.009543500284 0.0003872820893
0.009742211646 -0.004608767730
0.007108621866 -0.008858968298
0.002322691198 -0.01030633406
-0.002498785923 -0.008982189663
-0.006444752084 -0.005911464821
-0.009106445293 -0.001678807351
-0.009938647026 0.003251450277
-0.008117346023 0.007907936362
-0.003693056110 0.01023724071
0.001259159388 0.009547630930
0.005486025723 0.006876750741
0.008537875954 0.002916168692
0.009938176998 -0.001883743494
0.008913446452 -0.006777609788
0.005037872146 -0.009936711527
0.00003799449877 -0.009971690243
-0.004440946947 -0.007749285347
-0.007849732159 -0.004091392049
-0.009760188201 0.0005292310381
-0.009481947498 0.005521483246
-0.006308081273 0.009384975603
-0.001380560574 0.01023323250
0.003316209221 0.008518486601
0.007052501191 0.005195818650
0.009422803585 0.0007933572292
0.009825462514 -0.004190402976
0.007442649594 -0.008586105717
0.002748508020 -0.01030803338
-0.002120666576 -0.009171750517
-0.006156760687 -0.006220489037
-0.008943424273 -0.002069042776
-0.009958635538 0.002826807108
-0.008388301795 0.007573811630
-0.004115117860 0.01016994319
0.0008622999801 0.009695273154
0.005170643165 0.007157916458
0.008336607354 0.003287946077
0.009901072012 -0.001460995946
0.009114424983 -0.006398726847
0.005442852278 -0.009792773676
0.0004506190608 -0.01007135490
-0.004099992145 -0.007999655685
-0.007613461417 -0.004442193995
-0.009671695404 0.0001145233379
-0.009612141603 0.005114168660
-0.006677585035 0.009162424796
-0.001803535756 0.01027761251
0.002952307932 0.008734255513
0.006784576408 0.005522757681
0.009288451023 0.001194869984
0.009888415830 -0.003769003728
0.007758294331 -0.008292562327
0.003174269287 -0.01028923816
-0.001736500489 -0.009348844514
-0.005860085806 -0.006521116781
-0.008768157729 -0.002453793621
-0.009960262713 0.002402015859
-0.008637950216 0.007223995707
-0.004533574444 0.01007953410
0.0004601323761 0.009828750936
0.004847098990 0.007429892054
0.008124132013 0.003653510908
0.009847422541 -0.001040130509
0.009293287551 -0.006009329078
0.005838938473 -0.009624224988
0.0008671556557 -0.01015467349
-0.003751602108 -0.008239712209
-0.007367003625 -0.004785892313
-0.009568384252 -0.0002965801906
-0.009720927254 0.004701092331
-0.007032134365 0.008916586703
-0.002228267377 0.01030325969
0.002581863219 0.008938472650
0.006507470620 0.005841763666
0.009140926632 0.001591480213
0.009931660809 -0.003345597816
0.008054383222 -0.007979799890
0.003599028168 -0.01024911947
-0.001346488301 -0.009513003403
-0.005554896671 -0.006813133223
-0.008580994607 -0.002832840359
-0.009944114150 0.001977763045
-0.008865847222 0.006860112933
-0.004946971814 0.009965336844
0.00005299610763 0.009947426572
0.004515581633 0.007692358850
0.007900754334 0.004012602638
0.009777764668 -0.0006217076892
0.009450112184 -0.005610960524
0.006224228898 -0.009431127671
0.001286999986 -0.01022091920
-0.003396058113 -0.008469072508
-0.007110689944 -0.005122206756
-0.009450787098 -0.0007036158822
-0.009808758780 0.004283553282
-0.007370058393 0.008648497775
-0.002653978021 0.01030939690
0.002205113532 0.009130741195
0.006221432154 0.006152623547
0.008980674581 0.001982901586
0.009955805705 -0.002921088553
0.008329987536 -0.007649377386
0.004021711499 -0.01018684809
-0.0009508456014 -0.009663707688
-0.005241348211 -0.007096299002
-0.008382254010 -0.003205963443
-0.009910754296 0.001554675891
-0.009071730371 0.006483777113
-0.005353675391 0.009826839655
-0.0003586857491 0.01005062187
0.004176313412 0.007944966962
0.007666789316 0.004364942106
0.009692633291 -0.0002062673824
0.009585109598 -0.005205111114
0.006596808290 -0.009213858461
0.001709484883 -0.01026935357
-0.003033644146 -0.008687352613
-0.006844840429 -0.005450875686
-0.009319422228 -0.001106172599
-0.009876167109 0.003862734236
-0.007689892871 0.008359422457
-0.003079829612 0.01029522119
0.001822272129 0.009310640816
0.005926668971 0.006455132707
0.008808094316 0.002368888957
0.009961456601 -0.002496268331
0.008584409960 -0.007302903594
0.004441087172 -0.01010163121
-0.0005498294962 -0.009800382458
-0.004919600193 -0.007370340471
-0.008172239800 -0.003572928776
-0.009860730179 0.001133343660
-0.009255499393 0.006096578059
-0.005751897675 0.009663758318
-0.0007744038151 0.01013763053
0.003829549673 0.008187345349
0.007422563691 0.004710241630
0.009592564617 0.0002056777249
0.009698610466 -0.004793197576
0.006954827167 -0.008973108246
0.002133892009 -0.01029922446
-0.002664630066 -0.008894167201
-0.006569749338 -0.005771661241
-0.009174781248 -0.001503897336
-0.009923733829 0.003439691445
-0.007990410546 0.008050793383
-0.003504898622 0.01025990695
0.001433539717 0.009477713389
0.005623355859 0.006749079904
0.008623543070 0.002749220319
0.009949203630 -0.002071840153
0.008817163069 -0.006942002796
0.004855742390 -0.009992764373
-0.0001437624782 -0.009922400526
-0.004589834415 -0.007634946847
-0.007951254979 -0.003933480679
-0.009794578979 0.0007143313470
-0.009417201299 0.005700069616
-0.006139750182 0.009476087912
-0.001193569654 0.01020772866
0.003475568684 0.008419112661
0.007168409113 0.005048218186
0.009478092587 0.0006136536923
0.009791048903 -0.004376542531
0.007296575255 -0.008709855492
0.002559455292 -0.01030976001
-0.002289260495 -0.009089122790
-0.006285674019 -0.006084346768
-0.009017317832 -0.001896492654
-0.009952065018 0.003015355033
-0.008270629143 0.007724152480
-0.003928142935 0.01020262248
0.001039126296 0.009631451406
0.005311649297 0.007034232277
0.008427345385 0.003123677599
0.009919615821 -0.001648442364
0.009027945956 -0.006568292449
0.005264081161 -0.009859693641
0.0002669515533 -0.01002909163
-0.004252265395 -0.007889774412
-0.007719611806 -0.004287343447
-0.009712835447 0.0002981837335
-0.009557018374 0.005295755248
-0.006515313815 0.009264134436
-0.001615528869 0.01026018036
0.003114655374 0.008639885008
0.006904649403 0.005378605310
0.009349739669 0.001017236994
0.009862940996 -0.003956355711
0.007620538998 -0.008425319046
0.002985351855 -0.01030016308
-0.001907753573 -0.009271805518
-0.005992831083 -0.006388727000
-0.008847441401 -0.002283705694
-0.009961768720 0.002590540364
-0.008529801657 0.007381100908
-0.004348368123 0.01012256285
0.0006392775090 0.009771292235
0.004991706348 0.007310324294
0.008219807189 0.003492030832
0.009873243485 -0.001226671152
0.009216623792 -0.006183368699
0.005664346239 -0.009702079285
0.0006818220526 -0.01011975468
-0.003907141725 -0.008134455848
-0.007477634735 -0.004634230188
-0.009616035587 -0.0001145795608
-0.009675255927 0.004885069722
-0.006876717774 0.009028520482
-0.002039573804 0.01029423697
0.002747083982 0.008849277716
0.006631585701 0.005701159803
0.009208004471 0.001416061633
0.009914859400 -0.003533721807
0.007925437117 -0.008120899478
0.003410679801 -0.01026961220
-0.001520311174 -0.009441766802
-0.005691401623 -0.006684593528
-0.008665517960 -0.002665311003
-0.009953439358 0.002165968173
-0.008767396129 0.007023261808
-0.004764202494 0.01001899890
0.0002342996144 0.009896619671
0.004663702709 0.007577053284
0.008001230593 0.003854029295
0.009810625281 -0.0008070961986
0.009383211996 -0.005788794492
0.006054665988 -0.009519850840
0.001100277115 -0.01019366899
-0.003554737845 -0.008368611258
-0.007225655269 -0.004973855705
-0.009504714466 -0.0005234749144
-0.009772326795 0.004469358313
-0.007222215231 0.008770164169
-0.002464949284 0.01030913159
0.002373105230 0.009046900022
0.006349484176 0.006015660924
0.009053349852 0.001809818510
0.009947406890 -0.003109598326
0.008210233285 -0.007798119188
0.003834426365 -0.01021727478
-0.001127139030 -0.009598510830
-0.005381544624 -0.006971719433
-0.008471878196 -0.003041091186
-0.009927650668 0.001742289052
-0.008983072172 0.006652255596
-0.005174089719 0.009891337670
-0.0001754224056 0.01000677201
0.004327845168 0.007834082163
0.007771925269 0.004209401176
0.009732296004 -0.0003902669193
0.009527863828 -0.005386085920
0.006433121415 -0.009313243849
0.001521675766 -0.01025010117
-0.003195338756 -0.008591856919
-0.006964000249 -0.005305949046
-0.009379398107 -0.0009280667738
-0.009848730962 0.004049857158
-0.007550245082 0.008490235820
-0.002890846521 0.01030407293
0.001992942654 0.009232343812
0.006058570354 0.006321902025
0.008886195252 0.002198246191
0.009961192705 -0.002684824613
0.008474129781 -0.007458569879
0.004255433537 -0.01014233626
-0.0007284725752 -0.009741487333
-0.005063415348 -0.007249847079
-0.008266830848 -0.003410819971
-0.009884956614 0.001320106894
-0.009176659627 0.006269684187
-0.005576305135 0.009739186678
-0.0005894171172 0.01010105392
0.003984375149 0.008081047899
0.007532213128 0.004557861036
0.009638791345 0.00002329069082
0.009650858479 -0.004976694748
0.006797824168 -0.009082811553
0.001945321336 -0.01028830575
-0.002829222417 -0.008803808546
-0.006692977070 -0.005630261637
-0.009240591521 -0.001327976127
-0.009905030834 0.003627679268
-0.007859472628 0.008190100953
-0.003316383658 0.01027824429
0.001606800298 0.009405169415
0.005759032305 0.006619676755
0.008706915850 0.002581114807
0.009956815207 -0.002260140360
0.008716548934 -0.007103872348
0.004672370340 -0.01004404573
-0.0003246027364 -0.009870091497
-0.004737184019 -0.007518682043
-0.008050677713 -0.003774251573
-0.009825897728 0.0008999963773
-0.009348141724 0.005877118960
-0.005968997297 0.009562411749
-0.001007129777 0.01017874828
0.003633562487 0.008317572492
0.007282424933 0.004899122135
0.009530647091 0.0004330839428
0.009752586503 -0.004561987918
0.007146993944 -0.008829409554
0.002370469254 -0.01030752047
-0.002456645463 -0.009004077525
-0.006412860436 -0.005946568230
-0.009088766362 -0.001722881751
-0.009941824704 0.003203809985
-0.008148807152 0.007871259831
-0.003740575550 0.01023081363
0.001214880923 0.009564892352
0.005451032439 0.006908763527
0.008515849152 0.002958206792
0.009934852896 -0.001836209582
0.008937109818 -0.006735649219
0.005083720909 -0.009921774439
0.00008410403916 -0.009983670765
-0.004403049873 -0.007777894311
-0.007823726105 -0.004131118459
-0.009751009093 0.0004825113795
-0.009497642120 0.005476087771
-0.006350251198 0.009361178553
-0.001427933517 0.01023912425
0.003275691366 0.008543272555
0.007022889797 0.005232909446
0.009408392216 0.0008386656871
0.009833530552 -0.004143227266
0.007479024095 -0.008554156798
0.002796323852 -0.01030695982
-0.002077837208 -0.009192260775
-0.006123884942 -0.006254660099
-0.008924352046 -0.002112512829
-0.009959722139 0.002779113564
-0.008417399271 0.007535292721
-0.004162299199 0.01016095899
0.0008174110483 0.009710974711
0.005134725163 0.007188912294
0.008313307467 0.003329299031
0.009895863712 -0.001413644752
0.009135606116 -0.006355507598
0.005487795219 -0.009775080035
0.0004971955926 -0.01008153618
-0.004061246852 -0.008027125690
-0.007586295229 -0.004481137261
-0.009660826054 0.00006818377142
-0.009625413182 0.005068058363
-0.006718164798 0.009135970214
-0.001851143058 0.01028143928
0.002911042746 0.008757764001
0.006753920701 0.005558969068
0.009272537509 0.001239643962
0.009894241459 -0.003721553897
0.007792527359 -0.008258380744
0.003222021795 -0.01028581234
-0.001693004782 -0.009367926867
-0.005826246232 -0.006554332171
-0.008747733255 -0.002496634108
-0.009959324999 0.002354349859
-0.008664624430 0.007183816749
-0.004580263729 0.01006791065
0.0004146672752 0.009842823414
0.004810275936 0.007459836947
0.008099592903 0.003694150570
0.009840390476 -0.0009930259586
0.009311988239 -0.005965026670
0.005882765163 -0.009603766713
0.0009141349147 -0.01016297459
-0.003712039480 -0.008266000563
-0.007338714576 -0.004824020356
-0.009555884768 -0.0003424853132
-0.009731822229 0.004654418329
-0.007070927575 0.008887577863
-0.002276024288 0.01030493543
0.002539878866 0.008960659856
0.006475800509 0.005877070904
0.009123562972 0.001635685053
0.009935311808 -0.003297981314
0.008086358472 -0.007943556797
0.003646603823 -0.01024324779
-0.001302349228 -0.009530602226
-0.005520111028 -0.006845367525
-0.008559254946 -0.002875026955
-0.009941216525 0.001930197514
-0.008890060063 0.006818455905
-0.004992994257 0.009951007278
6.998019728e-6 0.009959795630
0.004477876725 0.007721214918
0.007875010742 0.004052498457
0.009768968850 -0.0005749114757
0.009466349683 -0.005565745238
0.006266723543 -0.009407931147
0.001334309950 -0.01022725779
-0.003355710229 -0.008494136119
-0.007081314796 -0.005159489120
-0.009436716587 -0.0007490376238
-0.009817333396 0.004236454413
-0.007406889609 0.008617066328
-0.002701793836 0.01030883279
0.002162435071 0.009151561371
0.006188772941 0.006187003502
0.008961907867 0.002026508017
0.009957350550 -0.002873399520
0.008359615543 -0.007611251654
0.004068980433 -0.01017843890
-0.0009060894715 -0.009679761207
-0.005205633840 -0.007127523321
-0.008359233750 -0.003247470795
-0.009905958916 0.001507278542
-0.009093462813 0.006440821902
-0.005398837183 0.009809759635
-0.0004051638840 0.01006120940
0.004137753782 0.007972693397
0.007639877396 0.004404061980
0.009682133862 -0.0001598386031
0.009598915318 -0.005159146023
0.006637758536 -0.009187985870
0.001757047304 -0.01027364598
-0.002992542277 -0.008711148358
-0.006814413753 -0.005487284462
-0.009303837443 -0.001151068405
-0.009882484627 0.003815335469
-0.007724612180 0.008325721982
-0.003127605477 0.01029232549
0.001778922380 0.009330044668
0.005893041713 0.006488562289
0.008787966633 0.002411871264
0.009960962505 -0.002448589689
0.008611625987 -0.007263077301
0.004487900028 -0.01009059993
-0.0005044888733 -0.009814822743
-0.004882976137 -0.007400521751
-0.008147972761 -0.003613729303
-0.009854097686 0.001086178966
-0.009274749612 0.006052501127
-0.005795990676 0.009643912586
-0.0008212996661 0.01014635597
0.003790165681 0.008213899671
0.007394520626 0.004748553306
0.009580421758 0.0002516837010
0.009710028341 -0.004746636230
0.006994032850 -0.008944655822
0.002181623315 -0.01030138515
-0.002622803052 -0.008916651503
-0.006538302010 -0.005807171174
-0.009157735180 -0.001548231181
-0.009927861530 0.003392103363
-0.008022895518 0.008014992556
-0.003552524108 0.01025458615
0.001389541323 0.009495646571
0.005588778703 0.006781534300
0.008602092248 0.002791554164
0.009946735540 -0.002024246332
0.008841924455 -0.006900658175
0.004901928947 -0.009979040120
-0.00009787845232 -0.009935154266
-0.004552323013 -0.007664048003
-0.007925775631 -0.003973544320
-0.009786169414 0.0006674614943
-0.009433983230 0.005655042560
-0.006182559051 0.009453494984
-0.001240812782 0.01021450997
0.003435392315 0.008444451807
0.007139271919 0.005085690744
0.009464365735 0.0006591866215
0.009800133226 -0.004329526659
0.007333855796 -0.008678949108
0.002607266238 -0.01030970082
-0.002246734055 -0.009110250464
-0.006253232368 -0.006118934487
-0.008998858699 -0.001940234205
-0.009954071421 0.002967674581
-0.008300784504 0.007686428906
-0.003975492115 0.01019478409
0.0009945045618 0.009647853537
0.005276139488 0.007065683451
0.008404606413 0.003165337991
0.009915236343 -0.001601002031
0.009050229622 -0.006525609972
0.005309451526 -0.009843226472
0.0003133282163 -0.01004008143
-0.004213892929 -0.007917755181
-0.007692955991 -0.004326638333
-0.009702708906 0.0002516684739
-0.009571360408 0.005249942933
-0.006556624657 0.009238848592
-0.001663042295 0.01026493419
0.003073718246 0.008663965869
0.006874453282 0.005415210233
0.009334486226 0.001062252858
0.009869753728 -0.003909013450
0.007655738559 -0.008392108010
0.003033145653 -0.01029779288
-0.001864550885 -0.009291528196
-0.005959417026 -0.006422369558
-0.008827612367 -0.002326828631
-0.009961721442 0.002542852735
-0.008557557404 0.007341636264
-0.004395296161 0.01011212022
0.0005940633839 0.009786096711
0.004955282387 0.007340740130
0.008195813917 0.003532990742
0.009867013519 -0.001179449378
0.009236424233 -0.006139525704
0.005708694910 -0.009682847001
0.0007286310200 -0.01012890042
-0.003867937952 -0.008161274013
-0.007449839484 -0.004672723969
-0.009604252286 -0.0001606839114
-0.009687199385 0.004838628019
-0.006916327014 0.009000630699
-0.002087275117 0.01029687827
0.002705415572 0.008872056895
0.006600362452 0.005736871286
0.009191278371 0.001460522995
0.009919467186 -0.003486166913
0.007958427125 -0.008085549685
0.003458348928 -0.01026483769
-0.001476454693 -0.009460031369
-0.005657033797 -0.006717266640
-0.008644357693 -0.002707790872
-0.009951403884 0.002118349434
-0.008792704931 0.006982238489
-0.004810543796 0.01000587747
0.0001885321520 0.009909754275
0.004626386109 0.007606397539
0.007976017256 0.003894259182
0.009802604929 -0.0007601556548
0.009400539761 -0.005743963797
0.006097778511 -0.009497864185
0.001147449610 -0.01020088892
-0.003514734558 -0.008394223816
-0.007196757770 -0.005011517050
-0.009491334106 -0.0005691168607
-0.009781923888 0.004422431755
-0.007259937411 0.008739790231
-0.002512750604 0.01030957283
0.002330731947 0.009068332817
0.006317261164 0.006050455284
0.009035200426 0.001853693894
0.009949878187 -0.003061930644
0.008240912562 -0.007760806732
0.003881848665 -0.01021000291
-0.001082653207 -0.009615258291
-0.005346240282 -0.007003395880
-0.008449422172 -0.003082903289
-0.009923690090 0.001694808936
-0.009005906797 0.006609854595
-0.005219658508 0.009875482237
-0.0002216946208 0.01001816012
0.004289661338 0.007862315181
0.007745527385 0.004248869476
0.009722545319 -0.0003436679585
0.009542744219 -0.005340434069
0.006474782794 -0.009288549151
0.001569136138 -0.01025531225
-0.003154567823 -0.008616220763
-0.006934036254 -0.005342748848
-0.009364478668 -0.0009732008537
-0.009856042203 0.004002577004
-0.007585918561 0.008457522419
-0.002938652973 0.01030222363
0.001949888122 0.009252382705
0.006025370409 0.006355756369
0.008866666766 0.002241508562
0.009961595471 -0.002637131733
0.008502422927 -0.007419475874
0.004302468599 -0.01013247857
-0.0006833868659 -0.009756652438
-0.005027192539 -0.007280495682
-0.008243113026 -0.003451937805
-0.009879132132 0.001272831129
-0.009197010816 0.006226083647
-0.005620898879 0.009720568361
-0.0006361358061 0.01011061593
0.003945353169 0.008108127787
0.007504667530 0.004596535373
0.009627370549 0.00006949087373
0.009663330103 -0.004930379816
0.006837827808 -0.009055490334
0.001992988332 -0.01029142336
-0.002787713911 -0.008826880405
-0.006661979249 -0.005666173508
-0.009224187821 -0.001372563461
-0.009910122086 0.003580162474
-0.007892962696 0.008155210888
-0.003364090425 0.01027401148
0.001563086922 0.009423762462
0.005724874648 0.006652567247
0.008686047879 0.002623739489
0.009955215455 -0.002212500131
0.008742403818 -0.007063179252
0.004718857222 -0.01003152438
-0.0002789542309 -0.009883603186
-0.004700063475 -0.007548267439
-0.008025732136 -0.003814646146
-0.009818269546 0.0008529881192
-0.009366016575 0.005832492839
-0.006012402847 0.009541033652
-0.001054227906 0.01018640274
0.003593733859 0.008343456339
0.007253768897 0.004936970830
0.009517616085 0.0004788326639
0.009762699358 -0.004515157143
0.007185149788 -0.008799575214
0.002418256286 -0.01030845770
-0.002414426494 -0.009025813106
-0.006380857182 -0.005981568110
-0.009070928822 -0.001766889644
-0.009944764247 0.003156159376
-0.008180006642 0.007834367429
-0.003788064061 0.01022410389
0.001170532452 0.009581981926
0.005415934446 0.006940663712
0.008493677744 0.003000169302
0.009931314226 -0.001788692916
0.008960494951 -0.006693538472
0.005129478120 -0.009906529297
0.0001302689301 -0.009995453277
-0.004365056117 -0.007806377509
-0.007797587973 -0.004170758571
-0.009741637234 0.0004358315422
-0.009513062777 0.005430604181
-0.006392252906 0.009337079031
-0.001475336829 0.01024478840
0.003235088117 0.008567917255
0.006993159543 0.005269902828
0.009393809486 0.0008839160686
0.009841343557 -0.004096014981
0.007515164855 -0.008521949080
0.002844137808 -0.01030562683
-0.002034931928 -0.009212613328
-0.006090900049 -0.006288725062
-0.008905126052 -0.002155913427
-0.009960578201 0.002731419256
-0.008446227259 0.007496578354
-0.004209433357 0.01015168239
0.0007724555757 0.009726496940
0.005098704523 0.007219791922
0.008289866767 0.003370573361
0.009890447678 -0.001366318104
0.009156508406 -0.006312158088
0.005532623505 -0.009757075826
0.0005438206948 -0.01009151046
-0.004022408226 -0.008054465183
-0.007559001126 -0.004519990589
-0.009649770717 0.00002189035627
-0.009638415443 0.005021877462
-0.006758553452 0.009109223167
-0.001898771478 0.01028502892
0.002869695479 0.008781126365
0.006723149708 0.005595080147
0.009256458695 0.001284355663
0.009899819550 -0.003674080261
0.007826512214 -0.008223959016
0.003269760377 -0.01028211661
-0.001649435669 -0.009386845559
-0.005792299592 -0.006587438744
-0.008727159350 -0.002539402405
-0.009958164100 0.002306691621
-0.008691023856 0.007143462817
-0.004626887242 0.01005598639
0.0003691400096 0.009856708451
0.004773352654 0.007489661560
0.008074916818 0.003734708289
0.009833157419 -0.0009459529879
0.009330411273 -0.005920613410
0.005926453085 -0.009582999061
0.0009611550166 -0.01017105951
-0.003672387095 -0.008292153576
-0.007310301793 -0.004862054939
-0.009543206002 -0.0003883384987
-0.009742453761 0.004607689957
-0.007109508831 0.008858290032
-0.002323792459 0.01030636420
0.002497815395 0.008982695928
0.006444018183 0.005912275182
0.009106039552 0.001679824092
0.009938722965 -0.003250352207
0.008118074197 -0.007907093349
0.003694151855 -0.01023709573
-0.001258139481 -0.009548030767
-0.005485220246 -0.006877489959
-0.008537369828 -0.002917138595
-0.009938102793 0.001882647563
-0.008913995067 0.006776644229
-0.005038930056 0.009936370666
-0.00003905677875 0.009971968638
0.004440074442 0.007749946247
0.007849134164 0.004092308783
0.009759978782 -0.0005281536223
0.009482312376 -0.005520437806
0.006309055241 -0.009384430450
0.001381652257 -0.01023337087
-0.003315276175 -0.008519059549
-0.007051819936 -0.005196674754
-0.009422473312 -0.0007944023216
-0.009825651375 0.004189315914
-0.007443490711 0.008585372166
-0.002749610274 0.01030801155
0.002119680138 0.009172225087
0.006156004073 0.006221277935
0.008942986359 0.002070045620
0.009958663188 -0.002825707701
0.008388975574 -0.007572925918
0.004116205993 -0.01016973937
-0.0008612659612 -0.009695637116
-0.005169816348 -0.007158632274
-0.008336071838 -0.003288900220
-0.009900954296 0.001459904144
-0.009114916386 0.006397732048
-0.005443889566 0.009792369302
-0.0004516921817 0.01007159193
0.004099100049 0.008000290385
0.007612836630 0.004443092718
0.009671446945 -0.0001134546117
0.009612450574 -0.005113106542
0.006678522606 -0.009161818273
0.001804632946 -0.01027770338
-0.002951357621 -0.008734799068
-0.006783871039 -0.005523593547
-0.009288086053 -0.001195902804
-0.009888552916 0.003767910201
-0.007759086248 0.008291777099
-0.003175370216 0.01028916222
0.001735498662 0.009349286235
0.005859306949 0.006521883680
0.008767688594 0.002454781983
0.009960243616 -0.002400916990
0.008638568196 -0.007223071496
0.004534651441 -0.01007926954
-0.0004590850265 -0.009829077436
-0.004846251282 -0.007430583690
-0.008123567888 -0.003654448647
-0.009847262708 0.001039044313
-0.009293721765 0.006008309090
-0.005839950301 0.009623756874
-0.0008682381473 0.01015486728
0.003750691130 0.008240319724
0.007366352907 0.004786772284
0.009568098141 0.0002976389685
0.009721181375 -0.004700017034
0.007033030990 -0.008915921150
0.002229368126 -0.01030330109
-0.002580896296 -0.008938985804
-0.006506741832 -0.005842578720
-0.009140528171 -0.001592499954
-0.009931747678 0.003344500319
-0.008055123224 0.007978966918
-0.003600125173 0.01024898726
0.001345471612 0.009513411000
0.005554095983 0.006813877540
0.008580495109 0.002833813680
0.009944049794 -0.001976666403
0.008866408499 -0.006859154420
0.004948033674 -0.009965009975
-0.00005193641090 -0.009947713902
-0.004514713565 -0.007693025436
-0.007900162398 -0.004013523269
-0.009777564101 0.0006206285241
-0.009450489585 0.005609919281
-0.006225210293 0.009430596379
-0.001288090196 0.01022106785
0.003395128994 0.008469651845
0.007110014145 0.005123067270
0.009450464698 0.0007046635751
0.009808959336 -0.004282468025
0.007370909998 -0.008647776195
0.002655080247 -0.01030938679
-0.002204130578 -0.009131222895
-0.006220680536 -0.006153417254
-0.008980243721 -0.001983907567
-0.009955843938 0.002919989273
-0.008330673528 0.007648500787
-0.004022801610 0.01018665751
0.0009498146517 0.009664079745
0.005240526091 0.007097020076
0.008381724949 0.003206921139
0.009910646116 -0.001553583042
0.009072234485 -0.006482788449
0.005354717666 -0.009826449422
0.0003597565856 -0.01005086824
-0.004175425604 -0.007945607561
-0.007666170401 -0.004365844893
-0.009692393376 0.0002051966135
-0.009585430895 0.005204052385
-0.006597754347 0.009213265381
-0.001710581016 0.01026945515
0.003032697606 0.008687902778
0.006844140347 0.005451716097
0.009319064850 0.001107208219
0.009876315552 -0.003861641915
0.007690695966 -0.008358648367
0.003080931049 -0.01029515745
-0.001821273672 -0.009311089933
-0.005925895013 -0.006455904537
-0.008807632032 -0.002369880583
-0.009961447748 0.002495169190
-0.008585040419 0.007301987563
-0.004442166971 0.01010138028
0.0005487850265 0.009800717417
0.004918757078 0.007371037546
0.008171681955 0.003573870215
0.009860579574 -0.001132256094
0.009255946279 -0.006095563316
0.005752915582 -0.009663304329
0.0007754843647 -0.01013783407
-0.003828642822 -0.008187958983
-0.007421918653 -0.004711125826
-0.009592286742 -0.0002067388141
-0.009698876657 0.004792124916
-0.006955733251 0.008972455555
-0.002134992144 0.01029927701
0.002663666776 0.008894687191
0.006569025692 0.005772480961
0.009174390121 0.001504920043
0.009923831707 -0.003438594629
0.007991162273 -0.008049970656
0.003505996741 -0.01025978742
-0.001432526278 -0.009478128677
-0.005622559982 -0.006749829287
-0.008623050240 -0.002750197028
-0.009949149193 0.002070742877
-0.008817736986 0.006941051534
-0.004856807980 0.009992451443
0.0001427054242 0.009922696702
0.004588970814 0.007635619072
0.007950669143 0.003934405171
0.009794387332 -0.0007132505002
0.009417591260 -0.005699032758
0.006140738760 -0.009475570550
0.001194658302 -0.01020788749
-0.003474643526 -0.008419698338
-0.007167738808 -0.005049083076
-0.009477778125 -0.0006147039364
-0.009791261227 0.004375459222
-0.007297437174 0.008709146058
-0.002560557379 0.01030976150
0.002288281052 0.009089611565
0.006284927422 0.006085145258
0.009016894074 0.001897501742
0.009952113909 -0.003014255974
0.008271327272 -0.007723285203
0.003929234853 -0.01020244503
-0.001038098453 -0.009631831480
-0.005310831899 -0.007034958571
-0.008426822818 -0.003124638815
-0.009919517244 0.001647348543
-0.009028462774 0.006567310122
-0.005265128186 0.009859317530
-0.0002680200326 0.01002934725
0.004251381910 0.007890420862
0.007718998805 0.004288250257
0.009712604145 -0.0002971109880
0.009557352045 -0.005294700085
0.006516268127 -0.009263554908
0.001616623848 -0.01026029256
-0.003113712642 -0.008640441732
-0.006903954645 -0.005379450234
-0.009349389945 -0.001018275370
-0.009863100873 0.003955264726
-0.007621353127 0.008424556286
-0.002986453674 0.01030011142
0.001906758514 0.009272261969
0.005992062045 0.006389503731
0.008846986013 0.002284700553
0.009961770186 -0.002589441038
0.008530444544 -0.007380193266
0.004349450529 -0.01012232547
-0.0006382359680 -0.009771635567
-0.004990867852 -0.007311026765
-0.008219255665 -0.003492975936
-0.009873102175 0.001225582289
-0.009217083364 0.006182359399
-0.005665369977 0.009701639442
-0.0006829005781 0.01011996789
0.003906239039 0.008135075551
0.007476995421 0.004635118572
0.009615766018 0.0001156429016
0.009675534247 -0.004883999862
0.006877633107 -0.009027880797
0.002040673221 -0.01029430058
-0.002746124358 -0.008849804490
-0.006630867229 -0.005701984161
-0.009207620734 -0.001417087269
-0.009914968364 0.003532625786
-0.007926200457 0.008120087199
-0.003411778889 0.01026950524
0.001519301015 0.009442189711
0.005690610578 0.006685347944
0.008665031838 0.002666291069
0.009953394911 -0.002164870343
0.008767982657 -0.007022318005
0.004765271596 -0.01001869985
-0.0002332452628 -0.009896924604
-0.004662843607 -0.007577731100
-0.008000650901 -0.003854957609
-0.009810442624 0.0008060137407
-0.009383614546 0.005787762208
-0.006055661505 0.009519347468
-0.001101364113 0.01019383791
0.003553816687 0.008369203224
0.007224990500 0.004974724938
0.009504408007 0.0005245276581
0.009772550956 -0.004468277101
0.007223087285 -0.008769467051
0.002466051121 -0.01030914459
-0.002372129324 -0.009047395817
-0.006348742626 -0.006016464171
-0.009052933245 -0.001810830676
-0.009947466517 0.003108499586
-0.008210943471 0.007797261439
-0.003835519929 0.01021711037
0.001126114330 0.009598898846
0.005380731967 0.006972450911
0.008471362161 0.003042055892
0.009927561766 -0.001741194333
0.008983601688 -0.006651279808
0.005175141261 -0.009890975653
0.0001764884606 -0.01000703678
-0.004326966040 -0.007834734415
-0.007771318224 -0.004210311975
-0.009732073383 0.0003891922603
-0.009528209921 0.005385034501
-0.006434083749 0.009312677971
-0.001522769499 0.01025022389
0.003194399863 0.008592420154
0.006963310852 0.005306798454
0.009379056098 0.0009291078638
