x y
0.0 1
0.005 1.000000000
0.01 0.9999749377
0.015 0.9999246880
0.02 0.9998491257
0.025 0.9997481254
0.03 0.9996215611
0.035 0.9994693071
0.04 0.9992912370
0.045 0.9990872246
0.05 0.9988571433
0.055 0.9986008667
0.06 0.9983182679
0.065 0.9980092203
0.07 0.9976735970
0.075 0.9973112712
0.08 0.9969221161
0.085 0.9965060051
0.09 0.9960628114
0.095 0.9955924085
0.1 0.9950946701
0.105 0.9945694699
0.11 0.9940166820
0.115 0.9934361807
0.12 0.9928278405
0.125 0.9921915365
0.13 0.9915271438
0.135 0.9908345382
0.14 0.9901135959
0.145 0.9893641936
0.15 0.9885862086
0.155 0.9877795187
0.16 0.9869440024
0.165 0.9860795390
0.17 0.9851860082
0.17500000000000002 0.9842632911
0.18 0.9833112690
0.185 0.9823298246
0.19 0.9813188412
0.195 0.9802782035
0.2 0.9792077969
0.20500000000000002 0.9781075082
0.21 0.9769772253
0.215 0.9758168374
0.22 0.9746262349
0.225 0.9734053097
0.23 0.9721539552
0.23500000000000001 0.9708720662
0.24 0.9695595391
0.245 0.9682162720
0.25 0.9668421649
0.255 0.9654371192
0.26 0.9640010385
0.265 0.9625338282
0.27 0.9610353958
0.275 0.9595056509
0.28 0.9579445052
0.28500000000000003 0.9563518726
0.29 0.9547276696
0.295 0.9530718148
0.3 0.9513842294
0.305 0.9496648373
0.31 0.9479135649
0.315 0.9461303415
0.32 0.9443150990
0.325 0.9424677723
0.33 0.9405882994
0.335 0.9386766213
0.34 0.9367326821
0.34500000000000003 0.9347564292
0.35000000000000003 0.9327478133
0.355 0.9307067887
0.36 0.9286333130
0.365 0.9265273474
0.37 0.9243888569
0.375 0.9222178102
0.38 0.9200141797
0.385 0.9177779421
0.39 0.9155090777
0.395 0.9132075712
0.4 0.9108734114
0.405 0.9085065912
0.41000000000000003 0.9061071081
0.41500000000000004 0.9036749639
0.42 0.9012101649
0.425 0.8987127220
0.43 0.8961826508
0.435 0.8936199714
0.44 0.8910247091
0.445 0.8883968936
0.45 0.8857365600
0.455 0.8830437481
0.46 0.8803185028
0.465 0.8775608742
0.47000000000000003 0.8747709175
0.47500000000000003 0.8719486933
0.48 0.8690942674
0.485 0.8662077109
0.49 0.8632891002
0.495 0.8603385174
0.5 0.8573560499
0.505 0.8543417905
0.51 0.8512958378
0.515 0.8482182958
0.52 0.8451092741
0.525 0.8419688880
0.53 0.8387972583
0.535 0.8355945115
0.54 0.8323607800
0.545 0.8290962014
0.55 0.8258009193
0.555 0.8224750829
0.56 0.8191188470
0.5650000000000001 0.8157323720
0.5700000000000001 0.8123158240
0.5750000000000001 0.8088693746
0.58 0.8053932011
0.585 0.8018874863
0.59 0.7983524185
0.595 0.7947881915
0.6 0.7911950043
0.605 0.7875730615
0.61 0.7839225731
0.615 0.7802437541
0.62 0.7765368249
0.625 0.7728020109
0.63 0.7690395427
0.635 0.7652496557
0.64 0.7614325904
0.645 0.7575885919
0.65 0.7537179103
0.655 0.7498208001
0.66 0.7458975204
0.665 0.7419483350
0.67 0.7379735116
0.675 0.7339733225
0.68 0.7299480439
0.685 0.7258979562
0.6900000000000001 0.7218233437
0.6950000000000001 0.7177244942
0.7000000000000001 0.7136016994
0.705 0.7094552546
0.71 0.7052854583
0.715 0.7010926124
0.72 0.6968770220
0.725 0.6926389952
0.73 0.6883788429
0.735 0.6840968788
0.74 0.6797934193
0.745 0.6754687832
0.75 0.6711232916
0.755 0.6667572681
0.76 0.6623710380
0.765 0.6579649288
0.77 0.6535392696
0.775 0.6490943914
0.78 0.6446306264
0.785 0.6401483085
0.79 0.6356477727
0.795 0.6311293551
0.8 0.6265933928
0.805 0.6220402237
0.81 0.6174701867
0.8150000000000001 0.6128836207
0.8200000000000001 0.6082808657
0.8250000000000001 0.6036622616
0.8300000000000001 0.5990281486
0.835 0.5943788670
0.84 0.5897147570
0.845 0.5850361589
0.85 0.5803434122
0.855 0.5756368566
0.86 0.5709168308
0.865 0.5661836732
0.87 0.5614377212
0.875 0.5566793117
0.88 0.5519087804
0.885 0.5471264622
0.89 0.5423326905
0.895 0.5375277979
0.9 0.5327121155
0.905 0.5278859730
0.91 0.5230496987
0.915 0.5182036192
0.92 0.5133480597
0.925 0.5084833434
0.93 0.5036097920
0.935 0.4987277252
0.9400000000000001 0.4938374609
0.9450000000000001 0.4889393147
0.9500000000000001 0.4840336007
0.9550000000000001 0.4791206305
0.96 0.4742007136
0.965 0.4692741575
0.97 0.4643412674
0.975 0.4594023462
0.98 0.4544576943
0.985 0.4495076100
0.99 0.4445523891
0.995 0.4395923250
1.0 0.4346277086
1.0050000000000001 0.4296588284
1.01 0.4246859702
1.0150000000000001 0.4197094175
1.02 0.4147294511
1.025 0.4097463493
1.03 0.4047603878
1.035 0.3997718397
1.04 0.3947809755
1.045 0.3897880631
1.05 0.3847933677
1.055 0.3797971520
1.06 0.3747996761
1.065 0.3698011972
1.07 0.3648019701
1.075 0.3598022471
1.08 0.3548022776
1.085 0.3498023085
1.09 0.3448025842
1.095 0.3398033463
1.1 0.3348048342
1.105 0.3298072842
1.11 0.3248109305
1.115 0.3198160046
1.12 0.3148227354
1.125 0.3098313494
1.1300000000000001 0.3048420706
1.135 0.2998551206
1.1400000000000001 0.2948707183
1.145 0.2898890806
1.1500000000000001 0.2849104217
1.155 0.2799349535
1.16 0.2749628855
1.165 0.2699944250
1.17 0.2650297770
1.175 0.2600691440
1.18 0.2551127267
1.185 0.2501607231
1.19 0.2452133293
1.195 0.2402707393
1.2 0.2353331448
1.205 0.2304007354
1.21 0.2254736989
1.215 0.2205522207
1.22 0.2156364844
1.225 0.2107266718
1.23 0.2058229624
1.235 0.2009255340
1.24 0.1960345626
1.245 0.1911502222
1.25 0.1862726851
1.2550000000000001 0.1814021218
1.26 0.1765387010
1.2650000000000001 0.1716825898
1.27 0.1668339536
1.2750000000000001 0.1619929562
1.28 0.1571597597
1.285 0.1523345246
1.29 0.1475174100
1.295 0.1427085735
1.3 0.1379081712
1.305 0.1331163576
1.31 0.1283332860
1.315 0.1235591083
1.32 0.1187939751
1.325 0.1140380356
1.33 0.1092914377
1.335 0.1045543284
1.34 0.09982685299
1.345 0.09510915602
1.35 0.09040138072
1.355 0.08570366927
1.36 0.08101616278
1.365 0.07633900133
1.37 0.07167232400
1.375 0.06701626891
1.3800000000000001 0.06237097326
1.385 0.05773657333
1.3900000000000001 0.05311320455
1.395 0.04850100152
1.4000000000000001 0.04390009803
1.405 0.03931062710
1.41 0.03473272102
1.415 0.03016651139
1.42 0.02561212910
1.425 0.02106970444
1.43 0.01653936707
1.435 0.01202124608
1.44 0.007515470001
1.445 0.003022166872
1.45 -0.001458535764
1.455 -0.005926510813
1.46 -0.01038163160
1.465 -0.01482377185
1.47 -0.01925280562
1.475 -0.02366860733
1.48 -0.02807105166
1.485 -0.03246001359
1.49 -0.03683536832
1.495 -0.04119699124
1.5 -0.04554475794
1.5050000000000001 -0.04987854413
1.51 -0.05419822567
1.5150000000000001 -0.05850367845
1.52 -0.06279477846
1.5250000000000001 -0.06707140167
1.53 -0.07133342409
1.5350000000000001 -0.07558072165
1.54 -0.07981317022
1.545 -0.08403064558
1.55 -0.08823302337
1.555 -0.09242017908
1.56 -0.09659198800
1.565 -0.1007483252
1.57 -0.1048890655
1.575 -0.1090140834
1.58 -0.1131232531
1.585 -0.1172164486
1.59 -0.1212935433
1.595 -0.1253544102
1.6 -0.1293989222
1.605 -0.1334269512
1.61 -0.1374383691
1.615 -0.1414330469
1.62 -0.1454108552
1.625 -0.1493716641
1.6300000000000001 -0.1533153428
1.635 -0.1572417600
1.6400000000000001 -0.1611507839
1.645 -0.1650422815
1.6500000000000001 -0.1689161195
1.655 -0.1727721635
1.6600000000000001 -0.1766102784
1.665 -0.1804303283
1.67 -0.1842321763
1.675 -0.1880156846
1.68 -0.1917807144
1.685 -0.1955271260
1.69 -0.1992547785
1.695 -0.2029635302
1.7 -0.2066532380
1.705 -0.2103237579
1.71 -0.2139749444
1.715 -0.2176066512
1.72 -0.2212187305
1.725 -0.2248110331
1.73 -0.2283834088
1.735 -0.2319357057
1.74 -0.2354677707
1.745 -0.2389794492
1.75 -0.2424705850
1.7550000000000001 -0.2459410205
1.76 -0.2493905966
1.7650000000000001 -0.2528191523
1.77 -0.2562265253
1.7750000000000001 -0.2596125512
1.78 -0.2629770643
1.7850000000000001 -0.2663198968
1.79 -0.2696408790
1.795 -0.2729398397
1.8 -0.2762166055
1.805 -0.2794710009
1.81 -0.2827028487
1.815 -0.2859119695
1.82 -0.2890981817
1.825 -0.2922613016
1.83 -0.2954011433
1.835 -0.2985175185
1.84 -0.3016102369
1.845 -0.3046791054
1.85 -0.3077239287
1.855 -0.3107445090
1.86 -0.3137406460
1.865 -0.3167121368
1.87 -0.3196587755
1.875 -0.3225803541
1.8800000000000001 -0.3254766613
1.885 -0.3283474833
1.8900000000000001 -0.3311926031
1.895 -0.3340118010
1.9000000000000001 -0.3368048542
1.905 -0.3395715368
1.9100000000000001 -0.3423116197
1.915 -0.3450248706
1.92 -0.3477110541
1.925 -0.3503699312
1.93 -0.3530012595
1.935 -0.3556047932
1.94 -0.3581802830
1.945 -0.3607274758
1.95 -0.3632461149
1.955 -0.3657359397
1.96 -0.3681966858
1.965 -0.3706280850
1.97 -0.3730298648
1.975 -0.3754017489
1.98 -0.3777434566
1.985 -0.3800547031
1.99 -0.3823351992
1.995 -0.3845846511
2.0 -0.3868027609
2.005 -0.3889892257
2.0100000000000002 -0.3911437383
2.015 -0.3932659864
2.02 -0.3953556531
2.025 -0.3974124165
2.0300000000000002 -0.3994359497
2.035 -0.4014259206
2.04 -0.4033819920
2.045 -0.4053038214
2.05 -0.4071910610
2.055 -0.4090433574
2.06 -0.4108603518
2.065 -0.4126416796
2.07 -0.4143869708
2.075 -0.4160958492
2.08 -0.4177679330
2.085 -0.4194028344
2.09 -0.4210001593
2.095 -0.4225595078
2.1 -0.4240804736
2.105 -0.4255626442
2.11 -0.4270056005
2.115 -0.4284089173
2.12 -0.4297721627
2.125 -0.4310948983
2.13 -0.4323766789
2.1350000000000002 -0.4336170530
2.14 -0.4348155620
2.145 -0.4359717406
2.15 -0.4370851168
2.1550000000000002 -0.4381552116
2.16 -0.4391815393
2.165 -0.4401636072
2.17 -0.4411009157
2.1750000000000003 -0.4419929584
2.18 -0.4428392218
2.185 -0.4436391858
2.19 -0.4443923234
2.195 -0.4450981009
2.2 -0.4457559776
2.205 -0.4463654066
2.21 -0.4469258343
2.215 -0.4474367007
2.22 -0.4478974395
2.225 -0.4483074784
2.23 -0.4486662392
2.235 -0.4489731380
2.24 -0.4492275852
2.245 -0.4494289864
2.25 -0.4495767420
2.255 -0.4496702479
2.2600000000000002 -0.4497088957
2.265 -0.4496920733
2.27 -0.4496191650
2.275 -0.4494895524
2.2800000000000002 -0.4493026145
2.285 -0.4490577285
2.29 -0.4487542704
2.295 -0.4483916153
2.3000000000000003 -0.4479691389
2.305 -0.4474862173
2.31 -0.4469422284
2.315 -0.4463365528
2.32 -0.4456685744
2.325 -0.4449376816
2.33 -0.4441432683
2.335 -0.4432847350
2.34 -0.4423614901
2.345 -0.4413729511
2.35 -0.4403185457
2.355 -0.4391977135
2.36 -0.4380099074
2.365 -0.4367545950
2.37 -0.4354312603
2.375 -0.4340394051
2.38 -0.4325785513
2.3850000000000002 -0.4310482421
2.39 -0.4294480440
2.395 -0.4277775490
2.4 -0.4260363761
2.4050000000000002 -0.4242241737
2.41 -0.4223406212
2.415 -0.4203854314
2.42 -0.4183583525
2.4250000000000003 -0.4162591700
2.43 -0.4140877091
2.435 -0.4118438363
2.44 -0.4095274621
2.445 -0.4071385424
2.45 -0.4046770810
2.455 -0.4021431309
2.46 -0.3995367967
2.465 -0.3968582360
2.47 -0.3941076613
2.475 -0.3912853410
2.48 -0.3883916012
2.485 -0.3854268269
2.49 -0.3823914628
2.495 -0.3792860140
2.5 -0.3761110472
2.505 -0.3728671906
2.5100000000000002 -0.3695551344
2.515 -0.3661756308
2.52 -0.3627294934
2.525 -0.3592175969
2.5300000000000002 -0.3556408767
2.535 -0.3520003273
2.54 -0.3482970014
2.545 -0.3445320084
2.5500000000000003 -0.3407065126
2.555 -0.3368217311
2.56 -0.3328789321
2.565 -0.3288794321
2.57 -0.3248245934
2.575 -0.3207158215
2.58 -0.3165545622
2.585 -0.3123422985
2.59 -0.3080805475
2.595 -0.3037708571
2.6 -0.2994148030
2.605 -0.2950139850
2.61 -0.2905700238
2.615 -0.2860845578
2.62 -0.2815592394
2.625 -0.2769957320
2.63 -0.2723957068
2.6350000000000002 -0.2677608394
2.64 -0.2630928068
2.645 -0.2583932846
2.65 -0.2536639440
2.6550000000000002 -0.2489064494
2.66 -0.2441224554
2.665 -0.2393136048
2.67 -0.2344815260
2.6750000000000003 -0.2296278314
2.68 -0.2247541150
2.685 -0.2198619511
2.69 -0.2149528923
2.695 -0.2100284685
2.7 -0.2050901852
2.705 -0.2001395231
2.71 -0.1951779364
2.715 -0.1902068524
2.72 -0.1852276710
2.725 -0.1802417640
2.73 -0.1752504747
2.735 -0.1702551176
2.74 -0.1652569786
2.745 -0.1602573148
2.75 -0.1552573542
2.755 -0.1502582965
2.7600000000000002 -0.1452613129
2.765 -0.1402675467
2.77 -0.1352781134
2.775 -0.1302941014
2.7800000000000002 -0.1253165725
2.785 -0.1203465624
2.79 -0.1153850813
2.795 -0.1104331144
2.8000000000000003 -0.1054916232
2.805 -0.1005615454
2.81 -0.09564379606
2.815 -0.09073926854
2.82 -0.08584883488
2.825 -0.08097334683
2.83 -0.07611363658
2.835 -0.07127051762
2.84 -0.06644478550
2.845 -0.06163721867
2.85 -0.05684857933
2.855 -0.05207961422
2.86 -0.04733105544
2.865 -0.04260362127
2.87 -0.03789801701
2.875 -0.03321493572
2.88 -0.02855505910
2.8850000000000002 -0.02391905823
2.89 -0.01930759439
2.895 -0.01472131982
2.9 -0.01016087849
2.9050000000000002 -0.005626906921
2.91 -0.001120034878
2.915 0.003359113827
2.92 0.007809920604
2.9250000000000003 0.01223177133
2.93 0.01662405563
2.935 0.02098616612
2.94 0.02531749766
2.945 0.02961744670
2.95 0.03388541045
2.955 0.03812078624
2.96 0.04232297075
2.965 0.04649135932
2.97 0.05062534518
2.975 0.05472431876
2.98 0.05878766694
2.985 0.06281477233
2.99 0.06680501251
2.995 0.07075775929
3.0 0.07467237795
3.005 0.07854822649
3.0100000000000002 0.08238465484
3.015 0.08618100406
3.02 0.08993660557
3.025 0.09365078029
3.0300000000000002 0.09732283786
3.035 0.1009520757
3.04 0.1045377784
3.045 0.1080792163
3.0500000000000003 0.1115756451
3.055 0.1150263048
3.06 0.1184304184
3.065 0.1217871915
3.0700000000000003 0.1250958107
3.075 0.1283554428
3.08 0.1315652339
3.085 0.1347243077
3.09 0.1378317651
3.095 0.1408866824
3.1 0.1438881104
3.105 0.1468350729
3.11 0.1497265654
3.115 0.1525615539
3.12 0.1553389734
3.125 0.1580577263
3.13 0.1607166811
3.1350000000000002 0.1633146704
3.14 0.1658504901
3.145 0.1683228967
3.15 0.1707306064
3.1550000000000002 0.1730722930
3.16 0.1753465860
3.165 0.1775520689
3.17 0.1796872772
3.1750000000000003 0.1817506966
3.18 0.1837407608
3.185 0.1856558499
3.19 0.1874942877
3.1950000000000003 0.1892543407
3.2 0.1909342151
3.205 0.1925320558
3.21 0.1940459439
3.215 0.1954738951
3.22 0.1968138582
3.225 0.1980637135
3.23 0.1992212716
3.235 0.2002842722
3.24 0.2012503840
3.245 0.2021172038
3.25 0.2028822570
3.255 0.2035429987
3.2600000000000002 0.2040968148
3.265 0.2045410247
3.27 0.2048728848
3.275 0.2050895923
3.2800000000000002 0.2051882918
3.285 0.2051660823
3.29 0.2050200262
3.295 0.2047471602
3.3000000000000003 0.2043445087
3.305 0.2038090994
3.31 0.2031379813
3.315 0.2023282459
3.3200000000000003 0.2013770516
3.325 0.2002816509
3.33 0.1990394214
3.335 0.1976479001
3.34 0.1961048206
3.345 0.1944081537
3.35 0.1925561512
3.355 0.1905473905
3.36 0.1883808222
3.365 0.1860558169
3.37 0.1835722117
3.375 0.1809303546
3.38 0.1781311450
3.3850000000000002 0.1751760688
3.39 0.1720672267
3.395 0.1688073534
3.4 0.1653998267
3.4050000000000002 0.1618486660
3.41 0.1581585180
3.415 0.1543346303
3.42 0.1503828136
3.4250000000000003 0.1463093923
3.43 0.1421211455
3.435 0.1378252405
3.44 0.1334291602
3.4450000000000003 0.1289406276
3.45 0.1243675295
3.455 0.1197178415
3.46 0.1149995565
3.465 0.1102206194
3.47 0.1053888669
3.475 0.1005119768
3.48 0.09559742421
3.485 0.09065244638
3.49 0.08568401600
3.495 0.08069882184
3.5 0.07570325667
3.505 0.07070341138
3.5100000000000002 0.06570507472
3.515 0.06071373764
3.52 0.05573460156
3.525 0.05077258972
3.5300000000000002 0.04583236097
3.535 0.04091832537
3.54 0.03603466114
3.545 0.03118533240
3.5500000000000003 0.02637410749
3.555 0.02160457742
3.56 0.01688017444
3.565 0.01220419032
3.5700000000000003 0.007579794459
3.575 0.003010051579
3.58 -0.001502060898
3.585 -0.005953635899
3.59 -0.01034182008
3.595 -0.01466379754
3.6 -0.01891677378
3.605 -0.02309795985
3.61 -0.02720455661
3.615 -0.03123373902
3.62 -0.03518264023
3.625 -0.03904833562
3.63 -0.04282782636
3.6350000000000002 -0.04651802262
3.64 -0.05011572612
3.645 -0.05361761198
3.65 -0.05702020965
3.6550000000000002 -0.06031988283
3.66 -0.06351280816
3.665 -0.06659495252
3.67 -0.06956204883
3.6750000000000003 -0.07240957015
3.68 -0.07513270187
3.685 -0.07772631200
3.69 -0.08018491938
3.6950000000000003 -0.08250265988
3.7 -0.08467325055
3.705 -0.08668995215
3.71 -0.08854553040
3.715 -0.09023221674
3.72 -0.09174166997
3.725 -0.09306494037
3.73 -0.09419243926
3.735 -0.09511391763
3.74 -0.09581845921
3.745 -0.09629449515
3.75 -0.09652984988
3.755 -0.09651183043
3.7600000000000002 -0.09622737455
3.765 -0.09566327585
3.77 -0.09480650607
3.775 -0.09364465433
3.7800000000000002 -0.09216649874
3.785 -0.09036271512
3.79 -0.08822670761
3.795 -0.08575551720
3.8000000000000003 -0.08295072749
3.805 -0.07981925077
3.81 -0.07637385467
3.815 -0.07263329546
3.8200000000000003 -0.06862196975
3.825 -0.06436907804
3.83 -0.05990739061
3.835 -0.05527178620
3.84 -0.05049776842
3.845 -0.04562014547
3.85 -0.04067199900
3.855 -0.03568399359
3.86 -0.03068401386
3.865 -0.02569707524
3.87 -0.02074543720
3.875 -0.01584884971
3.88 -0.01102487510
3.8850000000000002 -0.006289243000
3.89 -0.001656210515
3.895 0.002861088364
3.9 0.007250311192
3.9050000000000002 0.01149959442
3.91 0.01559725669
3.915 0.01953151251
3.92 0.02329018924
3.9250000000000003 0.02686043886
3.93 0.03022843561
3.935 0.03337904938
3.94 0.03629548476
3.9450000000000003 0.03895887552
3.95 0.04134782635
3.955 0.04343789818
3.96 0.04520104488
3.9650000000000003 0.04660503244
3.97 0.04761291787
3.975 0.04818275021
3.98 0.04826780401
3.985 0.04781788705
3.99 0.04678256175
3.995 0.04511733446
4.0 0.04279356444
4.005 0.03981129000
4.01 0.03621103823
4.015 0.03207780188
4.0200000000000005 0.02753200673
4.025 0.02270993018
4.03 0.01774304971
4.035 0.01274478552
4.04 0.007806495195
4.045 0.002999737176
4.05 -0.001618856239
4.055 -0.006002373873
4.0600000000000005 -0.01010897445
4.065 -0.01389787593
4.07 -0.01732573332
4.075 -0.02034304215
4.08 -0.02289018834
4.085 -0.02489283200
4.09 -0.02625662114
4.095 -0.02686231637
4.1 -0.02656563271
4.105 -0.02521378141
4.11 -0.02270109278
4.115 -0.01907233198
4.12 -0.01459591034
4.125 -0.009678274925
4.13 -0.004688807553
4.135 0.0001182658978
4.14 0.004580083298
4.1450000000000005 0.008579365749
4.15 0.01200869562
4.155 0.01474359237
4.16 0.01661712072
4.165 0.01739282061
4.17 0.01675318614
4.175 0.01439614535
4.18 0.01040469698
4.1850000000000005 0.005519626699
4.19 0.0005714550641
4.195 -0.003968443175
4.2 -0.007850928859
4.205 -0.01087211054
4.21 -0.01276853284
4.215 -0.01313677842
4.22 -0.01144340840
4.225 -0.007564827519
4.23 -0.002611402866
4.235 0.002188310414
4.24 0.006291567720
4.245 0.009401468269
4.25 0.01116734085
4.255 0.01102987925
4.26 0.008356721035
4.265 0.003678479467
4.2700000000000005 -0.001247326936
4.275 -0.005497685813
4.28 -0.008690968463
4.285 -0.01042810112
4.29 -0.01006311375
4.295 -0.006952357453
4.3 -0.002070562232
4.305 0.002709504985
4.3100000000000005 0.006627442254
4.315 0.009303277498
4.32 0.01022332302
4.325 0.008601163179
4.33 0.004339771099
4.335 -0.0006442192525
4.34 -0.004997771177
4.345 -0.008249248381
4.3500000000000005 -0.009962876544
4.355 -0.009428532396
4.36 -0.006022461113
4.365 -0.001060595031
4.37 0.003587102582
4.375 0.007255801184
4.38 0.009542637585
4.385 0.009835695761
4.39 0.007331522640
4.3950000000000005 0.002595734782
4.4 -0.002256002019
4.405 -0.006261947745
4.41 -0.009011277060
4.415 -0.009977559460
4.42 -0.008346258992
4.425 -0.004038258248
4.43 0.0009348474447
4.4350000000000005 0.005228849163
4.44 0.008376515581
4.445 0.009917014140
4.45 0.009098331884
4.455 0.005400440758
4.46 0.0004066965063
4.465 -0.004136438362
4.47 -0.007639651665
4.4750000000000005 -0.009684375642
4.48 -0.009606006032
4.485 -0.006651444987
4.49 -0.001772631250
4.495 0.002978994303
4.5 0.006804564955
4.505 0.009299513088
4.51 0.009886798768
4.515 0.007740707434
4.5200000000000005 0.003149412689
4.525 -0.001759071043
4.53 -0.005877669932
4.535 -0.008778973733
4.54 -0.009961440931
4.545 -0.008625734108
4.55 -0.004511889739
4.555 0.0004811985725
4.5600000000000005 0.004864148641
4.565 0.008135543705
4.57 0.009850875592
4.575 0.009285150764
4.58 0.005819641211
4.585 0.0008465192785
4.59 -0.003768960142
4.595 -0.007379418319
4.6000000000000005 -0.009573905701
4.605 -0.009716277035
4.61 -0.007015445392
4.615 -0.002207786057
4.62 0.002599845079
4.625 0.006521024599
4.63 0.009148351819
4.635 0.009930097527
4.64 0.008040752329
4.6450000000000005 0.003578833806
4.65 -0.001365193902
4.655 -0.005569624658
4.66 -0.008590182527
4.665 -0.009945303880
4.67 -0.008855549966
4.675 -0.004927512445
4.68 0.00007240254223
4.6850000000000005 0.004531473996
4.69 0.007911587422
4.695 0.009781428914
4.7 0.009443194227
4.705 0.006206274185
4.71 0.001267073597
4.715 -0.003413034566
4.72 -0.007123033180
4.7250000000000005 -0.009456667208
4.73 -0.009805075841
4.735 -0.007354484206
4.74 -0.002633847274
4.745 0.002223058804
4.75 0.006235149437
4.755 0.008988530082
4.76 0.009955088179
4.765 0.008317439310
4.7700000000000005 0.004001805897
4.775 -0.0009696608965
4.78 -0.005256347681
4.785 -0.008391899860
4.79 -0.009912710536
4.795 -0.009062502956
4.8 -0.005334640321
4.805 -0.0003391440368
4.8100000000000005 0.004192510165
4.815 0.007678074659
4.82 0.009696995256
4.825 0.009579220213
4.83 0.006579523678
4.835 0.001689480431
4.84 -0.003050912709
4.845 -0.006857607537
4.8500000000000005 -0.009325929579
4.855 -0.009873434598
4.86 -0.007675212485
4.865 -0.003059725827
4.87 0.001840488540
4.875 0.005940784823
4.88 0.008816517635
4.885 0.009961597185
4.89 0.008572877813
4.8950000000000005 0.004421373982
4.9 -0.0005688864140
4.905 -0.004934978660
4.91 -0.008182408262
4.915 -0.009863459965
4.92 -0.009247317263
4.925 -0.005733307553
4.93 -0.0007546866299
4.9350000000000005 0.003846092243
4.94 0.007434324674
4.945 0.009597619197
4.95 0.009693727416
4.955 0.006938271022
4.96 0.002113814735
4.965 -0.002682203675
4.97 -0.006582946096
4.9750000000000005 -0.009181904650
4.98 -0.009921924825
4.985 -0.007976666843
4.99 -0.003484854670
4.995 0.001452029370
5.0 0.005637871589
5.005 0.008632524045
5.01 0.009950176771
5.015 0.008806662625
5.0200000000000005 0.004836286874
5.025 -0.0001630493426
5.03 -0.004605586855
5.035 -0.007961934545
5.04 -0.009798058373
5.045 -0.009410058350
5.05 -0.006121693153
5.055 -0.001173703979
5.0600000000000005 0.003492445625
5.065 0.007180631586
5.07 0.009483815524
5.075 0.009787149583
5.08 0.007280823394
5.085 0.002539341455
5.09 -0.002307129148
5.095 -0.006299289893
5.1000000000000005 -0.009025037260
5.105 -0.009951150777
5.11 -0.008257862776
5.115 -0.003908210742
5.12 0.001057879106
5.125 0.005326557988
5.13 0.008436869450
5.135 0.009921395187
5.14 0.009018487451
5.1450000000000005 0.005244962395
5.15 0.0002474555761
5.155 -0.004268381038
5.16 -0.007730787557
5.165 -0.009717039225
5.17 -0.009550903103
5.175 -0.006497879976
5.18 -0.001595546806
5.1850000000000005 0.003131853417
5.19 0.006917318522
5.195 0.009356106752
5.2 0.009859999549
5.205 0.007605657840
5.21 0.002965241838
5.215 -0.001925907490
5.22 -0.006006856742
5.2250000000000005 -0.008855738548
5.23 -0.009961720745
5.235 -0.008518042878
5.24 -0.004328607935
5.245 0.0006582807037
5.25 0.005007000301
5.255 0.008229860097
5.26 0.009875803415
5.265 0.009208210105
5.2700000000000005 0.005645650243
5.275 0.0006621420322
5.28 -0.003923608156
5.285 -0.007489291122
5.29 -0.009620938416
5.295 -0.009670151356
5.3 -0.006859993248
5.305 -0.002019509847
5.3100000000000005 0.002764590633
5.315 0.006644687955
5.32 0.009214992874
5.325 0.009912847899
5.33 0.007911481682
5.335 0.003390618422
5.34 -0.001538740923
5.345 -0.005705829145
5.3500000000000005 -0.008674376422
5.355 -0.009954230017
5.36 -0.008756665569
5.365 -0.004744683276
5.37 0.0002535370644
5.375 0.004679372995
5.38 0.008011797974
5.385 0.009813940476
5.39 0.009375839206
5.3950000000000005 0.006036482811
5.4 0.001080441727
5.405 -0.003571541728
5.41 -0.007237776631
5.415 -0.009510291194
5.42 -0.009768211285
5.425 -0.007206278754
5.43 -0.002444840206
5.4350000000000005 0.002390909273
5.44 0.006363007898
5.445 0.009060938654
5.45 0.009946296553
5.455 0.008197247041
5.46 0.003814464465
5.465 -0.001145834439
5.47 -0.005396366737
5.4750000000000005 -0.008481282967
5.48 -0.009929253341
5.485 -0.008973381925
5.49 -0.005154888992
5.495 -0.0001559708114
5.5 0.004343881229
5.505 0.007782992228
5.51 0.009736341203
5.515 0.009521521764
5.5200000000000005 0.006415541633
5.525 0.001501716632
5.53 -0.003212466653
5.535 -0.006976571467
5.54 -0.009385624262
5.545 -0.009845579288
5.55 -0.007535165522
5.555 -0.002870731965
5.5600000000000005 0.002011034074
5.565 0.006072505793
5.57 0.008894365661
5.575 0.009960954897
5.58 0.008462145280
5.585 0.004235629531
5.59 -0.0007474214641
5.595 -0.005078624518
5.6000000000000005 -0.008276767616
5.605 -0.009887345500
5.61 -0.009168014166
5.615 -0.005557507626
5.62 -0.0005697755818
5.625 0.004000764860
5.63 0.007543764204
5.635 0.009643541215
5.64 0.009645531318
5.6450000000000005 0.006780935116
5.65 0.001925272462
5.655 -0.002846661594
5.66 -0.006705984274
5.665 -0.009247443911
5.67 -0.009902815418
5.675 -0.007845307587
5.68 -0.003296307331
5.6850000000000005 0.001625169664
5.69 0.005773371278
5.695 0.008715651072
5.7 0.009957422077
5.705 0.008705588847
5.71 0.004652791236
5.715 -0.0003437897894
5.72 -0.004752771637
5.7250000000000005 -0.008061132179
5.73 -0.009829047482
5.735 -0.009340538589
5.74 -0.005950692445
5.745 -0.0009873262317
5.75 0.003650292650
5.755 0.007294444438
5.76 0.009536076404
5.765 0.009748253557
5.7700000000000005 0.007130876247
5.775 0.002350366881
5.78 -0.002474384406
5.785 -0.006426291526
5.79 -0.009096223613
5.795 -0.009940516858
5.8 -0.008135602631
5.805 -0.003720586814
5.8100000000000005 0.001233518335
5.815 0.005465767606
5.82 0.008525133927
5.825 0.009936277605
5.83 0.008927188047
5.835 0.005064442403
5.84 0.00006469802122
5.845 -0.004419005754
5.8500000000000005 -0.007834683509
5.855 -0.009754894465
5.86 -0.009491072480
5.865 -0.006332529788
5.87 -0.001407998986
5.875 0.003292748490
5.88 0.007035362428
5.885 0.009414476298
5.89 0.009830167287
5.8950000000000005 0.007463748972
5.9 0.002776206902
5.905 -0.002095865672
5.91 -0.006137729760
5.915 -0.008932394892
5.92 -0.009959293125
5.925 -0.008405190161
5.93 -0.004142454675
5.9350000000000005 0.0008363048797
5.94 0.005149849128
5.945 0.008323127393
5.95 0.009898080309
5.955 0.009126728758
5.96 0.005468900616
5.965 0.0004775939211
5.97 -0.004077559190
5.9750000000000005 -0.007597740218
5.98 -0.009665421721
5.985 -0.009619862408
5.99 -0.006701115201
5.995 -0.001831111051
6.0 0.002928413882
6.005 0.006766832258
6.01 0.009279252833
6.015000000000001 0.009891820711
6.0200000000000005 0.007778154978
6.025 0.003201932946
6.03 -0.001711313282
6.035 -0.005840496296
6.04 -0.008756344488
6.045 -0.009959746758
6.05 -0.008653435498
6.055 -0.004560628473
6.0600000000000005 0.0004338029852
6.065 0.004825780383
6.07 0.008109933728
6.075 0.009843373547
6.08 0.009304154322
6.085 0.005864343126
6.09 0.0008943647447
6.095 -0.003728695252
6.1000000000000005 -0.007350631465
6.105 -0.009561165448
6.11 -0.009727270633
6.115 -0.007054632175
6.12 -0.002255930535
6.125 0.002557552206
6.13 0.006489138468
6.135 0.009130887723
6.140000000000001 0.009933805034
6.1450000000000005 0.008072937387
6.15 0.003626591038
6.155 -0.001320928075
6.16 -0.005534758888
6.165 -0.008568419019
6.17 -0.009942461995
6.175 -0.008879907066
6.18 -0.004973642085
6.1850000000000005 0.00002635731113
6.19 0.004493751841
6.195 0.007885857832
6.2 0.009772693146
6.205 0.009459551744
6.21 0.006248864873
6.215 0.001314401676
6.22 -0.003372695937
6.2250000000000005 -0.007093688138
6.23 -0.009442657435
6.235 -0.009813757198
6.24 -0.007391421891
6.245 -0.002681676590
6.25 0.002180400114
6.255 0.006202526722
6.26 0.008969822303
6.265000000000001 0.009956728947
6.2700000000000005 0.008347183039
6.275 0.004049098596
6.28 -0.0009249275315
6.285 -0.005220672191
6.29 -0.008368936134
6.295 -0.009908001973
6.3 -0.009084353509
6.305 -0.005379849867
6.3100000000000005 -0.0003856034173
6.315 0.004153988102
6.32 0.007651215523
6.325 0.009686574078
6.33 0.009593139958
6.335 0.006620552466
6.34 0.001737033924
6.345 -0.003009844789
6.3500000000000005 -0.006827229044
6.355 -0.009310414623
6.36 -0.009879857137
6.365 -0.007710034849
6.37 -0.003107506463
6.375 0.001797169542
6.38 0.005907202506
6.385 0.008796453113
6.390000000000001 0.009961197821
6.3950000000000005 0.008600208981
6.4 0.004468212259
6.405 -0.0005235723410
6.41 -0.004898396930
6.415 -0.008158199225
6.42 -0.009856912831
6.425 -0.009266684544
6.43 -0.005777455939
6.4350000000000005 -0.0008015643704
6.44 0.003806746395
6.445 0.007406334137
6.45 0.009585552578
6.455 0.009705256919
6.46 0.006977563372
6.465 0.002161540062
6.47 -0.002640410274
6.4750000000000005 -0.006551546318
6.48 -0.009164926458
6.485 -0.009926154406
6.49 -0.008009259704
6.495 -0.003532489970
6.5 0.001408061061
6.505 0.005603338900
6.51 0.008611134905
6.515000000000001 0.009947800485
6.5200000000000005 0.008831540611
6.525 0.004882507146
6.53 -0.0001171899125
6.535 -0.004568116798
6.54 -0.007936511657
6.545 -0.009789731388
6.55 -0.009426956328
6.555 -0.006164567531
6.5600000000000005 -0.001220932391
6.565 0.003452305959
6.57 0.007151545255
6.575 0.009470162172
6.58 0.009796342775
6.585 0.007318198574
6.59 0.002587150745
6.595 -0.002264635208
6.6000000000000005 -0.006266894680
6.605 -0.009006643858
6.61 -0.009953255836
6.615 -0.008288129929
6.62 -0.003955576071
6.625 0.001013286174
6.63 0.005291091832
6.635 0.008414190555
6.640000000000001 0.009917104605
6.6450000000000005 0.009040888396
6.65 0.005290375831
6.655 0.0002938102554
6.66 -0.004230048596
6.665 -0.007704186481
6.67 -0.009706992423
6.675 -0.009565359540
6.68 -0.006539266263
6.6850000000000005 -0.001643049277
6.69 0.003090951536
6.695 0.006887171669
6.7 0.009340924166
6.705 0.009866918095
6.71 0.007640958795
6.715 0.003013038765
6.72 -0.001882736242
6.7250000000000005 -0.005973488175
6.73 -0.008835973315
6.735 -0.009961768971
6.74 -0.008545913191
6.745 -0.004375559423
6.75 0.0006130937520
6.755 0.004970619062
6.76 0.008205925305
6.765000000000001 0.009869659494
6.7700000000000005 0.009228127713
6.775 0.005690051953
6.78 0.0007089320665
6.785 -0.003884442942
6.79 -0.007461548848
6.795 -0.009609232014
6.8 -0.009682207001
6.805 -0.006899687195
6.8100000000000005 -0.002067204214
6.815 0.002722956144
6.82 0.006613512567
6.825 0.009198335180
6.83 0.009917558289
6.835 0.007944578534
6.84 0.003438296054
6.845 -0.001494914800
6.8500000000000005 -0.005671505976
6.855 -0.008653278214
6.86 -0.009952287009
6.865 -0.008782090702
6.87 -0.004791056318
6.875 0.0002077947225
6.88 0.004642098016
6.885 0.007986641475
6.890000000000001 0.009806003336
6.8950000000000005 0.009393283298
6.9 0.006079658585
6.905 0.001127598705
6.91 -0.003531575479
6.915 -0.007208930370
6.92 -0.009496984942
6.925 -0.009777917891
6.93 -0.007244093900
6.9350000000000005 -0.002492638872
6.94 0.002348568733
6.945 0.006330831558
6.95 0.009042855417
6.955 0.009948867218
6.96 0.008228037345
6.965 0.003861901426
6.97 -0.001101377729
6.9750000000000005 -0.005361106236
6.98 -0.008458887374
6.985 -0.009925382297
6.99 -0.008996333750
6.995 -0.005200498711
7.0 -0.0002022204235
7.005 0.004305737731
7.01 0.007756649471
7.015000000000001 0.009726670889
7.0200000000000005 0.009536516975
7.025 0.006457276298
7.03 0.001549165193
7.035 -0.003171731281
7.04 -0.006946657079
7.045 -0.009370776251
7.05 -0.009852997039
7.055 -0.007570939011
7.0600000000000005 -0.002918540440
7.065 0.001968011214
7.07 0.006039351534
7.075 0.008874901385
7.08 0.009961453857
7.085 0.008490552470
7.09 0.004282686338
7.095 -0.0007023633217
7.1000000000000005 -0.005042444649
7.105 -0.008253108630
7.11 -0.009881607694
7.115 -0.009188482612
7.12 -0.005602152164
7.125 -0.0006164746285
7.13 0.003961781771
7.135 0.007516271973
7.140000000000001 0.009632197945
7.1450000000000005 0.009658115665
7.15 0.006821021486
7.155 0.001972931603
7.16 -0.002805187288
7.165 -0.006675034606
7.17 -0.009231109141
7.175 -0.009908009994
7.18 -0.007878903404
7.1850000000000005 -0.003344021351
7.19 0.001581486893
7.195 0.005739258457
7.2 0.008694845533
7.205 0.009955915455
7.21 0.008731559753
7.215 0.004699307938
7.22 -0.0002981668973
7.2250000000000005 -0.004715692972
7.23 -0.008036243809
7.235 -0.009821503140
7.24 -0.009358530014
7.245 -0.005994158983
7.25 -0.001034408061
7.255 0.003610501395
7.26 0.007265840018
7.265000000000001 0.009523120117
7.2700000000000005 0.009758476552
7.275 0.007169123326
7.28 0.002398150281
7.285 -0.002432198429
7.29 -0.006394335189
7.295 -0.009078452732
7.3 -0.009943556484
7.305 -0.008166912324
7.3100000000000005 -0.003768088547
7.315 0.001189199273
7.32 0.005430713638
7.325 0.008503023304
7.33 0.009932829114
7.335 0.008950690261
7.34 0.005110238439
7.345 0.0001108397123
7.3500000000000005 -0.004381052630
7.355 -0.007808600887
7.36 -0.009745603607
7.365 -0.009506608346
7.37 -0.006374602593
7.375 -0.001455389645
7.38 0.003252181119
7.385 0.007005682128
7.390000000000001 0.009399965577
7.3950000000000005 0.009838087490
7.4 0.007499988292
7.405 0.002824021804
7.41 -0.002052992294
7.415 -0.006104790756
7.42 -0.008913233528
7.425 -0.009960246077
7.43 -0.008434131618
7.4350000000000005 -0.004189608923
7.44 0.0007913773476
7.445 0.005113871638
7.45 0.008299745883
7.455 0.009892751580
7.46 0.009147748360
7.465 0.005513777466
7.47 0.0005241986896
7.4750000000000005 -0.004038759783
7.48 -0.007570499874
7.485 -0.009654444540
7.49 -0.009632977905
7.495 -0.006741584561
7.5 -0.001878730718
7.505 0.002887101104
7.51 0.006736109722
7.515000000000001 0.009263243484
7.5200000000000005 0.009897502842
7.525 0.007812244421
7.53 0.003249677563
7.535 -0.001667775017
7.54 -0.005806594674
7.545 -0.008735833394
7.55 -0.009958679659
7.555 -0.008679950590
7.5600000000000005 -0.004607279929
7.565 0.0003883018057
7.57 0.004788899232
7.575 0.008085315217
7.58 0.009836224959
7.585 0.009322694143
7.59 0.005908089764
7.595 0.0009413677751
7.6000000000000005 -0.003689080580
7.605 -0.007322270683
7.61 -0.009548562018
7.615 -0.009738012913
7.62 -0.007093302872
7.625 -0.002303694109
7.63 0.002515521983
7.635 0.006457403315
7.640000000000001 0.009113431445
7.6450000000000005 0.009937316992
7.65 0.008104762435
7.655 0.003674150892
7.66 -0.001276748021
7.665 -0.005499912313
7.67 -0.008546595045
7.675 -0.009939439088
7.68 -0.008903958989
7.6850000000000005 -0.005019614637
7.69 -0.00001967371105
7.695 0.004455990483
7.7 0.007860037148
7.705 0.009763784711
7.71 0.009475630004
7.715 0.006291265453
7.72 0.001361730498
7.7250000000000005 -0.003332298087
7.73 -0.007064243590
7.735 -0.009428486757
7.74 -0.009822183052
7.745 -0.007428120036
7.75 -0.002729492920
7.755 0.002137677318
7.76 0.006169803955
7.765000000000001 0.008950965855
7.7700000000000005 0.009958139176
7.775 0.008376655911
7.78 0.004096342637
7.785 -0.0008801323173
7.79 -0.005184898053
7.795 -0.008345833765
7.8 -0.009903085291
7.805000000000001 -0.009105924410
7.8100000000000005 -0.005424948605
7.815 -0.0004321107089
7.82 0.004115373911
7.825 0.007624228907
7.83 0.009675965949
7.835 0.009606788935
7.84 0.006661395172
7.845 0.001784609926
7.8500000000000005 -0.002968694918
7.855 -0.006796735102
7.86 -0.009294733246
7.865 -0.009886030178
7.87 -0.007744612281
7.875 -0.003155276054
7.88 0.001753776908
7.885 0.005873512944
7.890000000000001 0.008776238274
7.8950000000000005 0.009960573408
7.9 0.008627266454
7.905 0.004514989787
7.91 -0.0004781950288
7.915 -0.004861714448
7.92 -0.008133852288
7.925 -0.009850162950
7.930000000000001 -0.009285773662
7.9350000000000005 -0.005821472011
7.94 -0.0008484850260
7.945 0.003767309894
7.95 0.007378218805
7.955 0.009573304918
7.96 0.009716521292
7.965 0.007016649106
7.97 0.002209279329
7.9750000000000005 -0.002598537027
7.98 -0.006520033578
7.985 -0.009147787087
7.99 -0.009930142075
7.995 -0.008041595790
8.0 -0.003580101504
8.005 0.001364021316
8.01 0.005568700567
8.015 0.008589599272
8.02 0.009945206215
8.025 0.008856141372
8.03 0.004928646594
8.035 -0.00007127220039
8.040000000000001 -0.004530548559
8.045 -0.007910954697
8.05 -0.009781208338
8.055 -0.009443578579
8.06 -0.006207285420
8.065 -0.001268195500
8.07 0.003412079171
8.075 0.007122338157
8.08 0.009456334329
8.085 0.009805277424
8.09 0.007355348238
8.095 0.002634963615
8.1 -0.002222064107
8.105 -0.006234389171
8.11 -0.008988094382
8.115 -0.009955126649
8.120000000000001 -0.008318131111
8.125 -0.004002902486
8.13 0.0009686248989
8.135 0.005255521988
8.14 0.008391368988
8.145 0.009912602951
8.15 0.009063010564
8.155 0.005335686137
8.16 0.0003402169637
8.165000000000001 -0.004191621134
8.17 -0.007677455434
8.175 -0.009696756313
8.18 -0.009579544207
8.185 -0.006580472479
8.19 -0.001690577482
8.195 0.003049965986
8.2 0.006856907832
8.205 0.009325573361
8.21 0.009873585379
8.215 0.007676018276
8.22 0.003060827861
8.225 -0.001839490349
8.23 -0.005940011554
8.235 -0.008816056576
8.24 -0.009961590434
8.245000000000001 -0.008573511021
8.25 -0.004422454566
8.255 0.0005678423581
8.26 0.004934136359
8.265 0.008181851641
8.27 0.009863311275
8.275 0.009247766868
8.28 0.005734326807
8.285 0.0007557668472
8.290000000000001 -0.003845186198
8.295 -0.007433680794
8.3 -0.009597343052
8.305 -0.009693996182
8.31 -0.006939179123
8.315 -0.002114914765
8.32 0.002681241128
8.325 0.006582223522
8.33 0.009181515075
8.335 0.009922025051
8.34 0.007977421060
8.345 0.003485953023
8.35 -0.001451016612
8.355 -0.005637076727
8.36 -0.008632032631
8.365 -0.009950124450
8.370000000000001 -0.008807239230
8.375 -0.004837353234
8.38 0.0001619928538
8.385 0.004604724205
8.39 0.007961350010
8.395 0.009797868632
8.4 0.009410450987
8.405 0.006122683229
8.41 0.001174792285
8.415000000000001 -0.003491521315
8.42 -0.007179962455
8.425 -0.009483502759
8.43 -0.009787364419
8.435 -0.007281687485
8.44 -0.002540443497
8.445 0.002306150455
8.45 0.006298544367
8.455 0.009024615020
8.46 0.009951201946
8.465 0.008258563477
8.47 0.003909303024
8.475 -0.001056851930
8.48 -0.005325741597
8.485 -0.008436348270
8.49 -0.009921298663
8.495000000000001 -0.009019006973
8.5 -0.005246010400
8.505 -0.0002485235447
8.51 0.004267498478
8.515 0.007730175821
8.52 0.009716809765
8.525 0.009551239414
8.53 0.006498836014
8.535 0.001596641527
8.540000000000001 -0.003130911498
8.545 -0.006916624902
8.55 -0.009355758665
8.555 -0.009860161869
8.56 -0.007606474298
8.565 -0.002966343722
8.57 0.001924913157
8.575000000000001 0.006006088754
8.58 0.008855284633
8.585 0.009961724416
8.59 0.008518688403
8.595 0.004329690872
8.6 -0.0006572397915
8.605 -0.005006162792
8.61 -0.008229309923
8.615 -0.009875664092
8.620000000000001 -0.009208672378
8.625 -0.005646675192
8.63 -0.0006632201173
8.635 0.003922706360
8.64 0.007488653032
8.645 0.009620670623
8.65 0.009670432266
8.655 0.006860910523
8.66 0.002020609099
8.665000000000001 -0.002763631791
8.67 -0.006643970588
8.675 -0.009214610717
8.68 -0.009912959232
8.685 -0.007912247479
8.69 -0.003391717700
8.695 0.001537731465
8.700000000000001 0.005705039129
8.705 0.008673891733
8.71 0.009954187705
8.715 0.008757254777
8.72 0.004745753099
8.725 -0.0002524832942
8.73 -0.004678514853
8.735 -0.008011219594
8.74 -0.009813759740
8.745000000000001 -0.009376244439
8.75 -0.006037479774
8.755 -0.001081528363
8.76 0.003570621425
8.765 0.007237113044
8.77 0.009509986447
8.775 0.009768437974
8.78 0.007207152942
8.785 0.002445941977
8.790000000000001 -0.002389934123
8.795 -0.006362267424
8.8 -0.009060523576
8.805 -0.009946358475
8.81 -0.008197959782
8.815 -0.003815558359
8.82 0.001144810411
8.825000000000001 0.005395555091
8.83 0.008480768326
8.835 0.009929166506
8.84 0.008973914144
8.845 0.005155941465
8.85 0.0001570363425
8.855 -0.004343003032
8.86 -0.007782386456
8.865 -0.009736120438
8.870000000000001 -0.009521870506
8.875 -0.006416505644
8.88 -0.001502810088
8.885 0.003211528581
8.89 0.006975883214
8.895 0.009385283902
8.9 0.009845753135
8.905 0.007535992836
8.91 0.002871834087
8.915000000000001 -0.002010043166
8.92 -0.006071742750
8.925 -0.008893918694
8.93 -0.009960968977
8.935 -0.008462803167
8.94 -0.004236714851
8.945 0.0007463835306
8.950000000000001 0.005077791655
8.955 0.008276223810
8.96 0.009887215556
8.965 0.009168489141
8.97 0.005558538114
8.975 0.0005708515520
8.98 -0.003999867270
8.985 -0.007543131887
8.99 -0.009643281810
8.995000000000001 -0.009645824431
9.0 -0.006781861385
9.005 -0.001926370879
9.01 0.002845706451
9.015 0.006705272117
9.02 0.009247069212
9.025 0.009902937932
9.03 0.007846084858
9.035 0.003297407416
9.040000000000001 -0.001624163515
9.045 -0.005772586114
9.05 -0.008715173138
9.055 -0.009957389842
9.06 -0.008706190628
9.065 -0.004653864321
9.07 0.0003427387849
9.075000000000001 0.004751918027
9.08 0.008060559989
9.085 0.009828875818
9.09 0.009340956446
9.095 0.005951696051
9.1 0.0009884111153
9.105 -0.003649376389
9.11 -0.007293786436
9.115 -0.009535779740
9.120000000000001 -0.009748492167
9.125 -0.007131760346
9.13 -0.002351468275
9.135 0.002473412825
9.14 0.006425556130
9.145 0.009095815748
9.15 0.009940589609
9.155 0.008136327322
9.16 0.003721682164
9.165000000000001 -0.001232497487
9.17 -0.005464960726
9.175 -0.008524625865
9.18 -0.009936200528
9.185 -0.008927732949
9.19 -0.005065499115
9.195 -0.00006576104880
9.200000000000001 0.004418131953
9.205 0.007834083744
9.21 0.009754682464
9.215 0.009491433696
9.22 0.006333501536
9.225 0.001409091086
9.23 -0.003291814299
9.235 -0.007034679581
9.24 -0.009414143729
9.245000000000001 -0.009830352735
9.25 -0.007464586986
9.255 -0.002777309144
9.26 0.002094878216
9.265 0.006136971684
9.27 0.008931954919
9.275 0.009959317689
9.28 0.008405860349
9.285 0.004143542197
9.290000000000001 -0.0008352699667
9.295 -0.005149020936
9.3 -0.008322589991
9.305 -0.009897959812
9.31 -0.009127216439
9.315 -0.005469936399
9.32 -0.0004786676993
9.325000000000001 0.004076665844
9.33 0.007597113719
9.335 0.009665170772
9.34 0.009620167778
9.345 0.006702050245
9.35 0.001832208534
9.355 -0.002927462470
9.36 -0.006766125345
9.365 -0.009278885650
9.370000000000001 -0.009891954483
9.375 -0.007778943596
9.38 -0.003203033704
9.385 0.001710310471
9.39 0.005839716007
9.395 0.008755873352
9.4 0.009959724674
9.405 0.008654049814
9.41 0.004561704614
9.415000000000001 -0.0004327547989
9.42 -0.004824931332
9.425 -0.008109367768
9.43 -0.009843211022
9.435 -0.009304584826
9.44 -0.005865353127
9.445 -0.0008954477910
9.450000000000001 0.003727783071
9.455 0.007349979090
9.46 0.009560876935
9.465 0.009727521230
9.47 0.007055525991
9.475 0.002257031446
9.48 -0.002556584223
9.485 -0.006488408178
9.49 -0.009130487123
9.495000000000001 -0.009933888692
9.5 -0.008073673935
9.505 -0.003627687690
9.51 0.001319910439
9.515 0.005533956794
9.52 0.008567917574
9.525 0.009942394745
9.53 0.008880464635
9.535 0.004974702811
9.540000000000001 -0.00002529685003
9.545 -0.004492882469
9.55 -0.007885264116
9.555 -0.009772489979
9.56 -0.009459925472
9.565 -0.006249844117
9.57 -0.001315492328
9.575000000000001 0.003371765662
9.58 0.007093010735
9.585 0.009442332720
9.59 0.009813954320
9.595 0.007392270442
9.6 0.002682778838
9.605 -0.002179416135
9.61 -0.006201773636
9.615 -0.008969389370
9.620000000000001 -0.009956764071
9.625 -0.008347865461
9.63 -0.004050188146
9.635 0.0009238956774
9.64 0.005219848692
9.645 0.008368405176
9.65 0.009907890991
9.655 0.009084853899
9.66 0.005380890707
9.665000000000001 0.0003866749311
9.67 -0.004153099033
9.675 -0.007650594883
9.68 -0.009686331653
9.685 -0.009593457638
9.69 -0.006621496060
9.695 -0.001738130376
9.700000000000001 0.003008897140
9.705 0.006826527409
9.71 0.009310055015
9.715 0.009880002244
9.72 0.007710834682
9.725 0.003108607764
9.73 -0.001796170094
9.735 -0.005906427110
9.74 -0.008795988817
9.745000000000001 -0.009961185959
9.75 -0.008600835788
9.755 -0.004469291257
9.76 0.0005225270224
9.765 0.004897552467
9.77 0.008157639536
9.775 0.009856759514
9.78 0.009267127715
9.785 0.005778472090
9.790000000000001 0.0008026454972
9.795 -0.003805838331
9.8 -0.007405687431
9.805 -0.009585272283
9.81 -0.009705519566
9.815 -0.006978466705
9.82 -0.002162640387
9.825000000000001 0.002639445917
9.83 0.006550821163
9.835 0.009164533177
9.84 0.009926249050
9.845 0.008010008005
9.85 0.003533587776
9.855 -0.001407046668
9.86 -0.005602541612
9.865 -0.008610640117
9.870000000000001 -0.009947743134
9.875 -0.008832110826
9.88 -0.004883571663
9.885 0.0001161320793
9.89 0.004567251886
9.895 0.007935924031
9.9 0.009789537121
9.905 0.009427342605
9.91 0.006165554029
9.915000000000001 0.001222021505
9.92 -0.003451379637
9.925 -0.007150873336
9.93 -0.009469845377
9.935 -0.009796551643
9.94 -0.007319057488
9.945 -0.002588252883
9.950000000000001 0.002263654734
9.955 0.006266146610
9.96 0.009006218015
9.965 0.009953301595
9.97 0.008288824509
9.975 0.003956667476
9.98 -0.001012257418
9.985 -0.005290273049
9.99 -0.008413666081
9.995000000000001 -0.009917003207
10.0 -0.009041401492
10.005 -0.005291421486
10.01 -0.0002948794309
10.015 0.004229163842
10.02 0.007703571744
10.025 0.009706758591
10.03 0.009565689580
10.035 0.006540218178
10.040000000000001 0.001644144602
10.045 -0.003090007686
10.05 -0.006886475349
10.055 -0.009340572194
10.06 -0.009867074614
10.065 -0.007641769705
10.07 -0.003014140483
10.075000000000001 0.001881740186
10.08 0.005972717695
10.085 0.008835515902
10.09 0.009961767405
10.095 0.008546552442
10.1 0.004376641083
10.105 -0.0006120513493
10.11 -0.004969779211
10.115 -0.008205371926
10.120000000000001 -0.009869515454
10.125 -0.009228583566
10.13 -0.005691074007
10.135 -0.0007100111924
10.14 0.003883539032
10.145 0.007460907853
10.15 0.009608960005
10.155 0.009682481761
10.16 0.006900599839
10.165000000000001 0.002068303851
10.17 -0.002721995443
10.175 -0.006612792576
10.18 -0.009197949272
10.185 -0.009917663996
10.19 -0.007945338483
10.195 -0.003439394872
10.200000000000001 0.001493903678
10.205 0.005670713514
10.21 0.008652790123
10.215 0.009952239627
10.22 0.008782673537
10.225 0.004792124412
10.23 -0.0002067395745
10.235 -0.004641237593
10.24 -0.007986059979
10.245000000000001 -0.009805818038
10.25 -0.009393682156
10.255 -0.006080652093
10.26 -0.001128686194
10.265 0.003530653147
10.27 0.007208263975
10.275 0.009496676131
10.28 0.009778138576
10.285 0.007244963003
10.290000000000001 0.002493740792
10.295 -0.002347591789
10.3 -0.006330088527
10.305 -0.009042436711
10.31 -0.009948923691
10.315 -0.008228744006
10.32 -0.003862994523
10.325000000000001 0.001100352105
10.33 0.005360292189
10.335 0.008458369421
10.34 0.009925290553
10.345 0.008996859546
10.35 0.005201548952
10.355 0.0002032871943
10.36 -0.004304857324
10.365 -0.007756040678
10.370000000000001 -0.009726445718
10.375 -0.009536859424
10.38 -0.006458236305
10.385 -0.001550259300
10.39 0.003170791260
10.395 0.006945966107
10.4 0.009370431975
10.405 0.009853165046
10.41 0.007571760853
10.415000000000001 0.002919642456
10.42 -0.001967018571
10.425 -0.006038585987
10.43 -0.008874450898
10.435 -0.009961462662
10.44 -0.008491204111
10.445 -0.004283770475
10.450000000000001 0.0007013238766
10.455 0.005041609433
10.46 0.008252561598
10.465 0.009881472997
10.47 0.009188951161
10.475 0.005603179879
10.48 0.0006175516774
10.485 -0.003960882050
10.49 -0.007515636731
10.495000000000001 -0.009631934289
10.5 -0.009658402598
10.505 -0.006821943232
10.51 -0.001974030454
10.515 0.002804230272
10.52 0.006674319810
10.525 0.009230730663
10.53 0.009908126842
10.535 0.007879674886
10.540000000000001 0.003345121043
10.545 -0.001580479068
10.55 -0.005738470837
10.555 -0.008694364177
10.56 -0.009955878114
10.565 -0.008732155178
10.57 -0.004700379398
10.575000000000001 0.0002971144885
10.58 0.004714837068
10.585 0.008035668483
10.59 0.009821326880
10.595 0.009358941482
10.6 0.005995159258
10.605 0.001035493840
10.61 -0.003609583086
10.615 -0.007265179187
10.620000000000001 -0.009522819357
10.625 -0.009758709123
10.63 -0.007170002435
10.635 -0.002399251877
10.64 0.002431225041
10.645 0.006393597222
10.65 0.009078041213
10.655 0.009943623748
10.66 0.008167630981
10.665000000000001 0.003769183178
10.67 -0.001188176814
10.675 -0.005429904346
10.68 -0.008502511910
10.685 -0.009932747092
10.69 -0.008951228748
10.695 -0.005111293033
10.700000000000001 -0.0001119040122
10.705 0.004380176603
10.71 0.007807998080
10.715 0.009745387166
10.72 0.009506963247
10.725 0.006375570456
10.73 0.001456482441
10.735 -0.003251244962
10.74 -0.007004996544
10.745000000000001 -0.009399629060
10.75 -0.009838267060
10.755 -0.007500820913
10.76 -0.002825123998
10.765 0.002052003090
10.77 0.006104030166
10.775 0.008912790012
10.78 0.009960265328
10.785 0.008434795591
10.790000000000001 0.004190695351
10.795 -0.0007903409031
10.8 -0.005113041082
10.805 -0.008299205238
10.81 -0.009892626296
10.815 -0.009148229612
10.82 -0.005514810599
10.825000000000001 -0.0005252735847
10.83 0.004037864286
10.835 0.007569870427
10.84 0.009654189305
10.845 0.009633277067
10.85 0.006742515193
10.855 0.001879828684
10.86 -0.002886147802
10.865 -0.006735400154
10.870000000000001 -0.009262872492
10.875 -0.009897630909
10.88 -0.007813027314
10.885 -0.003250777995
10.89 0.001666770516
10.895 0.005805811918
10.9 0.008735358816
10.905 0.009958652431
10.91 0.008680558569
10.915000000000001 0.004608354548
10.92 -0.0003872521897
10.925 -0.004788047874
10.93 -0.008084746102
10.935 -0.009836057803
10.94 -0.009323118246
10.945 -0.005909096558
10.950000000000001 -0.0009424517589
10.955 0.003688166333
10.96 0.007321615458
10.965 0.009548269375
10.97 0.009738257438
10.975 0.007094191796
10.98 0.002304795275
10.985 -0.002514552179
10.99 -0.006456670440
10.995000000000001 -0.009113027165
11.0 -0.009937395124
11.005 -0.008105492996
11.01 -0.003675246902
11.015 0.001275728759
11.02 0.005499107797
11.025 0.008546090249
11.03 0.009939366859
11.035 0.008904510153
11.040000000000001 0.005020673358
11.045 0.00002073547626
11.05 -0.004455118868
11.055 -0.007859440367
11.06 -0.009763577067
11.065 -0.009475997398
11.07 -0.006292240934
11.075000000000001 -0.001362821892
11.08 0.003331365829
11.085 0.007063563429
11.09 0.009428158062
11.095 0.009822374259
11.1 0.007428963276
11.105 0.002730595177
11.11 -0.002136691579
11.115 -0.006169048343
11.120000000000001 -0.008950529356
11.125 -0.009958168949
11.13 -0.008377332152
11.135 -0.004097431181
11.14 0.0008790989129
11.145 0.005184072179
11.15 0.008345299544
11.155 0.009902969488
11.16 0.009106418370
11.165000000000001 0.005425986915
11.17 0.0004331833759
11.175 -0.004114482676
11.18 -0.007623605299
11.185 -0.009675719204
11.19 -0.009607100382
11.195 -0.006662334469
11.200000000000001 -0.001785706911
11.205 0.002967745363
11.21 0.006796030794
11.215 0.009294369799
11.22 0.009886169541
11.225 0.007745406458
11.23 0.003156377096
11.235 -0.001752775757
11.24 -0.005872735070
11.245000000000001 -0.008775770513
11.25 -0.009960556366
11.255 -0.008627886949
11.26 -0.004516067364
11.265 0.0004771482543
11.27 0.004860867661
11.275 0.008133289422
11.28 0.009850004967
11.285 0.009286210423
11.290000000000001 0.005822485081
11.295 0.0008495671334
11.3 -0.003766399744
11.305 -0.007377569227
11.31 -0.009573020458
11.315 -0.009716777836
11.32 -0.007017547650
11.325000000000001 -0.002210379963
11.33 0.002597570832
11.335 0.006519305822
11.34 0.009147390097
11.345 0.009930231152
11.35 0.008042338160
11.355 0.003581198745
11.36 -0.001363005279
11.365 -0.005567900846
11.370000000000001 -0.008589101112
11.375 -0.009945143848
11.38 -0.008856705194
11.385 -0.004929709221
11.39 0.00007021303031
11.395 0.004529681386
11.4 0.007910363985
11.405 0.009781009560
11.41 0.009443958504
11.415000000000001 0.006208268279
11.42 0.001269285403
11.425 -0.003411150845
11.43 -0.007121663459
11.435 -0.009456013520
11.44 -0.009805480342
11.445 -0.007356201933
11.450000000000001 -0.002636065823
11.455 0.002221081856
11.46 0.006233638560
11.465 0.008987664946
11.47 0.009955167020
11.475 0.008318819551
11.48 0.004003992974
11.485 -0.0009675945710
11.49 -0.005254700817
11.495000000000001 -0.008390841230
11.5 -0.009912496697
11.505 -0.009063517233
11.51 -0.005336729387
11.515 -0.0003412873317
11.52 0.004190734193
11.525 0.007676837704
11.53 0.009696518125
11.535 0.009579867989
11.540000000000001 0.006581420215
11.545 0.001691673390
11.55 -0.003049020210
11.555 -0.006856208818
11.56 -0.009325217518
11.565 -0.009873736116
11.57 -0.007676823602
11.575000000000001 -0.003061929385
11.58 0.001838492574
11.585 0.005939238583
11.59 0.008815595676
11.595 0.009961583651
11.6 0.008574143984
11.605 0.004423534905
11.61 -0.0005667984737
11.615 -0.004933294171
11.620000000000001 -0.008181295064
11.625 -0.009863162534
11.63 -0.009248216305
11.635 -0.005735345907
11.64 -0.0007568469963
11.645 0.003844280181
11.65 0.007433036904
11.655 0.009597066843
11.66 0.009694264808
11.665000000000001 0.006940087084
11.67 0.002116014764
11.675 -0.002680278573
11.68 -0.006581500914
11.685 -0.009181125430
11.69 -0.009922125152
11.695 -0.007978175132
11.700000000000001 -0.003487051348
11.705 0.001450003830
11.71 0.005636281819
11.715 0.008631541147
11.72 0.009950072017
11.725 0.008807815686
11.73 0.004838419548
11.735 -0.0001609363384
11.74 -0.004603861506
11.745000000000001 -0.007960765407
11.75 -0.009797678788
11.755 -0.009410843478
11.76 -0.006123673223
11.765 -0.001175880608
11.77 0.003490596958
11.775 0.007179293260
11.78 0.009483189901
11.785 0.009787579119
11.790000000000001 0.007282551457
11.795 0.002541545543
11.8 -0.002305171721
11.805 -0.006297798783
11.81 -0.009024192696
11.815 -0.009951252991
11.82 -0.008259264038
11.825000000000001 -0.003910395287
11.83 0.001055824717
11.835 0.005324925151
11.84 0.008435827013
11.845 0.009921202027
11.85 0.009019526346
11.855 0.005247058352
11.86 0.0002495915419
11.865 -0.004266615866
11.870000000000001 -0.007729564015
11.875 -0.009716580204
11.88 -0.009551575581
11.885 -0.006499791959
11.89 -0.001597736263
11.895 0.003129969535
11.9 0.006915931220
11.905 0.009355410488
11.91 0.009860324056
11.915000000000001 0.007607290630
11.92 0.002967445605
11.925 -0.001923918783
11.93 -0.006005320708
11.935 -0.008854830637
11.94 -0.009961727966
11.945 -0.008519333784
11.950000000000001 -0.004330773780
11.955 0.0006561988436
11.96 0.005005325227
11.965 0.008228759675
11.97 0.009875524661
11.975 0.009209134504
11.98 0.005647700075
11.985 0.0006642982279
11.99 -0.003921804515
11.995000000000001 -0.007488014874
12.0 -0.009620402733
12.005 -0.009670713035
12.01 -0.006861827693
12.015 -0.002021708361
12.02 0.002762672905
12.025 0.006643253159
12.030000000000001 0.009214228473
12.035 0.009913070435
12.040000000000001 0.007913013142
12.045 0.003392816969
12.05 -0.001536721966
12.055 -0.005704249056
12.06 -0.008673406964
12.065 -0.009954145276
12.07 -0.008757843839
12.075000000000001 -0.004746822885
12.08 0.0002514294906
12.085 0.004677656658
12.09 0.008010641141
12.095 0.009813578899
12.1 0.009376649526
12.105 0.006038476660
12.11 0.001082615021
12.115 -0.003569701074
12.120000000000001 -0.007236449392
12.125 -0.009509681606
12.13 -0.009768664526
12.135 -0.007208027016
12.14 -0.002447043755
12.145 0.002388958929
12.15 0.006361526890
12.155000000000001 0.009060108413
12.16 0.009946420271
12.165000000000001 0.008198672384
12.17 0.003816652238
12.175 -0.001143786343
12.18 -0.005394743389
12.185 -0.008480253608
12.19 -0.009929079557
12.195 -0.008974446215
12.200000000000001 -0.005156993889
12.205 -0.0001581019042
12.21 0.004342124782
12.215 0.007781780613
12.22 0.009735899572
12.225 0.009522219104
12.23 0.006417469566
12.235 0.001503903562
12.24 -0.003210590462
12.245000000000001 -0.006975194898
12.25 -0.009384943452
12.255 -0.009845926847
12.26 -0.007536820027
12.265 -0.002872936209
12.27 0.002009052217
12.275 0.006070979648
12.280000000000001 0.008893471645
12.285 0.009960982935
12.290000000000001 0.008463460912
12.295 0.004237800146
12.3 -0.0007453455599
12.305 -0.005076958737
12.31 -0.008275679927
12.315 -0.009887085502
12.32 -0.009168963967
12.325000000000001 -0.005559568539
12.33 -0.0005719275489
12.335 0.003998969630
12.34 0.007542499502
12.345 0.009643022306
12.35 0.009646117400
12.355 0.006782787552
12.36 0.001927469307
12.365 -0.002844751264
12.370000000000001 -0.006704559898
12.375 -0.009246694425
12.38 -0.009903060314
12.385 -0.007846861996
12.39 -0.003298507492
12.395 0.001623157328
12.4 0.005771800895
12.405000000000001 0.008714695125
12.41 0.009957357490
12.415000000000001 0.008706792263
12.42 0.004654937370
12.425 -0.0003416877476
12.43 -0.004751064363
12.435 -0.008059987726
12.44 -0.009828704047
12.445 -0.009341374156
12.450000000000001 -0.005952699581
12.455 -0.0009894960203
12.46 0.003648460081
12.465 0.007293128369
12.47 0.009535482982
12.475 0.009748730637
12.48 0.007132644332
12.485 0.002352569675
12.49 -0.002472441202
12.495000000000001 -0.006424820674
12.5 -0.009095407798
12.505 -0.009940662233
12.51 -0.008137051876
12.515 -0.003722777499
12.52 0.001231476601
12.525 0.005464153790
12.530000000000001 0.008524117725
12.535 0.009936123336
12.540000000000001 0.008928277705
12.545 0.005066555780
12.55 0.00006682410765
12.555 -0.004417258100
12.56 -0.007833483907
12.565 -0.009754470361
12.57 -0.009491794767
12.575000000000001 -0.006334473197
12.58 -0.001410183204
12.585 0.003290880060
12.59 0.007033996670
12.595 0.009413811068
12.6 0.009830538047
12.605 0.007465424878
12.61 0.002778411387
12.615 -0.002093890718
12.620000000000001 -0.006136213549
12.625 -0.008931514863
12.63 -0.009959342130
12.635 -0.008406530395
12.64 -0.004144629697
12.645 0.0008342350162
12.65 0.005148192688
12.655000000000001 0.008322052514
12.66 0.009897839204
12.665000000000001 0.009127703972
12.67 0.005470972124
12.675 0.0004797415062
12.68 -0.004075772445
12.685 -0.007596487150
12.69 -0.009664919723
12.695 -0.009620473005
12.700000000000001 -0.006702985189
12.705 -0.001833306030
12.71 0.002926511013
12.715 0.006765418370
12.72 0.009278518378
12.725 0.009892088123
12.73 0.007779732084
12.735 0.003204134456
12.74 -0.001709307620
12.745000000000001 -0.005838935659
12.75 -0.008755402136
12.755 -0.009959702470
12.76 -0.008654663984
12.765 -0.004562780723
12.77 0.0004317065782
12.775 0.004824082228
12.780000000000001 0.008108801735
12.785 0.009843048391
12.790000000000001 0.009305015183
12.795 0.005866363056
12.8 0.0008965308608
12.805 -0.003726870841
12.81 -0.007349326648
12.815 -0.009560588326
12.82 -0.009727771687
12.825000000000001 -0.007056419696
12.83 -0.002258132365
12.835 0.002555616195
12.84 0.006487677827
12.845 0.009130086437
12.85 0.009933972224
12.855 0.008074410346
12.86 0.003628784330
12.865 -0.001318892764
12.870000000000001 -0.005533154642
12.875 -0.008567416051
12.88 -0.009942327381
12.885 -0.008881022059
12.89 -0.004975763494
12.895 0.00002423635607
12.9 0.004492013042
12.905000000000001 0.007884670327
12.91 0.009772286707
12.915000000000001 0.009460299055
12.92 0.006250823278
12.925 0.001316583000
12.93 -0.003370835339
12.935 -0.007092333267
12.94 -0.009442007913
12.945 -0.009814151306
12.950000000000001 -0.007393118872
12.955 -0.002683881088
12.96 0.002178432113
12.965 0.006201020490
12.97 0.008968956354
12.975 0.009956799071
12.98 0.008348547742
12.985 0.004051277675
12.99 -0.0009228637851
12.995000000000001 -0.005219025136
13.0 -0.008367874143
13.005 -0.009907779897
13.01 -0.009085354141
13.015 -0.005381931491
13.02 -0.0003877464747
13.025 0.004152209912
13.030000000000001 0.007649974172
13.035 0.009686089127
13.040000000000001 0.009593775175
13.045 0.006622439559
13.05 0.001739226845
13.055 -0.003007949445
13.06 -0.006825825711
13.065 -0.009309695317
13.07 -0.009880147219
13.075000000000001 -0.007711634389
13.08 -0.003109709064
13.085 0.001795170604
13.09 0.005905651654
13.095 0.008795524439
13.1 0.009961173978
13.105 0.008601462453
13.11 0.004470370227
13.115 -0.0005214816667
13.120000000000001 -0.004896707946
13.125 -0.008157079771
13.13 -0.009856606089
13.135 -0.009267570739
13.14 -0.005779488174
13.145 -0.0008037266503
13.15 0.003804930216
13.155000000000001 0.007405040657
13.16 0.009584991891
13.165000000000001 0.009705782073
13.17 0.006979369931
13.175 0.002163740723
13.18 -0.002638481514
13.185 -0.006550095945
13.19 -0.009164139809
13.195 -0.009926343566
13.200000000000001 -0.008010756173
13.205 -0.003534685574
13.21 0.001406032233
13.215 0.005601744265
13.22 0.008610145250
13.225 0.009947685667
13.23 0.008832680896
13.235 0.004884636142
13.24 -0.0001150742111
13.245000000000001 -0.004566386918
13.25 -0.007935336331
13.255 -0.009789342749
13.26 -0.009427728737
13.265 -0.006166540448
13.27 -0.001223110642
13.275 0.003450453266
13.280000000000001 0.007150201351
13.285 0.009469528488
13.290000000000001 0.009796760375
13.295 0.007319916286
13.3 0.002589355028
13.305 -0.002262674215
13.31 -0.006265398478
13.315 -0.009005792086
13.32 -0.009953347231
13.325000000000001 -0.008289518951
13.33 -0.003957758865
13.335 0.001011228621
13.34 0.005289454207
13.345 0.008413141529
13.35 0.009916901697
13.355 0.009041914441
13.36 0.005292467093
13.365 0.0002959486396
13.370000000000001 -0.004228279033
13.375 -0.007702956935
13.38 -0.009706524657
13.385 -0.009566019478
13.39 -0.006541170003
13.395 -0.001645239947
13.4 0.003089063786
13.405000000000001 0.006885778963
13.41 0.009340220130
13.415000000000001 0.009867231000
13.42 0.007642580490
13.425 0.003015242203
13.43 -0.001880744085
13.435 -0.005971947152
13.44 -0.008835058406
13.445 -0.009961765719
13.450000000000001 -0.008547191550
13.455 -0.004377722719
13.46 0.0006110089075
13.465 0.004968939303
13.47 0.008204818470
13.475 0.009869371304
13.48 0.009229039273
13.485 0.005692095998
13.49 0.0007110903471
13.495000000000001 -0.003882635069
13.5 -0.007460266789
13.505 -0.009608687897
13.51 -0.009682756381
13.515 -0.006901512379
13.52 -0.002069403501
13.525 0.002721034695
13.530000000000001 0.006612072522
13.535 0.009197563277
13.540000000000001 0.009917769574
13.545 0.007946098299
13.55 0.003440493684
13.555 -0.001492892513
13.56 -0.005669920991
13.565 -0.008652301951
13.57 -0.009952192129
13.575000000000001 -0.008783256227
13.58 -0.004793192470
13.585 0.0002056843903
13.59 0.004640377115
13.595 0.007985478408
13.6 0.009805632634
13.605 0.009394080868
13.61 0.006081645525
13.615 0.001129773707
13.620000000000001 -0.003529730763
13.625 -0.007207597513
13.63 -0.009496367226
13.635 -0.009778359124
13.64 -0.007245831992
13.645 -0.002494842721
13.65 0.002346614800
13.655000000000001 0.006329345434
13.66 0.009042017919
13.665000000000001 0.009948980039
13.67 0.008229450529
13.675 0.003864087607
13.68 -0.001099326441
13.685 -0.005359478083
13.69 -0.008457851390
13.695 -0.009925198695
13.700000000000001 -0.008997385196
13.705 -0.005202599144
13.71 -0.0002043539976
13.715 0.004303976863
13.72 0.007755431812
13.725 0.009726220445
13.73 0.009537201728
13.735 0.006459196221
13.74 0.001551353425
13.745000000000001 -0.003169851191
13.75 -0.006945275071
13.755 -0.009370087608
13.76 -0.009853332919
13.765 -0.007572582570
13.77 -0.002920744473
13.775 0.001966025885
13.780000000000001 0.006037820381
13.785 0.008874000329
13.790000000000001 0.009961471347
13.795 0.008491855610
13.8 0.004284854587
13.805 -0.0007002843935
13.81 -0.005040774161
13.815 -0.008252014490
13.82 -0.009881338191
13.825000000000001 -0.009189419563
13.83 -0.005604207533
13.835 -0.0006186287548
13.84 0.003959982276
13.845 0.007515001420
13.85 0.009631670534
13.855 0.009658689389
13.86 0.006822864876
13.865 0.001975129318
13.870000000000001 -0.002803273208
13.875 -0.006673604951
13.88 -0.009230352096
13.885 -0.009908243560
13.89 -0.007880446235
13.895 -0.003346220729
13.9 0.001579471202
13.905000000000001 0.005737683159
13.91 0.008693882742
13.915000000000001 0.009955840655
13.92 0.008732750458
13.925 0.004701450823
13.93 -0.0002960620448
13.935 -0.004713981108
13.94 -0.008035093084
13.945 -0.009821150512
13.950000000000001 -0.009359352803
13.955 -0.005996159457
13.96 -0.001036579642
13.965 0.003608664729
13.97 0.007264518290
13.975 0.009522518501
13.98 0.009758941556
13.985 0.007170881430
13.99 0.002400353481
13.995000000000001 -0.002430251609
14.0 -0.006392859195
14.005 -0.009077629608
14.01 -0.009943690885
14.015 -0.008168349501
14.02 -0.003770277795
14.025 0.001187154315
14.030000000000001 0.005429094997
14.035 0.008502000439
14.040000000000001 0.009932664957
14.045 0.008951767089
14.05 0.005112347581
14.055 0.0001129683444
14.06 -0.004379300522
14.065 -0.007807395200
14.07 -0.009745170621
14.075000000000001 -0.009507318003
14.08 -0.006376538231
14.085 -0.001457575255
14.09 0.003250308758
14.095 0.007004310894
14.1 0.009399292451
14.105 0.009838446496
14.11 0.007501653410
14.115 0.002826226194
14.120000000000001 -0.002051013844
14.125 -0.006103269517
14.13 -0.008912346414
14.135 -0.009960284458
14.14 -0.008435459423
14.145 -0.004191781757
14.15 0.0007893044211
14.155000000000001 0.005112210469
14.16 0.008298664516
14.165000000000001 0.009892500901
14.17 0.009148710717
14.175 0.005515843673
14.18 0.0005263485075
14.185 -0.004036968739
14.19 -0.007569240912
14.195 -0.009653933971
14.200000000000001 -0.009633576087
14.205 -0.006743445724
14.21 -0.001880926663
14.215 0.002885194455
14.22 0.006734690522
14.225 0.009262501412
14.23 0.009897758845
14.235 0.007813810076
14.24 0.003251878422
14.245000000000001 -0.001665765974
14.25 -0.005805029103
14.255 -0.008734884157
14.26 -0.009958625085
14.265 -0.008681166404
14.27 -0.004609429134
14.275 0.0003862025375
14.280000000000001 0.004787196460
14.285 0.008084176913
14.290000000000001 0.009835890540
14.295 0.009323542203
14.3 0.005910103282
14.305 0.0009435357678
14.31 -0.003687252035
14.315 -0.007320960165
14.32 -0.009547976635
14.325000000000001 -0.009738501824
14.33 -0.007095080610
14.335 -0.002305896451
14.34 0.002513582328
14.345 0.006455937503
14.35 0.009112622798
14.355 0.009937473128
14.36 0.008106223422
14.365 0.003676342901
14.370000000000001 -0.001274709455
14.375 -0.005498303223
14.38 -0.008545585374
14.385 -0.009939294515
14.39 -0.008905061171
14.395 -0.005021732037
14.4 -0.00002179727539
14.405000000000001 0.004454247199
14.41 0.007858843514
14.415000000000001 0.009763369320
14.42 0.009476364647
14.425 0.006293216332
14.43 0.001363913306
14.435 -0.003330433521
14.44 -0.007062883202
14.445 -0.009427829275
14.450000000000001 -0.009822565331
14.455 -0.007429806396
14.46 -0.002731697438
14.465 0.002135705796
14.47 0.006168292671
14.475 0.008950092773
14.48 0.009958198599
14.485 0.008378008253
14.49 0.004098519705
14.495000000000001 -0.0008780654688
14.5 -0.005183246247
14.505 -0.008344765246
14.51 -0.009902853573
14.515 -0.009106912184
14.52 -0.005427025169
14.525 -0.0004342560732
14.530000000000001 0.004113591386
14.535 0.007622981619
14.540000000000001 0.009675472358
14.545 0.009607411686
14.55 0.006663273668
14.555 0.001786803911
14.56 -0.002966795761
14.565 -0.006795326422
14.57 -0.009294006263
14.575000000000001 -0.009886308773
14.58 -0.007746200506
14.585 -0.003157478133
14.59 0.001751774564
14.595 0.005871957138
14.6 0.008775302671
14.605 0.009960539205
14.61 0.008628507299
14.615 0.004517144911
14.620000000000001 -0.0004761014436
14.625 -0.004860020819
14.63 -0.008132726482
14.635 -0.009849846877
14.64 -0.009286647038
14.645 -0.005823498083
14.65 -0.0008506492665
14.655000000000001 0.003765489542
14.66 0.007376919580
14.665000000000001 0.009572735901
14.67 0.009717034240
14.675 0.007018446086
14.68 0.002211480607
14.685 -0.002596604592
14.69 -0.006518578003
14.695 -0.009146993020
14.700000000000001 -0.009930320102
14.705 -0.008043080394
14.71 -0.003582295976
14.715 0.001361989200
14.72 0.005567101066
14.725 0.008588602872
14.73 0.009945081366
14.735 0.008857268870
14.74 0.004930771807
14.745000000000001 -0.00006915382687
14.75 -0.004528814160
14.755 -0.007909773200
14.76 -0.009780810678
14.765 -0.009444338284
14.77 -0.006209251056
14.775 -0.001270375327
14.780000000000001 0.003410222472
14.785 0.007120988696
14.790000000000001 0.009455692618
14.795 0.009805683123
14.8 0.007357055507
14.805 0.002637168033
14.81 -0.002220099564
14.815 -0.006232887890
14.82 -0.008987235427
14.825000000000001 -0.009955207266
14.83 -0.008319507849
14.835 -0.004005083442
14.84 0.0009665642057
14.845 0.005253879589
14.85 0.008390313395
14.855 0.009912390331
14.86 0.009064023755
14.865 0.005337772582
14.870000000000001 0.0003423577288
14.875 -0.004189847199
14.88 -0.007676219906
14.885 -0.009696279837
14.89 -0.009580191629
14.895 -0.006582367856
14.9 -0.001692769314
14.905000000000001 0.003048074387
14.91 0.006855509741
14.915000000000001 0.009324861586
14.92 0.009873886720
14.925 0.007677628800
14.93 0.003063030907
14.935 -0.001837494756
14.94 -0.005938465554
14.945 -0.008815134694
14.950000000000001 -0.009961576748
14.955 -0.008574776804
14.96 -0.004424615215
14.965 0.0005657545533
14.97 0.004932451928
14.975 0.008180738413
14.98 0.009863013684
14.985 0.009248665594
14.99 0.005736364940
14.995000000000001 0.0007579271706
