x y
0.0 1.5
0.005 1.500000000
0.01 1.499983306
0.015 1.499949861
0.02 1.499899611
0.025 1.499832500
0.03 1.499748472
0.035 1.499647470
0.04 1.499529440
0.045 1.499394325
0.05 1.499242069
0.055 1.499072615
0.06 1.498885909
0.065 1.498681893
0.07 1.498460511
0.075 1.498221707
0.08 1.497965424
0.085 1.497691607
0.09 1.497400199
0.095 1.497091143
0.1 1.496764383
0.105 1.496419863
0.11 1.496057525
0.115 1.495677315
0.12 1.495279175
0.125 1.494863049
0.13 1.494428881
0.135 1.493976614
0.14 1.493506192
0.145 1.493017559
0.15 1.492510659
0.155 1.491985435
0.16 1.491441832
0.165 1.490879793
0.17 1.490299263
0.17500000000000002 1.489700186
0.18 1.489082506
0.185 1.488446168
0.19 1.487791115
0.195 1.487117294
0.2 1.486424648
0.20500000000000002 1.485713122
0.21 1.484982662
0.215 1.484233212
0.22 1.483464719
0.225 1.482677127
0.23 1.481870382
0.23500000000000001 1.481044431
0.24 1.480199219
0.245 1.479334693
0.25 1.478450799
0.255 1.477547485
0.26 1.476624696
0.265 1.475682382
0.27 1.474720488
0.275 1.473738963
0.28 1.472737756
0.28500000000000003 1.471716814
0.29 1.470676086
0.295 1.469615522
0.3 1.468535071
0.305 1.467434682
0.31 1.466314306
0.315 1.465173893
0.32 1.464013394
0.325 1.462832760
0.33 1.461631943
0.335 1.460410895
0.34 1.459169569
0.34500000000000003 1.457907918
0.35000000000000003 1.456625894
0.355 1.455323453
0.36 1.454000547
0.365 1.452657133
0.37 1.451293165
0.375 1.449908600
0.38 1.448503394
0.385 1.447077504
0.39 1.445630888
0.395 1.444163503
0.4 1.442675310
0.405 1.441166266
0.41000000000000003 1.439636332
0.41500000000000004 1.438085470
0.42 1.436513640
0.425 1.434920804
0.43 1.433306925
0.435 1.431671966
0.44 1.430015893
0.445 1.428338669
0.45 1.426640260
0.455 1.424920633
0.46 1.423179755
0.465 1.421417595
0.47000000000000003 1.419634120
0.47500000000000003 1.417829301
0.48 1.416003109
0.485 1.414155514
0.49 1.412286489
0.495 1.410396008
0.5 1.408484044
0.505 1.406550574
0.51 1.404595572
0.515 1.402619016
0.52 1.400620883
0.525 1.398601154
0.53 1.396559808
0.535 1.394496826
0.54 1.392412191
0.545 1.390305886
0.55 1.388177894
0.555 1.386028203
0.56 1.383856797
0.5650000000000001 1.381663666
0.5700000000000001 1.379448797
0.5750000000000001 1.377212181
0.58 1.374953810
0.585 1.372673676
0.59 1.370371772
0.595 1.368048094
0.6 1.365702638
0.605 1.363335401
0.61 1.360946382
0.615 1.358535581
0.62 1.356103001
0.625 1.353648642
0.63 1.351172511
0.635 1.348674611
0.64 1.346154951
0.645 1.343613538
0.65 1.341050383
0.655 1.338465495
0.66 1.335858889
0.665 1.333230577
0.67 1.330580576
0.675 1.327908902
0.68 1.325215574
0.685 1.322500612
0.6900000000000001 1.319764037
0.6950000000000001 1.317005873
0.7000000000000001 1.314226143
0.705 1.311424875
0.71 1.308602095
0.715 1.305757834
0.72 1.302892121
0.725 1.300004990
0.73 1.297096474
0.735 1.294166609
0.74 1.291215433
0.745 1.288242983
0.75 1.285249301
0.755 1.282234429
0.76 1.279198411
0.765 1.276141292
0.77 1.273063119
0.775 1.269963941
0.78 1.266843809
0.785 1.263702774
0.79 1.260540891
0.795 1.257358214
0.8 1.254154801
0.805 1.250930711
0.81 1.247686004
0.8150000000000001 1.244420743
0.8200000000000001 1.241134991
0.8250000000000001 1.237828813
0.8300000000000001 1.234502278
0.835 1.231155454
0.84 1.227788411
0.845 1.224401221
0.85 1.220993960
0.855 1.217566701
0.86 1.214119523
0.865 1.210652503
0.87 1.207165724
0.875 1.203659266
0.88 1.200133215
0.885 1.196587654
0.89 1.193022671
0.895 1.189438355
0.9 1.185834796
0.905 1.182212085
0.91 1.178570317
0.915 1.174909585
0.92 1.171229988
0.925 1.167531621
0.93 1.163814586
0.935 1.160078984
0.9400000000000001 1.156324916
0.9450000000000001 1.152552486
0.9500000000000001 1.148761802
0.9550000000000001 1.144952968
0.96 1.141126095
0.965 1.137281290
0.97 1.133418667
0.975 1.129538337
0.98 1.125640414
0.985 1.121725014
0.99 1.117792254
0.995 1.113842250
1.0 1.109875123
1.0050000000000001 1.105890993
1.01 1.101889981
1.0150000000000001 1.097872211
1.02 1.093837807
1.025 1.089786894
1.03 1.085719598
1.035 1.081636047
1.04 1.077536370
1.045 1.073420697
1.05 1.069289158
1.055 1.065141885
1.06 1.060979011
1.065 1.056800670
1.07 1.052606996
1.075 1.048398126
1.08 1.044174196
1.085 1.039935344
1.09 1.035681707
1.095 1.031413425
1.1 1.027130639
1.105 1.022833488
1.11 1.018522114
1.115 1.014196660
1.12 1.009857268
1.125 1.005504082
1.1300000000000001 1.001137246
1.135 0.9967569054
1.1400000000000001 0.9923632047
1.145 0.9879562902
1.1500000000000001 0.9835363084
1.155 0.9791034061
1.16 0.9746577309
1.165 0.9701994306
1.17 0.9657286535
1.175 0.9612455482
1.18 0.9567502639
1.185 0.9522429499
1.19 0.9477237558
1.195 0.9431928316
1.2 0.9386503277
1.205 0.9340963943
1.21 0.9295311822
1.215 0.9249548422
1.22 0.9203675253
1.225 0.9157693826
1.23 0.9111605654
1.235 0.9065412248
1.24 0.9019115124
1.245 0.8972715793
1.25 0.8926215771
1.2550000000000001 0.8879616571
1.26 0.8832919706
1.2650000000000001 0.8786126687
1.27 0.8739239028
1.2750000000000001 0.8692258239
1.28 0.8645185827
1.285 0.8598023302
1.29 0.8550772168
1.295 0.8503433930
1.3 0.8456010089
1.305 0.8408502144
1.31 0.8360911591
1.315 0.8313239924
1.32 0.8265488635
1.325 0.8217659209
1.33 0.8169753133
1.335 0.8121771885
1.34 0.8073716943
1.345 0.8025589779
1.35 0.7977391863
1.355 0.7929124658
1.36 0.7880789626
1.365 0.7832388221
1.37 0.7783921894
1.375 0.7735392091
1.3800000000000001 0.7686800254
1.385 0.7638147816
1.3900000000000001 0.7589436210
1.395 0.7540666860
1.4000000000000001 0.7491841184
1.405 0.7442960598
1.41 0.7394026509
1.415 0.7345040318
1.42 0.7296003421
1.425 0.7246917208
1.43 0.7197783063
1.435 0.7148602363
1.44 0.7099376477
1.445 0.7050106770
1.45 0.7000794600
1.455 0.6951441316
1.46 0.6902048263
1.465 0.6852616778
1.47 0.6803148190
1.475 0.6753643822
1.48 0.6704104990
1.485 0.6654533003
1.49 0.6604929161
1.495 0.6555294759
1.5 0.6505631083
1.5050000000000001 0.6455939413
1.51 0.6406221020
1.5150000000000001 0.6356477169
1.52 0.6306709116
1.5250000000000001 0.6256918111
1.53 0.6207105395
1.5350000000000001 0.6157272203
1.54 0.6107419759
1.545 0.6057549284
1.55 0.6007661988
1.555 0.5957759074
1.56 0.5907841737
1.565 0.5857911166
1.57 0.5807968539
1.575 0.5758015030
1.58 0.5708051803
1.585 0.5658080014
1.59 0.5608100811
1.595 0.5558115337
1.6 0.5508124723
1.605 0.5458130097
1.61 0.5408132574
1.615 0.5358133266
1.62 0.5308133274
1.625 0.5258133694
1.6300000000000001 0.5208135611
1.635 0.5158140105
1.6400000000000001 0.5108148247
1.645 0.5058161102
1.6500000000000001 0.5008179724
1.655 0.4958205164
1.6600000000000001 0.4908238463
1.665 0.4858280652
1.67 0.4808332760
1.675 0.4758395804
1.68 0.4708470795
1.685 0.4658558738
1.69 0.4608660629
1.695 0.4558777457
1.7 0.4508910204
1.705 0.4459059845
1.71 0.4409227347
1.715 0.4359413671
1.72 0.4309619769
1.725 0.4259846589
1.73 0.4210095069
1.735 0.4160366143
1.74 0.4110660734
1.745 0.4060979763
1.75 0.4011324141
1.7550000000000001 0.3961694772
1.76 0.3912092556
1.7650000000000001 0.3862518385
1.77 0.3812973143
1.7750000000000001 0.3763457709
1.78 0.3713972956
1.7850000000000001 0.3664519750
1.79 0.3615098950
1.795 0.3565711410
1.8 0.3516357976
1.805 0.3467039491
1.81 0.3417756787
1.815 0.3368510696
1.82 0.3319302039
1.825 0.3270131633
1.83 0.3221000290
1.835 0.3171908815
1.84 0.3122858007
1.845 0.3073848661
1.85 0.3024881566
1.855 0.2975957503
1.86 0.2927077251
1.865 0.2878241582
1.87 0.2829451262
1.875 0.2780707054
1.8800000000000001 0.2732009712
1.885 0.2683359989
1.8900000000000001 0.2634758631
1.895 0.2586206379
1.9000000000000001 0.2537703969
1.905 0.2489252132
1.9100000000000001 0.2440851596
1.915 0.2392503081
1.92 0.2344207306
1.925 0.2295964982
1.93 0.2247776819
1.935 0.2199643519
1.94 0.2151565782
1.945 0.2103544303
1.95 0.2055579773
1.955 0.2007672878
1.96 0.1959824300
1.965 0.1912034718
1.97 0.1864304807
1.975 0.1816635236
1.98 0.1769026672
1.985 0.1721479779
1.99 0.1673995215
1.995 0.1626573636
2.0 0.1579215694
2.005 0.1531922036
2.0100000000000002 0.1484693309
2.015 0.1437530153
2.02 0.1390433207
2.025 0.1343403105
2.0300000000000002 0.1296440480
2.035 0.1249545961
2.04 0.1202720172
2.045 0.1155963737
2.05 0.1109277274
2.055 0.1062661402
2.06 0.1016116734
2.065 0.09696438821
2.07 0.09232434538
2.075 0.08769160559
2.08 0.08306622918
2.085 0.07844827626
2.09 0.07383780671
2.095 0.06923488016
2.1 0.06463955602
2.105 0.06005189348
2.11 0.05547195150
2.115 0.05089978887
2.12 0.04633546412
2.125 0.04177903564
2.13 0.03723056161
2.1350000000000002 0.03269010001
2.14 0.02815770866
2.145 0.02363344522
2.15 0.01911736717
2.1550000000000002 0.01460953182
2.16 0.01010999637
2.165 0.005618817827
2.17 0.001136053090
2.1750000000000003 -0.003338241086
2.18 -0.007804008072
2.185 -0.01226119136
2.19 -0.01670973455
2.195 -0.02114958137
2.2 -0.02558067562
2.205 -0.03000296123
2.21 -0.03441638218
2.215 -0.03882088258
2.22 -0.04321640658
2.225 -0.04760289841
2.23 -0.05198030239
2.235 -0.05634856287
2.24 -0.06070762426
2.245 -0.06505743103
2.25 -0.06939792768
2.255 -0.07372905875
2.2600000000000002 -0.07805076880
2.265 -0.08236300242
2.27 -0.08666570423
2.275 -0.09095881884
2.2800000000000002 -0.09524229087
2.285 -0.09951606494
2.29 -0.1037800857
2.295 -0.1080342977
2.3000000000000003 -0.1122786455
2.305 -0.1165130737
2.31 -0.1207375269
2.315 -0.1249519494
2.32 -0.1291562859
2.325 -0.1333504805
2.33 -0.1375344778
2.335 -0.1417082219
2.34 -0.1458716571
2.345 -0.1500247275
2.35 -0.1541673771
2.355 -0.1582995500
2.36 -0.1624211900
2.365 -0.1665322408
2.37 -0.1706326462
2.375 -0.1747223498
2.38 -0.1788012949
2.3850000000000002 -0.1828694248
2.39 -0.1869266828
2.395 -0.1909730120
2.4 -0.1950083552
2.4050000000000002 -0.1990326551
2.41 -0.2030458545
2.415 -0.2070478958
2.42 -0.2110387212
2.4250000000000003 -0.2150182728
2.43 -0.2189864926
2.435 -0.2229433223
2.44 -0.2268887035
2.445 -0.2308225775
2.45 -0.2347448854
2.455 -0.2386555683
2.46 -0.2425545667
2.465 -0.2464418212
2.47 -0.2503172720
2.475 -0.2541808592
2.48 -0.2580325225
2.485 -0.2618722014
2.49 -0.2656998352
2.495 -0.2695153629
2.5 -0.2733187232
2.505 -0.2771098545
2.5100000000000002 -0.2808886950
2.515 -0.2846551826
2.52 -0.2884092547
2.525 -0.2921508487
2.5300000000000002 -0.2958799015
2.535 -0.2995963497
2.54 -0.3033001296
2.545 -0.3069911771
2.5500000000000003 -0.3106694278
2.555 -0.3143348171
2.56 -0.3179872797
2.565 -0.3216267503
2.57 -0.3252531629
2.575 -0.3288664514
2.58 -0.3324665491
2.585 -0.3360533890
2.59 -0.3396269037
2.595 -0.3431870254
2.6 -0.3467336859
2.605 -0.3502668164
2.61 -0.3537863479
2.615 -0.3572922107
2.62 -0.3607843350
2.625 -0.3642626502
2.63 -0.3677270854
2.6350000000000002 -0.3711775692
2.64 -0.3746140297
2.645 -0.3780363945
2.65 -0.3814445907
2.6550000000000002 -0.3848385449
2.66 -0.3882181831
2.665 -0.3915834310
2.67 -0.3949342136
2.6750000000000003 -0.3982704552
2.68 -0.4015920799
2.685 -0.4048990109
2.69 -0.4081911710
2.695 -0.4114684824
2.7 -0.4147308667
2.705 -0.4179782449
2.71 -0.4212105373
2.715 -0.4244276637
2.72 -0.4276295433
2.725 -0.4308160944
2.73 -0.4339872350
2.735 -0.4371428822
2.74 -0.4402829524
2.745 -0.4434073615
2.75 -0.4465160246
2.755 -0.4496088562
2.7600000000000002 -0.4526857698
2.765 -0.4557466785
2.77 -0.4587914945
2.775 -0.4618201293
2.7800000000000002 -0.4648324936
2.785 -0.4678284973
2.79 -0.4708080497
2.795 -0.4737710591
2.8000000000000003 -0.4767174330
2.805 -0.4796470783
2.81 -0.4825599009
2.815 -0.4854558058
2.82 -0.4883346973
2.825 -0.4911964788
2.83 -0.4940410527
2.835 -0.4968683206
2.84 -0.4996781833
2.845 -0.5024705405
2.85 -0.5052452910
2.855 -0.5080023329
2.86 -0.5107415629
2.865 -0.5134628772
2.87 -0.5161661707
2.875 -0.5188513374
2.88 -0.5215182703
2.8850000000000002 -0.5241668614
2.89 -0.5267970016
2.895 -0.5294085808
2.9 -0.5320014879
2.9050000000000002 -0.5345756105
2.91 -0.5371308352
2.915 -0.5396670477
2.92 -0.5421841323
2.9250000000000003 -0.5446819723
2.93 -0.5471604498
2.935 -0.5496194457
2.94 -0.5520588397
2.945 -0.5544785105
2.95 -0.5568783353
2.955 -0.5592581902
2.96 -0.5616179501
2.965 -0.5639574886
2.97 -0.5662766779
2.975 -0.5685753890
2.98 -0.5708534917
2.985 -0.5731108542
2.99 -0.5753473436
2.995 -0.5775628254
3.0 -0.5797571641
3.005 -0.5819302223
3.0100000000000002 -0.5840818616
3.015 -0.5862119419
3.02 -0.5883203218
3.025 -0.5904068584
3.0300000000000002 -0.5924714073
3.035 -0.5945138224
3.04 -0.5965339566
3.045 -0.5985316606
3.0500000000000003 -0.6005067841
3.055 -0.6024591749
3.06 -0.6043886794
3.065 -0.6062951422
3.0700000000000003 -0.6081784063
3.075 -0.6100383133
3.08 -0.6118747029
3.085 -0.6136874132
3.09 -0.6154762805
3.095 -0.6172411395
3.1 -0.6189818231
3.105 -0.6206981626
3.11 -0.6223899873
3.115 -0.6240571249
3.12 -0.6256994012
3.125 -0.6273166402
3.13 -0.6289086642
3.1350000000000002 -0.6304752933
3.14 -0.6320163461
3.145 -0.6335316392
3.15 -0.6350209873
3.1550000000000002 -0.6364842030
3.16 -0.6379210973
3.165 -0.6393314790
3.17 -0.6407151552
3.1750000000000003 -0.6420719307
3.18 -0.6434016086
3.185 -0.6447039898
3.19 -0.6459788735
3.1950000000000003 -0.6472260565
3.2 -0.6484453338
3.205 -0.6496364983
3.21 -0.6507993410
3.215 -0.6519336506
3.22 -0.6530392140
3.225 -0.6541158157
3.23 -0.6551632386
3.235 -0.6561812631
3.24 -0.6571696677
3.245 -0.6581282290
3.25 -0.6590567211
3.255 -0.6599549164
3.2600000000000002 -0.6608225850
3.265 -0.6616594952
3.27 -0.6624654130
3.275 -0.6632401024
3.2800000000000002 -0.6639833254
3.285 -0.6646948420
3.29 -0.6653744101
3.295 -0.6660217856
3.3000000000000003 -0.6666367225
3.305 -0.6672189728
3.31 -0.6677682865
3.315 -0.6682844118
3.3200000000000003 -0.6687670951
3.325 -0.6692160805
3.33 -0.6696311109
3.335 -0.6700119270
3.34 -0.6703582678
3.345 -0.6706698709
3.35 -0.6709464718
3.355 -0.6711878048
3.36 -0.6713936025
3.365 -0.6715635959
3.37 -0.6716975149
3.375 -0.6717950879
3.38 -0.6718560418
3.3850000000000002 -0.6718801027
3.39 -0.6718669953
3.395 -0.6718164435
3.4 -0.6717281701
3.4050000000000002 -0.6716018971
3.41 -0.6714373458
3.415 -0.6712342370
3.42 -0.6709922908
3.4250000000000003 -0.6707112272
3.43 -0.6703907656
3.435 -0.6700306257
3.44 -0.6696305269
3.4450000000000003 -0.6691901890
3.45 -0.6687093322
3.455 -0.6681876769
3.46 -0.6676249447
3.465 -0.6670208575
3.47 -0.6663751388
3.475 -0.6656875130
3.48 -0.6649577062
3.485 -0.6641854460
3.49 -0.6633704621
3.495 -0.6625124863
3.5 -0.6616112528
3.505 -0.6606664982
3.5100000000000002 -0.6596779624
3.515 -0.6586453883
3.52 -0.6575685222
3.525 -0.6564471143
3.5300000000000002 -0.6552809186
3.535 -0.6540696937
3.54 -0.6528132027
3.545 -0.6515112138
3.5500000000000003 -0.6501635006
3.555 -0.6487698421
3.56 -0.6473300235
3.565 -0.6458438365
3.5700000000000003 -0.6443110794
3.575 -0.6427315575
3.58 -0.6411050839
3.585 -0.6394314795
3.59 -0.6377105733
3.595 -0.6359422033
3.6 -0.6341262163
3.605 -0.6322624690
3.61 -0.6303508275
3.615 -0.6283911688
3.62 -0.6263833802
3.625 -0.6243273605
3.63 -0.6222230200
3.6350000000000002 -0.6200702809
3.64 -0.6178690781
3.645 -0.6156193591
3.65 -0.6133210848
3.6550000000000002 -0.6109742299
3.66 -0.6085787828
3.665 -0.6061347468
3.67 -0.6036421398
3.6750000000000003 -0.6011009949
3.68 -0.5985113610
3.685 -0.5958733027
3.69 -0.5931869009
3.6950000000000003 -0.5904522533
3.7 -0.5876694742
3.705 -0.5848386952
3.71 -0.5819600653
3.715 -0.5790337511
3.72 -0.5760599372
3.725 -0.5730388261
3.73 -0.5699706387
3.735 -0.5668556140
3.74 -0.5636940099
3.745 -0.5604861024
3.75 -0.5572321864
3.755 -0.5539325753
3.7600000000000002 -0.5505876012
3.765 -0.5471976148
3.77 -0.5437629851
3.775 -0.5402840997
3.7800000000000002 -0.5367613643
3.785 -0.5331952029
3.79 -0.5295860572
3.795 -0.5259343864
3.8000000000000003 -0.5222406672
3.805 -0.5185053934
3.81 -0.5147290754
3.815 -0.5109122400
3.8200000000000003 -0.5070554297
3.825 -0.5031592029
3.83 -0.4992241327
3.835 -0.4952508068
3.84 -0.4912398272
3.845 -0.4871918090
3.85 -0.4831073806
3.855 -0.4789871826
3.86 -0.4748318675
3.865 -0.4706420988
3.87 -0.4664185507
3.875 -0.4621619072
3.88 -0.4578728615
3.8850000000000002 -0.4535521155
3.89 -0.4492003790
3.895 -0.4448183689
3.9 -0.4404068089
3.9050000000000002 -0.4359664283
3.91 -0.4314979620
3.915 -0.4270021490
3.92 -0.4224797325
3.9250000000000003 -0.4179314588
3.93 -0.4133580768
3.935 -0.4087603372
3.94 -0.4041389920
3.9450000000000003 -0.3994947941
3.95 -0.3948284963
3.955 -0.3901408507
3.96 -0.3854326086
3.9650000000000003 -0.3807045196
3.97 -0.3759573309
3.975 -0.3711917873
3.98 -0.3664086303
3.985 -0.3616085975
3.99 -0.3567924228
3.995 -0.3519608352
4.0 -0.3471145590
4.005 -0.3422543130
4.01 -0.3373808105
4.015 -0.3324947584
4.0200000000000005 -0.3275968576
4.025 -0.3226878022
4.03 -0.3177682795
4.035 -0.3128389693
4.04 -0.3079005443
4.045 -0.3029536696
4.05 -0.2979990023
4.055 -0.2930371916
4.0600000000000005 -0.2880688788
4.065 -0.2830946965
4.07 -0.2781152695
4.075 -0.2731312137
4.08 -0.2681431368
4.085 -0.2631516377
4.09 -0.2581573068
4.095 -0.2531607258
4.1 -0.2481624679
4.105 -0.2431630974
4.11 -0.2381631701
4.115 -0.2331632333
4.12 -0.2281638254
4.125 -0.2231654767
4.13 -0.2181687087
4.135 -0.2131740348
4.14 -0.2081819597
4.1450000000000005 -0.2031929803
4.15 -0.1982075852
4.155 -0.1932262550
4.16 -0.1882494623
4.165 -0.1832776721
4.17 -0.1783113416
4.175 -0.1733509206
4.18 -0.1683968513
4.1850000000000005 -0.1634495689
4.19 -0.1585095013
4.195 -0.1535770694
4.2 -0.1486526875
4.205 -0.1437367630
4.21 -0.1388296970
4.215 -0.1339318841
4.22 -0.1290437127
4.225 -0.1241655653
4.23 -0.1192978183
4.235 -0.1144408427
4.24 -0.1095950038
4.245 -0.1047606614
4.25 -0.09993817025
4.255 -0.09512788005
4.26 -0.09033013556
4.265 -0.08554527686
4.2700000000000005 -0.08077363946
4.275 -0.07601555450
4.28 -0.07127134890
4.285 -0.06654134552
4.29 -0.06182586335
4.295 -0.05712521763
4.3 -0.05243972004
4.305 -0.04776967888
4.3100000000000005 -0.04311539919
4.315 -0.03847718293
4.32 -0.03385532915
4.325 -0.02925013413
4.33 -0.02466189156
4.335 -0.02009089265
4.34 -0.01553742637
4.345 -0.01100177951
4.3500000000000005 -0.006484236892
4.355 -0.001985081524
4.36 0.002495405277
4.365 0.006956943709
4.37 0.01139925534
4.375 0.01582206297
4.38 0.02022509046
4.385 0.02460806259
4.39 0.02897070491
4.3950000000000005 0.03331274360
4.4 0.03763390531
4.405 0.04193391703
4.41 0.04621250591
4.415 0.05046939914
4.42 0.05470432378
4.425 0.05891700665
4.43 0.06310717415
4.4350000000000005 0.06727455209
4.44 0.07141886562
4.445 0.07553983899
4.45 0.07963719546
4.455 0.08371065715
4.46 0.08775994483
4.465 0.09178477786
4.47 0.09578487395
4.4750000000000005 0.09975994907
4.48 0.1037097173
4.485 0.1076338905
4.49 0.1115321784
4.495 0.1154042885
4.5 0.1192499255
4.505 0.1230687915
4.51 0.1268605856
4.515 0.1306250040
4.5200000000000005 0.1343617397
4.525 0.1380704822
4.53 0.1417509175
4.535 0.1454027279
4.54 0.1490255918
4.545 0.1526191833
4.55 0.1561831726
4.555 0.1597172251
4.5600000000000005 0.1632210016
4.565 0.1666941583
4.57 0.1701363461
4.575 0.1735472106
4.58 0.1769263922
4.585 0.1802735255
4.59 0.1835882391
4.595 0.1868701557
4.6000000000000005 0.1901188915
4.605 0.1933340563
4.61 0.1965152530
4.615 0.1996620776
4.62 0.2027741186
4.625 0.2058509571
4.63 0.2088921666
4.635 0.2118973122
4.64 0.2148659509
4.6450000000000005 0.2177976312
4.65 0.2206918924
4.655 0.2235482651
4.66 0.2263662700
4.665 0.2291454184
4.67 0.2318852112
4.675 0.2345851393
4.68 0.2372446826
4.6850000000000005 0.2398633102
4.69 0.2424404795
4.695 0.2449756365
4.7 0.2474682151
4.705 0.2499176366
4.71 0.2523233096
4.715 0.2546846297
4.72 0.2570009786
4.7250000000000005 0.2592717245
4.73 0.2614962209
4.735 0.2636738068
4.74 0.2658038059
4.745 0.2678855267
4.75 0.2699182613
4.755 0.2719012858
4.76 0.2738338593
4.765 0.2757152240
4.7700000000000005 0.2775446040
4.775 0.2793212059
4.78 0.2810442175
4.785 0.2827128078
4.79 0.2843261267
4.795 0.2858833042
4.8 0.2873834507
4.805 0.2888256557
4.8100000000000005 0.2902089883
4.815 0.2915324966
4.82 0.2927952070
4.825 0.2939961246
4.83 0.2951342326
4.835 0.2962084923
4.84 0.2972178425
4.845 0.2981612003
4.8500000000000005 0.2990374601
4.855 0.2998454945
4.86 0.3005841540
4.865 0.3012522672
4.87 0.3018486415
4.875 0.3023720633
4.88 0.3028212986
4.885 0.3031950940
4.89 0.3034921772
4.8950000000000005 0.3037112585
4.9 0.3038510318
4.905 0.3039101764
4.91 0.3038873584
4.915 0.3037812329
4.92 0.3035904463
4.925 0.3033136387
4.93 0.3029494472
4.9350000000000005 0.3024965086
4.94 0.3019534636
4.945 0.3013189604
4.95 0.3005916592
4.955 0.2997702375
4.96 0.2988533948
4.965 0.2978398588
4.97 0.2967283918
4.9750000000000005 0.2955177968
4.98 0.2942069256
4.985 0.2927946858
4.99 0.2912800493
4.995 0.2896620610
5.0 0.2879398474
5.005 0.2861126263
5.01 0.2841797161
5.015 0.2821405459
5.0200000000000005 0.2799946651
5.025 0.2777417535
5.03 0.2753816313
5.035 0.2729142681
5.04 0.2703397929
5.045 0.2676585017
5.05 0.2648708666
5.055 0.2619775419
5.0600000000000005 0.2589793707
5.065 0.2558773897
5.07 0.2526728325
5.075 0.2493671320
5.08 0.2459619209
5.085 0.2424590300
5.09 0.2388604861
5.095 0.2351685071
5.1000000000000005 0.2313854953
5.105 0.2275140299
5.11 0.2235568571
5.115 0.2195168791
5.12 0.2153971416
5.125 0.2112008202
5.13 0.2069312062
5.135 0.2025916908
5.14 0.1981857499
5.1450000000000005 0.1937169278
5.15 0.1891888213
5.155 0.1846050638
5.16 0.1799693103
5.165 0.1752852219
5.17 0.1705564522
5.175 0.1657866341
5.18 0.1609793676
5.1850000000000005 0.1561382085
5.19 0.1512666588
5.195 0.1463681579
5.2 0.1414460747
5.205 0.1365037015
5.21 0.1315442486
5.215 0.1265708403
5.22 0.1215865113
5.2250000000000005 0.1165942049
5.23 0.1115967717
5.235 0.1065969687
5.24 0.1015974600
5.245 0.09660081733
5.25 0.09160952162
5.255 0.08662596497
5.26 0.08165245302
5.265 0.07669120763
5.2700000000000005 0.07174436994
5.275 0.06681400367
5.28 0.06190209857
5.285 0.05701057407
5.29 0.05214128298
5.295 0.04729601539
5.3 0.04247650246
5.305 0.03768442035
5.3100000000000005 0.03292139412
5.315 0.02818900165
5.32 0.02348877743
5.325 0.01882221648
5.33 0.01419077805
5.335 0.009595889431
5.34 0.005038949624
5.345 0.0005213329669
5.3500000000000005 -0.003955607260
5.355 -0.008390535289
5.36 -0.01278212936
5.365 -0.01712907827
5.37 -0.02143007790
5.375 -0.02568382785
5.38 -0.02988902802
5.385 -0.03404437521
5.39 -0.03814855976
5.3950000000000005 -0.04220026212
5.4 -0.04619814943
5.405 -0.05014087207
5.41 -0.05402706012
5.415 -0.05785531983
5.42 -0.06162422995
5.425 -0.06533233801
5.43 -0.06897815648
5.4350000000000005 -0.07256015884
5.44 -0.07607677548
5.445 -0.07952638951
5.45 -0.08290733233
5.455 -0.08621787906
5.46 -0.08945624379
5.465 -0.09262057459
5.47 -0.09570894826
5.4750000000000005 -0.09871936487
5.48 -0.1016497420
5.485 -0.1044979088
5.49 -0.1072615995
5.495 -0.1099384468
5.5 -0.1125259751
5.505 -0.1150215927
5.51 -0.1174225850
5.515 -0.1197261055
5.5200000000000005 -0.1219291685
5.525 -0.1240286400
5.53 -0.1260212291
5.535 -0.1279034791
5.54 -0.1296717586
5.545 -0.1313222525
5.55 -0.1328509535
5.555 -0.1342536538
5.5600000000000005 -0.1355259379
5.565 -0.1366631763
5.57 -0.1376605211
5.575 -0.1385129037
5.58 -0.1392150354
5.585 -0.1397614121
5.59 -0.1401463243
5.595 -0.1403638727
5.6000000000000005 -0.1404079925
5.605 -0.1402724869
5.61 -0.1399510724
5.615 -0.1394374382
5.62 -0.1387253216
5.625 -0.1378086017
5.63 -0.1366814134
5.635 -0.1353382830
5.64 -0.1337742860
5.6450000000000005 -0.1319852254
5.65 -0.1299678276
5.655 -0.1277199506
5.66 -0.1252407957
5.665 -0.1225311102
5.67 -0.1195933700
5.675 -0.1164319222
5.68 -0.1130530761
5.6850000000000005 -0.1094651264
5.69 -0.1056782998
5.695 -0.1017046224
5.7 -0.09755771152
5.705 -0.09325250383
5.71 -0.08880493855
5.715 -0.08423161682
5.72 -0.07954946058
5.7250000000000005 -0.07477539198
5.73 -0.06992604980
5.735 -0.06501755422
5.74 -0.06006532533
5.745 -0.05508395562
5.75 -0.05008713283
5.755 -0.04508760666
5.76 -0.04009719195
5.765 -0.03512680014
5.7700000000000005 -0.03018649187
5.775 -0.02528554390
5.78 -0.02043252523
5.785 -0.01563537812
5.79 -0.01090150092
5.795 -0.006237830520
5.8 -0.001650923118
5.805 0.002852967537
5.8100000000000005 0.007267814587
5.815 0.01158774513
5.82 0.01580696952
5.825 0.01991971223
5.83 0.02392014363
5.835 0.02780231169
5.84 0.03156007266
5.845 0.03518701962
5.8500000000000005 0.03867640786
5.855 0.04202107556
5.86 0.04521335882
5.865 0.04824499940
5.87 0.05110704390
5.875 0.05378973319
5.88 0.05628238094
5.885 0.05857324082
5.89 0.06064936271
5.8950000000000005 0.06249644012
5.9 0.06409865363
5.905 0.06543851968
5.91 0.06649676143
5.915 0.06725222910
5.92 0.06768191357
5.925 0.06776111980
5.93 0.06746389566
5.9350000000000005 0.06676384488
5.94 0.06563547777
5.945 0.06405624768
5.95 0.06200934466
5.955 0.05948712181
5.96 0.05649469615
5.965 0.05305287360
5.97 0.04919932426
5.9750000000000005 0.04498717723
5.98 0.04048100146
5.985 0.03575113606
5.99 0.03086790622
5.995 0.02589707139
6.0 0.02089713712
6.005 0.01591843759
6.01 0.01100349750
6.015000000000001 0.006188119884
6.0200000000000005 0.001502771875
6.025 -0.003025992191
6.03 -0.007374193409
6.035 -0.01151920972
6.04 -0.01543865819
6.045 -0.01910933401
6.05 -0.02250614922
6.055 -0.02560100763
6.0600000000000005 -0.02836154976
6.065 -0.03074970656
6.07 -0.03272002587
6.075 -0.03421781429
6.08 -0.03517734449
6.085 -0.03552086839
6.09 -0.03516021104
6.095 -0.03400451898
6.1000000000000005 -0.03197960782
6.105 -0.02906240839
6.11 -0.02532065508
6.115 -0.02092641668
6.12 -0.01611761567
6.125 -0.01113158819
6.13 -0.006160578525
6.135 -0.001344457291
6.140000000000001 0.003216314218
6.1450000000000005 0.007444106202
6.15 0.01127010330
6.155 0.01462300242
6.16 0.01741877424
6.165 0.01954971338
6.17 0.02087183537
6.175 0.02119336967
6.18 0.02028083751
6.1850000000000005 0.01793425484
6.19 0.01419354040
6.195 0.009509613149
6.2 0.004511623035
6.205 -0.0003376150970
6.21 -0.004773786471
6.215 -0.008627550411
6.22 -0.01174361857
6.2250000000000005 -0.01392552433
6.23 -0.01488562021
6.235 -0.01421507321
6.24 -0.01153833198
6.245 -0.007143949949
6.25 -0.002146373400
6.255 0.002584244382
6.26 0.006650396387
6.265000000000001 0.009800434170
6.2700000000000005 0.01173251856
6.275 0.01197442861
6.28 0.009916448054
6.285 0.005639756194
6.29 0.0006401213236
6.295 -0.003929130563
6.3 -0.007617998106
6.305 -0.01009838384
6.3100000000000005 -0.01088646205
6.315 -0.009265040841
6.32 -0.005112080752
6.325 -0.0001133168833
6.33 0.004377878686
6.335 0.007875244697
6.34 0.009996454742
6.345 0.01013954996
6.3500000000000005 0.007552484248
6.355 0.002819266117
6.36 -0.002049249635
6.365 -0.006113357369
6.37 -0.008973497331
6.375 -0.01013937988
6.38 -0.008833010069
6.385 -0.004774210223
6.390000000000001 0.0002235015286
6.3950000000000005 0.004655364881
6.4 0.008010721955
6.405 0.009862927390
6.41 0.009520952852
6.415 0.006300277045
6.42 0.001367398826
6.425 -0.003326438968
6.43 -0.007064047643
6.4350000000000005 -0.009443313179
6.44 -0.009868345121
6.445 -0.007523644072
6.45 -0.002848625599
6.455 0.002030227259
6.46 0.006088238023
6.465 0.008908231243
6.47 0.009975796329
6.4750000000000005 0.008482808655
6.48 0.004262771328
6.485 -0.0007212554281
6.49 -0.005057751088
6.495 -0.008264572120
6.5 -0.009889072119
6.505 -0.009191992742
6.51 -0.005603523933
6.515000000000001 -0.0006177826642
6.5200000000000005 0.003960646900
6.525 0.007515901716
6.53 0.009633513390
6.535 0.009662712519
6.54 0.006830184680
6.545 0.001983569597
6.55 -0.002795873041
6.555 -0.006668194005
6.5600000000000005 -0.009227954095
6.565 -0.009910602529
6.57 -0.007889460549
6.575 -0.003358743438
6.58 0.001567967078
6.585 0.005728715968
6.59 0.008688547860
6.595 0.009955901050
6.6000000000000005 0.008740661887
6.605 0.004715386589
6.61 -0.0002823637379
6.615 -0.004702839516
6.62 -0.008027646205
6.625 -0.009819010685
6.63 -0.009365097036
6.635 -0.006009872923
6.640000000000001 -0.001051468133
6.6450000000000005 0.003596066777
6.65 0.007255462531
6.655 0.009518437426
6.66 0.009762256353
6.665 0.007183199997
6.67 0.002415792687
6.675 -0.002416602867
6.68 -0.006382511726
6.6850000000000005 -0.009071868657
6.69 -0.009944667309
6.695 -0.008178510781
6.7 -0.003785762876
6.705 0.001172683014
6.71 0.005417638228
6.715 0.008494760662
6.72 0.009931507062
6.7250000000000005 0.008959406508
6.73 0.005127323743
6.735 0.0001280919399
6.74 -0.004366848907
6.745 -0.007798824284
6.75 -0.009742088664
6.755 -0.009512355788
6.76 -0.006390301878
6.765000000000001 -0.001473129438
6.7700000000000005 0.003236980065
6.775 0.006994546522
6.78 0.009394493865
6.785 0.009840990246
6.79 0.007513497290
6.795 0.002841924109
6.8 -0.002036920017
6.805 -0.006092429684
6.8100000000000005 -0.008906020119
6.815 -0.009960545264
6.82 -0.008444902122
6.825 -0.004207257357
6.83 0.0007745334500
6.835 0.005100370525
6.84 0.008290952714
6.845 0.009890702943
6.8500000000000005 0.009155550403
6.855 0.005530557673
6.86 0.0005416683267
6.865 -0.004024202309
6.87 -0.007560263345
6.875 -0.009650285076
6.88 -0.009637821887
6.885 -0.006756694997
6.890000000000001 -0.001896574413
6.8950000000000005 0.002871604204
6.9 0.006724571402
6.905 0.009257203930
6.91 0.009899567881
6.915 0.007824950649
6.92 0.003267559442
6.925 -0.001651446282
6.93 -0.005793867249
6.9350000000000005 -0.008728111325
6.94 -0.009958222580
6.945 -0.008689812732
6.95 -0.004624739061
6.955 0.0003712404834
6.96 0.004775057267
6.965 0.008076057564
6.97 0.009833495339
6.9750000000000005 0.009329567993
6.98 0.005924441943
6.985 0.0009589862677
6.99 -0.003674217238
6.995 -0.007311614481
7.0 -0.009543794495
7.005 -0.009741969391
7.01 -0.007107734762
7.015000000000001 -0.002321589909
7.0200000000000005 0.002499756437
7.025 0.006445485948
7.03 0.009106850963
7.035 0.009938570963
7.04 0.008116617700
7.045 0.003691960333
7.05 -0.001260179275
7.055 -0.005486831158
7.0600000000000005 -0.008538382012
7.065 -0.009938251091
7.07 -0.008912897685
7.075 -0.005036814180
7.08 -0.00003693223925
7.085 0.004441819408
7.09 0.007850330090
7.095 0.009760397520
7.1000000000000005 0.009481582473
7.105 0.006307107212
7.11 0.001379468902
7.115 -0.003317142226
7.12 -0.007053182386
7.125 -0.009423133769
7.13 -0.009825273517
7.135 -0.007441808351
7.140000000000001 -0.002747405763
7.1450000000000005 0.002121652977
7.15 0.006157517247
7.155 0.008943862107
7.16 0.009958607765
7.165 0.008387627872
7.17 0.004114029701
7.175 -0.0008633339665
7.18 -0.005171469930
7.1850000000000005 -0.008337142797
7.19 -0.009901189618
7.195 -0.009113933430
7.2 -0.005441814929
7.205 -0.0004495459638
7.21 0.004100884193
7.215 0.007614086136
7.22 0.009671943763
7.2250000000000005 0.009611832488
7.23 0.006676647362
7.235 0.001802438577
7.24 -0.002953258201
7.245 -0.006785281717
7.25 -0.009288815904
7.255 -0.009888278613
7.26 -0.007757502281
7.265000000000001 -0.003173168350
7.2700000000000005 0.001737502277
7.275 0.005860864606
7.28 0.008768626786
7.285 0.009960281691
7.29 0.008637332090
7.295 0.004532497412
7.3 -0.0004611796929
7.305 -0.004847946644
7.3100000000000005 -0.008124696066
7.315 -0.009847582268
7.32 -0.009292853191
7.325 -0.005837926573
7.33 -0.0008660731871
7.335 0.003752513037
7.34 0.007367654276
7.345 0.009568670268
7.3500000000000005 0.009720672993
7.355 0.007031237629
7.36 0.002227166635
7.365 -0.002582830099
7.37 -0.006508199348
7.375 -0.009141325007
7.38 -0.009931573811
7.385 -0.008053643083
7.390000000000001 -0.003597931150
7.3950000000000005 0.001347504951
7.4 0.005555697302
7.405 0.008581494028
7.41 0.009944178392
7.415 0.008865285798
7.42 0.004945909911
7.425 -0.00005405577332
7.43 -0.004516449649
7.4350000000000005 -0.007901346199
7.44 -0.009777965131
7.445 -0.009449734636
7.45 -0.006223247419
7.455 -0.001285909794
7.46 0.003396987186
7.465 0.007111365680
7.47 0.009451109406
7.4750000000000005 0.009808558087
7.48 0.007369206668
7.485 0.002652875796
7.49 -0.002206096444
7.495 -0.006222183713
7.5 -0.008981105359
7.505 -0.009955767349
7.51 -0.008329301403
7.515000000000001 -0.004020621368
7.5200000000000005 0.0009518765137
7.525 0.005242170274
7.53 0.008382782995
7.535 0.009910862365
7.54 0.009071226111
7.545 0.005352633060
7.55 0.0003576149418
7.555 -0.004177201169
7.5600000000000005 -0.007667408161
7.565 -0.009692873105
7.57 -0.009584788157
7.575 -0.006595862137
7.58 -0.001708388765
7.585 0.003034590639
7.59 0.006845540447
7.595 0.009319779515
7.6000000000000005 0.009876018533
7.605 0.007689089649
7.61 0.003078728172
7.615 -0.001823270545
7.62 -0.005927442871
7.625 -0.008808556519
7.63 -0.009961465333
7.635 -0.008583779357
7.640000000000001 -0.004440007344
7.6450000000000005 0.0005508739299
7.65 0.004920443253
7.655 0.008172797570
7.66 0.009860880677
7.665 0.009255052361
7.67 0.005750879701
7.675 0.0007733232908
7.68 -0.003830456474
7.6850000000000005 -0.007423208660
7.69 -0.009592842394
7.695 -0.009698344136
7.7 -0.006953920977
7.705 -0.002132791885
7.71 0.002665593311
7.715 0.006570472922
7.72 0.009175172288
7.7250000000000005 0.009923635823
7.73 0.007989658686
7.735 0.003503800494
7.74 -0.001434553115
7.745 -0.005624151678
7.75 -0.008624035821
7.755 -0.009949257952
7.76 -0.008816589007
7.765000000000001 -0.004854676762
7.7700000000000005 0.0001448194975
7.775 0.004590697961
7.78 0.007951840741
7.785 0.009794770520
7.79 0.009416811194
7.795 0.006138761524
7.8 0.001192481028
7.805000000000001 -0.003476493792
7.8100000000000005 -0.007169079352
7.815 -0.009478406956
7.82 -0.009790836442
7.825 -0.007295713219
7.83 -0.002558353211
7.835 0.002290239894
7.84 0.006286420555
7.845 0.009017741505
7.8500000000000005 0.009952016002
7.855 0.008269930875
7.86 0.003927050999
7.865 -0.001040154099
7.87 -0.005312466638
7.875 -0.008427867875
7.88 -0.009919714284
7.885 -0.009027428991
7.890000000000001 -0.005263034085
7.8950000000000005 -0.0002658831045
7.9 0.004253148827
7.905 0.007720224736
7.91 0.009713066647
7.915 0.009556684558
7.92 0.006514359411
7.925 0.001614433906
7.930000000000001 -0.003115598061
7.9350000000000005 -0.006905344097
7.94 -0.009350089302
7.945 -0.009862780984
7.95 -0.007619724743
7.955 -0.002984250033
7.96 0.001908748592
7.965 0.005993600062
7.97 0.008847896709
7.9750000000000005 0.009961767133
7.98 0.008529158626
7.985 0.004347285689
7.99 -0.0006403190148
7.995 -0.004992544789
8.0 -0.008220358638
8.005 -0.009873384686
8.01 -0.009216164072
8.015 -0.005663322434
8.02 -0.0006807435514
8.025 0.003908044363
8.03 0.007478273981
8.035 0.009616305058
8.040000000000001 0.009674977464
8.045 0.006875802333
8.05 0.002038474396
8.055 -0.002748043564
8.06 -0.006632304112
8.065 -0.009208388121
8.07 -0.009914750307
8.075 -0.007924673642
8.08 -0.003409580701
8.085 0.001521321295
8.09 0.005692192613
8.095 0.008666004004
8.1 0.009953483689
8.105 0.008766809454
8.11 0.004763133352
8.115 -0.0002353539339
8.120000000000001 -0.004664561758
8.125 -0.008001810214
8.13 -0.009810807833
8.135 -0.009382809300
8.14 -0.006053670392
8.145 -0.001099190138
8.15 0.003555658956
8.155 0.007226319973
8.16 0.009505020831
8.165000000000001 0.009772102495
8.17 0.007221343060
8.175 0.002463847451
8.18 -0.002374081093
8.185 -0.006350225667
8.19 -0.009053766374
8.195 -0.009947347138
8.2 -0.008209522960
8.205 -0.003833332784
8.21 0.001128163693
8.215 0.005382357224
8.22 0.008472394154
8.225 0.009927739458
8.23 0.008982542508
8.235 0.005173038129
8.24 0.0001743563811
8.245000000000001 -0.004328724244
8.25 -0.007772532243
8.255 -0.009732518522
8.26 -0.009527517590
8.265 -0.006432158990
8.27 -0.001520582050
8.275 0.003196277602
8.28 0.006964689583
8.285 0.009379740025
8.290000000000001 0.009848559440
8.295 0.007549419940
8.3 0.002889744439
8.305 -0.001993934251
8.31 -0.006059334392
8.315 -0.008886643620
8.32 -0.009961180725
8.325 -0.008473474376
8.33 -0.004254348684
8.335 0.0007295111095
8.34 0.005064249145
8.345 0.008267375938
8.35 0.009885088449
8.355 0.009176187210
8.36 0.005575275744
8.365 0.0005883407176
8.370000000000001 -0.003985273586
8.375 -0.007532846608
8.38 -0.009639052442
8.385 -0.009650567827
8.39 -0.006796899693
8.395 -0.001944222746
8.4 0.002830178304
8.405 0.006693690276
8.41 0.009240967724
8.415000000000001 0.009904910576
8.42 0.007858697657
8.425 0.003315283727
8.43 -0.001607807112
8.435 -0.005759818444
8.44 -0.008707395144
8.445 -0.009956849474
8.45 -0.008715949680
8.455 -0.004671297897
8.46 0.0003256542990
8.465 0.004738038541
8.47 0.008051251150
8.475 0.009826071221
8.48 0.009347726409
8.485 0.005967995010
8.49 0.001006044537
8.495000000000001 -0.003634479562
8.5 -0.007283084060
8.505 -0.009530945385
8.51 -0.009752350297
8.515 -0.007146111825
8.52 -0.002369367778
8.525 0.002457617761
8.53 0.006413596853
8.535 0.009089175681
8.540000000000001 0.009941754137
8.545 0.008148084859
8.55 0.003739480483
8.555 -0.001215902410
8.56 -0.005451840277
8.565 -0.008516358539
8.57 -0.009934931941
8.575000000000001 -0.008936567467
8.58 -0.005082665034
8.585 -0.00008304050573
8.59 0.004403924559
8.595 0.007824327080
8.6 0.009751222861
8.605 0.009497283418
8.61 0.006349280990
8.615 0.001426841140
8.620000000000001 -0.003276626338
8.625 -0.007023573733
8.63 -0.009408726356
8.635 -0.009833347444
8.64 -0.007478188222
8.645 -0.002795221627
8.65 0.002078825358
8.655 0.006124644017
8.66 0.008924793428
8.665000000000001 0.009959699690
8.67 0.008416731554
8.675 0.004161212108
8.68 -0.0008184465695
8.685 -0.005135554294
8.69 -0.008313846158
8.695 -0.009895986115
8.700000000000001 -0.009135120993
8.705 -0.005486760484
8.71 -0.0004961213702
8.715 0.004062141053
8.72 0.007586922900
8.725 0.009661078709
8.73 0.009625110283
8.735 0.006717231504
8.74 0.001850045383
8.745000000000001 -0.002911994907
8.75 -0.006754628669
8.755 -0.009272906208
8.76 -0.009894109959
8.765 -0.007791741016
8.77 -0.003220921166
8.775 0.001694008263
8.78 0.005827027500
8.785 0.008748205760
8.790000000000001 0.009959349131
8.795 0.008664012635
8.8 0.004579188191
8.805 -0.0004157160280
8.81 -0.004811125902
8.815 -0.008100160117
8.82 -0.009840554844
8.825000000000001 -0.009311560283
8.83 -0.005881756433
8.835 -0.0009130514969
8.84 0.003712952480
8.845 0.007339368083
8.85 0.009556174924
8.855 0.009731574050
8.86 0.007070035702
8.865 0.002274923276
8.870000000000001 -0.002540847571
8.875 -0.006476531825
8.88 -0.009123965036
8.885 -0.009935230350
8.89 -0.008085624304
8.895 -0.003645507426
8.9 0.001303367508
8.905 0.005520914082
8.91 0.008559757723
8.915000000000001 0.009941285756
8.92 0.008889505042
8.925 0.004991934325
8.93 -8.058997139e-6
8.935 -0.004478746987
8.94 -0.007875605676
8.945 -0.009769173800
8.950000000000001 -0.009465978476
8.955 -0.006265745791
8.96 -0.001333219004
8.965 0.003356641290
8.97 0.007081993294
8.975 0.009437042885
8.98 0.009817138629
8.985 0.007406043169
8.99 0.002700691586
8.995000000000001 -0.002163419747
9.0 -0.006189527029
9.005 -0.008962342217
9.01 -0.009957317557
9.015 -0.008358935580
9.02 -0.004067891283
9.025 0.0009071219392
9.03 0.005206458281
9.035 0.008359766004
9.040000000000001 0.009906071817
9.045 0.009092964982
9.05 0.005397797346
9.055 0.0004040919131
9.06 -0.004138643711
9.065 -0.007640499216
9.07 -0.009682378006
9.075000000000001 -0.009598600119
9.08 -0.006636816647
9.085 -0.001755950641
9.09 0.002993490682
9.095 0.006815116450
9.1 0.009304198578
9.105 0.009882341807
9.11 0.007723814594
9.115 0.003126504279
9.120000000000001 -0.001779922503
9.125 -0.005893818092
9.13 -0.008788432307
9.135 -0.009960976429
9.14 -0.008611001690
9.145 -0.004486821592
9.15 0.0005055347693
9.155 0.004883821523
9.16 0.008148533714
9.165000000000001 0.009854252860
9.17 0.009274308992
9.175 0.005794975745
9.18 0.0008202181498
9.185 -0.003791074573
9.19 -0.007395168474
9.195 -0.009580703711
9.200000000000001 -0.009709768123
9.205 -0.006993131417
9.21 -0.002180522867
9.215 0.002623768139
9.22 0.006539028199
9.225 0.009158129937
9.23 0.009927769102
9.235 0.008022149574
9.24 0.003551426524
9.245000000000001 -0.001390556369
9.25 -0.005589576958
9.255 -0.008602588377
9.26 -0.009946794888
9.265 -0.008841356783
9.27 -0.004900865177
9.275 0.00009893681630
9.28 0.004553188822
9.285 0.007926364484
9.290000000000001 0.009786365477
9.295 0.009433599481
9.3 0.006181573995
9.305 0.001239723354
9.31 -0.003436319432
9.315 -0.007139944942
9.32 -0.009464684128
9.325000000000001 -0.009799926727
9.33 -0.007332998955
9.335 -0.002606164071
9.34 0.002247715234
9.345 0.006253981447
9.35 0.008999285972
9.355 0.009954027806
9.36 0.008300092366
9.365 0.003974401073
9.370000000000001 -0.0009955339408
9.375 -0.005276959220
9.38 -0.008405132192
9.385 -0.009915339674
9.39 -0.009049719084
9.395 -0.005308406823
9.4 -0.0003122585674
9.405 0.004214778551
9.41 0.007693571917
9.415000000000001 0.009702944471
9.42 0.009571032858
9.425 0.006555674400
9.43 0.001661946738
9.435 -0.003074662861
9.44 -0.006875150673
9.445 -0.009334839738
9.450000000000001 -0.009869599511
9.455 -0.007654929867
9.46 -0.003032044011
9.465 0.001865547624
9.47 0.005960188495
9.475 0.008828071167
9.48 0.009961725084
9.485 0.008556920654
9.49 0.004394215023
9.495000000000001 -0.0005951063748
9.5 -0.004956123166
9.505 -0.008196368568
9.51 -0.009867159431
9.515 -0.009235970933
9.52 -0.005707674025
9.525 -0.0007275514869
9.53 0.003868842699
9.535 0.007450481630
9.540000000000001 0.009604525967
9.545 0.009686927067
9.55 0.006915416227
9.555 0.002086175335
9.56 -0.002706377010
9.565 -0.006601083483
9.57 -0.009191665765
9.575000000000001 -0.009919363711
9.58 -0.007957669512
9.585 -0.003457250304
9.59 0.001477466474
9.595 0.005657827231
9.6 0.008644847134
9.605 0.009951453277
9.61 0.008792124633
9.615 0.004809476405
9.620000000000001 -0.0001895878435
9.625 -0.004627247436
9.63 -0.007976599987
9.635 -0.009802792037
9.64 -0.009400143437
9.645 -0.006096786395
9.65 -0.001146361789
9.655 0.003515657695
9.66 0.007197425278
9.665000000000001 0.009491644527
9.67 0.009781705585
9.675 0.007259070344
9.68 0.002511648632
9.685 -0.002331709602
9.69 -0.006318005210
9.695 -0.009035620572
9.700000000000001 -0.009949823875
9.705 -0.008240208326
9.71 -0.003880755896
9.715 0.001083679462
9.72 0.005347055282
9.725 0.008449941439
9.73 0.009923783781
9.735 0.009005383555
9.74 0.005218609172
9.745000000000001 0.0002206273615
9.75 -0.004290542621
9.755 -0.007746137377
9.76 -0.009722772238
9.765 -0.009542404270
9.77 -0.006473824398
9.775 -0.001568041780
9.78 0.003155508616
9.785 0.006934728304
9.790000000000001 0.009364824496
9.795 0.009855876513
9.8 0.007585098907
9.805 0.002937551008
9.81 -0.001950881452
9.815 -0.006026136948
9.82 -0.008867118648
9.825000000000001 -0.009961588757
9.83 -0.008501773775
9.835 -0.004301384947
9.84 0.0006844269077
9.845 0.005028028687
9.85 0.008243661337
9.855 0.009879268714
9.86 0.009196544822
9.865 0.005619872284
9.870000000000001 0.0006350583348
9.875 -0.003946253735
9.88 -0.007505303932
9.885 -0.009627635890
9.89 -0.009663045624
9.895 -0.006836907877
9.9 -0.001991889317
9.905 0.002788671670
9.91 0.006662695091
9.915000000000001 0.009224567797
9.92 0.009910007485
9.925 0.007892193526
9.93 0.003362990898
9.935 -0.001564095412
9.94 -0.005725663243
9.945 -0.008686530592
9.950000000000001 -0.009955254821
9.955 -0.008741810924
9.96 -0.004717786424
9.965 0.0002800071938
9.97 0.004700920289
9.975 0.008026308705
9.98 0.009818447630
9.985 0.009365607647
9.99 0.006011403915
9.995000000000001 0.001053141778
10.0 -0.003594652979
10.005 -0.007254430850
10.01 -0.009517918470
10.015 -0.009762469184
10.02 -0.007184272678
10.025 -0.002417154617
10.03 0.002415400599
10.035 0.006381596169
10.040000000000001 0.009071341791
10.045 0.009944699161
10.05 0.008179290391
10.055 0.003786969727
10.06 -0.001171555549
10.065 -0.005416744695
10.07 -0.008494190459
10.075000000000001 -0.009931398209
10.08 -0.008959959016
10.085 -0.005128424384
10.09 -0.0001292041289
10.095 0.004365933027
10.1 0.007798191987
10.105 0.009741855437
10.11 0.009512710385
10.115 0.006391286605
10.120000000000001 0.001474243763
10.125 -0.003236025054
10.13 -0.006993846214
10.135 -0.009394147568
10.14 -0.009841166318
10.145 -0.007514334391
10.15 -0.002843035641
10.155 0.002035921824
10.16 0.006091661638
10.165000000000001 0.008905570974
10.17 0.009960561057
10.175 0.008445565762
10.18 0.004208347375
10.185 -0.0007734926265
10.19 -0.005099536017
10.195 -0.008290408700
10.200000000000001 -0.009890574860
10.205 -0.009156029710
10.21 -0.005531591443
10.215 -0.0005427453612
10.22 0.004023304575
10.225 0.007559631741
10.23 0.009650027651
10.235 0.009638118746
10.24 0.006757624591
10.245000000000001 0.001897673327
10.25 -0.002870649530
10.255 -0.006723860331
10.26 -0.009256831197
10.265 -0.009899693746
10.27 -0.007825731606
10.275 -0.003268660083
10.28 0.001650440841
10.285 0.005793083327
10.290000000000001 0.008727635295
10.295 0.009958193368
10.3 0.008690418399
10.305 0.004625813243
10.31 -0.0003701901913
10.315 -0.004774204929
10.32 -0.008075487186
10.325000000000001 -0.009833326412
10.33 -0.009329989713
10.335 -0.005925447583
10.34 -0.0009600706652
10.345 0.003673302162
10.35 0.007310958149
10.355 0.009543500284
10.36 0.009742211646
10.365 0.007108621866
10.370000000000001 0.002322691198
10.375 -0.002498785923
10.38 -0.006444752084
10.385 -0.009106445293
10.39 -0.009938647026
10.395 -0.008117346023
10.4 -0.003693056110
10.405 0.001259159388
10.41 0.005486025723
10.415000000000001 0.008537875954
10.42 0.009938176998
10.425 0.008913446452
10.43 0.005037872146
10.435 0.00003799449877
10.44 -0.004440946947
10.445 -0.007849732159
10.450000000000001 -0.009760188201
10.455 -0.009481947498
10.46 -0.006308081273
10.465 -0.001380560574
10.47 0.003316209221
10.475 0.007052501191
10.48 0.009422803585
10.485 0.009825462514
10.49 0.007442649594
10.495000000000001 0.002748508020
10.5 -0.002120666576
10.505 -0.006156760687
10.51 -0.008943424273
10.515 -0.009958635538
10.52 -0.008388301795
10.525 -0.004115117860
10.53 0.0008622999801
10.535 0.005170643165
10.540000000000001 0.008336607354
10.545 0.009901072012
10.55 0.009114424983
10.555 0.005442852278
10.56 0.0004506190608
10.565 -0.004099992145
10.57 -0.007613461417
10.575000000000001 -0.009671695404
10.58 -0.009612141603
10.585 -0.006677585035
10.59 -0.001803535756
10.595 0.002952307932
10.6 0.006784576408
10.605 0.009288451023
10.61 0.009888415830
10.615 0.007758294331
10.620000000000001 0.003174269287
10.625 -0.001736500489
10.63 -0.005860085806
10.635 -0.008768157729
10.64 -0.009960262713
10.645 -0.008637950216
10.65 -0.004533574444
10.655 0.0004601323761
10.66 0.004847098990
10.665000000000001 0.008124132013
10.67 0.009847422541
10.675 0.009293287551
10.68 0.005838938473
10.685 0.0008671556557
10.69 -0.003751602108
10.695 -0.007367003625
10.700000000000001 -0.009568384252
10.705 -0.009720927254
10.71 -0.007032134365
10.715 -0.002228267377
10.72 0.002581863219
10.725 0.006507470620
10.73 0.009140926632
10.735 0.009931660809
10.74 0.008054383222
10.745000000000001 0.003599028168
10.75 -0.001346488301
10.755 -0.005554896671
10.76 -0.008580994607
10.765 -0.009944114150
10.77 -0.008865847222
10.775 -0.004946971814
10.78 0.00005299610763
10.785 0.004515581633
10.790000000000001 0.007900754334
10.795 0.009777764668
10.8 0.009450112184
10.805 0.006224228898
10.81 0.001286999986
10.815 -0.003396058113
10.82 -0.007110689944
10.825000000000001 -0.009450787098
10.83 -0.009808758780
10.835 -0.007370058393
10.84 -0.002653978021
10.845 0.002205113532
10.85 0.006221432154
10.855 0.008980674581
10.86 0.009955805705
10.865 0.008329987536
10.870000000000001 0.004021711499
10.875 -0.0009508456014
10.88 -0.005241348211
10.885 -0.008382254010
10.89 -0.009910754296
10.895 -0.009071730371
10.9 -0.005353675391
10.905 -0.0003586857491
10.91 0.004176313412
10.915000000000001 0.007666789316
10.92 0.009692633291
10.925 0.009585109598
10.93 0.006596808290
10.935 0.001709484883
10.94 -0.003033644146
10.945 -0.006844840429
10.950000000000001 -0.009319422228
10.955 -0.009876167109
10.96 -0.007689892871
10.965 -0.003079829612
10.97 0.001822272129
10.975 0.005926668971
10.98 0.008808094316
10.985 0.009961456601
10.99 0.008584409960
10.995000000000001 0.004441087172
11.0 -0.0005498294962
11.005 -0.004919600193
11.01 -0.008172239800
11.015 -0.009860730179
11.02 -0.009255499393
11.025 -0.005751897675
11.03 -0.0007744038151
11.035 0.003829549673
11.040000000000001 0.007422563691
11.045 0.009592564617
11.05 0.009698610466
11.055 0.006954827167
11.06 0.002133892009
11.065 -0.002664630066
11.07 -0.006569749338
11.075000000000001 -0.009174781248
11.08 -0.009923733829
11.085 -0.007990410546
11.09 -0.003504898622
11.095 0.001433539717
11.1 0.005623355859
11.105 0.008623543070
11.11 0.009949203630
11.115 0.008817163069
11.120000000000001 0.004855742390
11.125 -0.0001437624782
11.13 -0.004589834415
11.135 -0.007951254979
11.14 -0.009794578979
11.145 -0.009417201299
11.15 -0.006139750182
11.155 -0.001193569654
11.16 0.003475568684
11.165000000000001 0.007168409113
11.17 0.009478092587
11.175 0.009791048903
11.18 0.007296575255
11.185 0.002559455292
11.19 -0.002289260495
11.195 -0.006285674019
11.200000000000001 -0.009017317832
11.205 -0.009952065018
11.21 -0.008270629143
11.215 -0.003928142935
11.22 0.001039126296
11.225 0.005311649297
11.23 0.008427345385
11.235 0.009919615821
11.24 0.009027945956
11.245000000000001 0.005264081161
11.25 0.0002669515533
11.255 -0.004252265395
11.26 -0.007719611806
11.265 -0.009712835447
11.27 -0.009557018374
11.275 -0.006515313815
11.28 -0.001615528869
11.285 0.003114655374
11.290000000000001 0.006904649403
11.295 0.009349739669
11.3 0.009862940996
11.305 0.007620538998
11.31 0.002985351855
11.315 -0.001907753573
11.32 -0.005992831083
11.325000000000001 -0.008847441401
11.33 -0.009961768720
11.335 -0.008529801657
11.34 -0.004348368123
11.345 0.0006392775090
11.35 0.004991706348
11.355 0.008219807189
11.36 0.009873243485
11.365 0.009216623792
11.370000000000001 0.005664346239
11.375 0.0006818220526
11.38 -0.003907141725
11.385 -0.007477634735
11.39 -0.009616035587
11.395 -0.009675255927
11.4 -0.006876717774
11.405 -0.002039573804
11.41 0.002747083982
11.415000000000001 0.006631585701
11.42 0.009208004471
11.425 0.009914859400
11.43 0.007925437117
11.435 0.003410679801
11.44 -0.001520311174
11.445 -0.005691401623
11.450000000000001 -0.008665517960
11.455 -0.009953439358
11.46 -0.008767396129
11.465 -0.004764202494
11.47 0.0002342996144
11.475 0.004663702709
11.48 0.008001230593
11.485 0.009810625281
11.49 0.009383211996
11.495000000000001 0.006054665988
11.5 0.001100277115
11.505 -0.003554737845
11.51 -0.007225655269
11.515 -0.009504714466
11.52 -0.009772326795
11.525 -0.007222215231
11.53 -0.002464949284
11.535 0.002373105230
11.540000000000001 0.006349484176
11.545 0.009053349852
11.55 0.009947406890
11.555 0.008210233285
11.56 0.003834426365
11.565 -0.001127139030
11.57 -0.005381544624
11.575000000000001 -0.008471878196
11.58 -0.009927650668
11.585 -0.008983072172
11.59 -0.005174089719
11.595 -0.0001754224056
11.6 0.004327845168
11.605 0.007771925269
11.61 0.009732296004
11.615 0.009527863828
11.620000000000001 0.006433121415
11.625 0.001521675766
11.63 -0.003195338756
11.635 -0.006964000249
11.64 -0.009379398107
11.645 -0.009848730962
11.65 -0.007550245082
11.655 -0.002890846521
11.66 0.001992942654
11.665000000000001 0.006058570354
11.67 0.008886195252
11.675 0.009961192705
11.68 0.008474129781
11.685 0.004255433537
11.69 -0.0007284725752
11.695 -0.005063415348
11.700000000000001 -0.008266830848
11.705 -0.009884956614
11.71 -0.009176659627
11.715 -0.005576305135
11.72 -0.0005894171172
11.725 0.003984375149
11.73 0.007532213128
11.735 0.009638791345
11.74 0.009650858479
11.745000000000001 0.006797824168
11.75 0.001945321336
11.755 -0.002829222417
11.76 -0.006692977070
11.765 -0.009240591521
11.77 -0.009905030834
11.775 -0.007859472628
11.78 -0.003316383658
11.785 0.001606800298
11.790000000000001 0.005759032305
11.795 0.008706915850
11.8 0.009956815207
11.805 0.008716548934
11.81 0.004672370340
11.815 -0.0003246027364
11.82 -0.004737184019
11.825000000000001 -0.008050677713
11.83 -0.009825897728
11.835 -0.009348141724
11.84 -0.005968997297
11.845 -0.001007129777
11.85 0.003633562487
11.855 0.007282424933
11.86 0.009530647091
11.865 0.009752586503
11.870000000000001 0.007146993944
11.875 0.002370469254
11.88 -0.002456645463
11.885 -0.006412860436
11.89 -0.009088766362
11.895 -0.009941824704
11.9 -0.008148807152
11.905 -0.003740575550
11.91 0.001214880923
11.915000000000001 0.005451032439
11.92 0.008515849152
11.925 0.009934852896
11.93 0.008937109818
11.935 0.005083720909
11.94 0.00008410403916
11.945 -0.004403049873
11.950000000000001 -0.007823726105
11.955 -0.009751009093
11.96 -0.009497642120
11.965 -0.006350251198
11.97 -0.001427933517
11.975 0.003275691366
11.98 0.007022889797
11.985 0.009408392216
11.99 0.009833530552
11.995000000000001 0.007479024095
12.0 0.002796323852
12.005 -0.002077837208
12.01 -0.006123884942
12.015 -0.008924352046
12.02 -0.009959722139
12.025 -0.008417399271
12.030000000000001 -0.004162299199
12.035 0.0008174110483
12.040000000000001 0.005134725163
12.045 0.008313307467
12.05 0.009895863712
12.055 0.009135606116
12.06 0.005487795219
12.065 0.0004971955926
12.07 -0.004061246852
12.075000000000001 -0.007586295229
12.08 -0.009660826054
12.085 -0.009625413182
12.09 -0.006718164798
12.095 -0.001851143058
12.1 0.002911042746
12.105 0.006753920701
12.11 0.009272537509
12.115 0.009894241459
12.120000000000001 0.007792527359
12.125 0.003222021795
12.13 -0.001693004782
12.135 -0.005826246232
12.14 -0.008747733255
12.145 -0.009959324999
12.15 -0.008664624430
12.155000000000001 -0.004580263729
12.16 0.0004146672752
12.165000000000001 0.004810275936
12.17 0.008099592903
12.175 0.009840390476
12.18 0.009311988239
12.185 0.005882765163
12.19 0.0009141349147
12.195 -0.003712039480
12.200000000000001 -0.007338714576
12.205 -0.009555884768
12.21 -0.009731822229
12.215 -0.007070927575
12.22 -0.002276024288
12.225 0.002539878866
12.23 0.006475800509
12.235 0.009123562972
12.24 0.009935311808
12.245000000000001 0.008086358472
12.25 0.003646603823
12.255 -0.001302349228
12.26 -0.005520111028
12.265 -0.008559254946
12.27 -0.009941216525
12.275 -0.008890060063
12.280000000000001 -0.004992994257
12.285 6.998019728e-6
12.290000000000001 0.004477876725
12.295 0.007875010742
12.3 0.009768968850
12.305 0.009466349683
12.31 0.006266723543
12.315 0.001334309950
12.32 -0.003355710229
12.325000000000001 -0.007081314796
12.33 -0.009436716587
12.335 -0.009817333396
12.34 -0.007406889609
12.345 -0.002701793836
12.35 0.002162435071
12.355 0.006188772941
12.36 0.008961907867
12.365 0.009957350550
12.370000000000001 0.008359615543
12.375 0.004068980433
12.38 -0.0009060894715
12.385 -0.005205633840
12.39 -0.008359233750
12.395 -0.009905958916
12.4 -0.009093462813
12.405000000000001 -0.005398837183
12.41 -0.0004051638840
12.415000000000001 0.004137753782
12.42 0.007639877396
12.425 0.009682133862
12.43 0.009598915318
12.435 0.006637758536
12.44 0.001757047304
12.445 -0.002992542277
12.450000000000001 -0.006814413753
12.455 -0.009303837443
12.46 -0.009882484627
12.465 -0.007724612180
12.47 -0.003127605477
12.475 0.001778922380
12.48 0.005893041713
12.485 0.008787966633
12.49 0.009960962505
12.495000000000001 0.008611625987
12.5 0.004487900028
12.505 -0.0005044888733
12.51 -0.004882976137
12.515 -0.008147972761
12.52 -0.009854097686
12.525 -0.009274749612
12.530000000000001 -0.005795990676
12.535 -0.0008212996661
12.540000000000001 0.003790165681
12.545 0.007394520626
12.55 0.009580421758
12.555 0.009710028341
12.56 0.006994032850
12.565 0.002181623315
12.57 -0.002622803052
12.575000000000001 -0.006538302010
12.58 -0.009157735180
12.585 -0.009927861530
12.59 -0.008022895518
12.595 -0.003552524108
12.6 0.001389541323
12.605 0.005588778703
12.61 0.008602092248
12.615 0.009946735540
12.620000000000001 0.008841924455
12.625 0.004901928947
12.63 -0.00009787845232
12.635 -0.004552323013
12.64 -0.007925775631
12.645 -0.009786169414
12.65 -0.009433983230
12.655000000000001 -0.006182559051
12.66 -0.001240812782
12.665000000000001 0.003435392315
12.67 0.007139271919
12.675 0.009464365735
12.68 0.009800133226
12.685 0.007333855796
12.69 0.002607266238
12.695 -0.002246734055
12.700000000000001 -0.006253232368
12.705 -0.008998858699
12.71 -0.009954071421
12.715 -0.008300784504
12.72 -0.003975492115
12.725 0.0009945045618
12.73 0.005276139488
12.735 0.008404606413
12.74 0.009915236343
12.745000000000001 0.009050229622
12.75 0.005309451526
12.755 0.0003133282163
12.76 -0.004213892929
12.765 -0.007692955991
12.77 -0.009702708906
12.775 -0.009571360408
12.780000000000001 -0.006556624657
12.785 -0.001663042295
12.790000000000001 0.003073718246
12.795 0.006874453282
12.8 0.009334486226
12.805 0.009869753728
12.81 0.007655738559
12.815 0.003033145653
12.82 -0.001864550885
12.825000000000001 -0.005959417026
12.83 -0.008827612367
12.835 -0.009961721442
12.84 -0.008557557404
12.845 -0.004395296161
12.85 0.0005940633839
12.855 0.004955282387
12.86 0.008195813917
12.865 0.009867013519
12.870000000000001 0.009236424233
12.875 0.005708694910
12.88 0.0007286310200
12.885 -0.003867937952
12.89 -0.007449839484
12.895 -0.009604252286
12.9 -0.009687199385
12.905000000000001 -0.006916327014
12.91 -0.002087275117
12.915000000000001 0.002705415572
12.92 0.006600362452
12.925 0.009191278371
12.93 0.009919467186
12.935 0.007958427125
12.94 0.003458348928
12.945 -0.001476454693
12.950000000000001 -0.005657033797
12.955 -0.008644357693
12.96 -0.009951403884
12.965 -0.008792704931
12.97 -0.004810543796
12.975 0.0001885321520
12.98 0.004626386109
12.985 0.007976017256
12.99 0.009802604929
12.995000000000001 0.009400539761
13.0 0.006097778511
13.005 0.001147449610
13.01 -0.003514734558
13.015 -0.007196757770
13.02 -0.009491334106
13.025 -0.009781923888
13.030000000000001 -0.007259937411
13.035 -0.002512750604
13.040000000000001 0.002330731947
13.045 0.006317261164
13.05 0.009035200426
13.055 0.009949878187
13.06 0.008240912562
13.065 0.003881848665
13.07 -0.001082653207
13.075000000000001 -0.005346240282
13.08 -0.008449422172
13.085 -0.009923690090
13.09 -0.009005906797
13.095 -0.005219658508
13.1 -0.0002216946208
13.105 0.004289661338
13.11 0.007745527385
13.115 0.009722545319
13.120000000000001 0.009542744219
13.125 0.006474782794
13.13 0.001569136138
13.135 -0.003154567823
13.14 -0.006934036254
13.145 -0.009364478668
13.15 -0.009856042203
13.155000000000001 -0.007585918561
13.16 -0.002938652973
13.165000000000001 0.001949888122
13.17 0.006025370409
13.175 0.008866666766
13.18 0.009961595471
13.185 0.008502422927
13.19 0.004302468599
13.195 -0.0006833868659
13.200000000000001 -0.005027192539
13.205 -0.008243113026
13.21 -0.009879132132
13.215 -0.009197010816
13.22 -0.005620898879
13.225 -0.0006361358061
13.23 0.003945353169
13.235 0.007504667530
13.24 0.009627370549
13.245000000000001 0.009663330103
13.25 0.006837827808
13.255 0.001992988332
13.26 -0.002787713911
13.265 -0.006661979249
13.27 -0.009224187821
13.275 -0.009910122086
13.280000000000001 -0.007892962696
13.285 -0.003364090425
13.290000000000001 0.001563086922
13.295 0.005724874648
13.3 0.008686047879
13.305 0.009955215455
13.31 0.008742403818
13.315 0.004718857222
13.32 -0.0002789542309
13.325000000000001 -0.004700063475
13.33 -0.008025732136
13.335 -0.009818269546
13.34 -0.009366016575
13.345 -0.006012402847
13.35 -0.001054227906
13.355 0.003593733859
13.36 0.007253768897
13.365 0.009517616085
13.370000000000001 0.009762699358
13.375 0.007185149788
13.38 0.002418256286
13.385 -0.002414426494
13.39 -0.006380857182
13.395 -0.009070928822
13.4 -0.009944764247
13.405000000000001 -0.008180006642
13.41 -0.003788064061
13.415000000000001 0.001170532452
13.42 0.005415934446
13.425 0.008493677744
13.43 0.009931314226
13.435 0.008960494951
13.44 0.005129478120
13.445 0.0001302689301
13.450000000000001 -0.004365056117
13.455 -0.007797587973
13.46 -0.009741637234
13.465 -0.009513062777
13.47 -0.006392252906
13.475 -0.001475336829
13.48 0.003235088117
13.485 0.006993159543
13.49 0.009393809486
13.495000000000001 0.009841343557
13.5 0.007515164855
13.505 0.002844137808
13.51 -0.002034931928
13.515 -0.006090900049
13.52 -0.008905126052
13.525 -0.009960578201
13.530000000000001 -0.008446227259
13.535 -0.004209433357
13.540000000000001 0.0007724555757
13.545 0.005098704523
13.55 0.008289866767
13.555 0.009890447678
13.56 0.009156508406
13.565 0.005532623505
13.57 0.0005438206948
13.575000000000001 -0.004022408226
13.58 -0.007559001126
13.585 -0.009649770717
13.59 -0.009638415443
13.595 -0.006758553452
13.6 -0.001898771478
13.605 0.002869695479
13.61 0.006723149708
13.615 0.009256458695
13.620000000000001 0.009899819550
13.625 0.007826512214
13.63 0.003269760377
13.635 -0.001649435669
13.64 -0.005792299592
13.645 -0.008727159350
13.65 -0.009958164100
13.655000000000001 -0.008691023856
13.66 -0.004626887242
13.665000000000001 0.0003691400096
13.67 0.004773352654
13.675 0.008074916818
13.68 0.009833157419
13.685 0.009330411273
13.69 0.005926453085
13.695 0.0009611550166
13.700000000000001 -0.003672387095
13.705 -0.007310301793
13.71 -0.009543206002
13.715 -0.009742453761
13.72 -0.007109508831
13.725 -0.002323792459
13.73 0.002497815395
13.735 0.006444018183
13.74 0.009106039552
13.745000000000001 0.009938722965
13.75 0.008118074197
13.755 0.003694151855
13.76 -0.001258139481
13.765 -0.005485220246
13.77 -0.008537369828
13.775 -0.009938102793
13.780000000000001 -0.008913995067
13.785 -0.005038930056
13.790000000000001 -0.00003905677875
13.795 0.004440074442
13.8 0.007849134164
13.805 0.009759978782
13.81 0.009482312376
13.815 0.006309055241
13.82 0.001381652257
13.825000000000001 -0.003315276175
13.83 -0.007051819936
13.835 -0.009422473312
13.84 -0.009825651375
13.845 -0.007443490711
13.85 -0.002749610274
13.855 0.002119680138
13.86 0.006156004073
13.865 0.008942986359
13.870000000000001 0.009958663188
13.875 0.008388975574
13.88 0.004116205993
13.885 -0.0008612659612
13.89 -0.005169816348
13.895 -0.008336071838
13.9 -0.009900954296
13.905000000000001 -0.009114916386
13.91 -0.005443889566
13.915000000000001 -0.0004516921817
13.92 0.004099100049
13.925 0.007612836630
13.93 0.009671446945
13.935 0.009612450574
13.94 0.006678522606
13.945 0.001804632946
13.950000000000001 -0.002951357621
13.955 -0.006783871039
13.96 -0.009288086053
13.965 -0.009888552916
13.97 -0.007759086248
13.975 -0.003175370216
13.98 0.001735498662
13.985 0.005859306949
13.99 0.008767688594
13.995000000000001 0.009960243616
14.0 0.008638568196
14.005 0.004534651441
14.01 -0.0004590850265
14.015 -0.004846251282
14.02 -0.008123567888
14.025 -0.009847262708
14.030000000000001 -0.009293721765
14.035 -0.005839950301
14.040000000000001 -0.0008682381473
14.045 0.003750691130
14.05 0.007366352907
14.055 0.009568098141
14.06 0.009721181375
14.065 0.007033030990
14.07 0.002229368126
14.075000000000001 -0.002580896296
14.08 -0.006506741832
14.085 -0.009140528171
14.09 -0.009931747678
14.095 -0.008055123224
14.1 -0.003600125173
14.105 0.001345471612
14.11 0.005554095983
14.115 0.008580495109
14.120000000000001 0.009944049794
14.125 0.008866408499
14.13 0.004948033674
14.135 -0.00005193641090
14.14 -0.004514713565
14.145 -0.007900162398
14.15 -0.009777564101
14.155000000000001 -0.009450489585
14.16 -0.006225210293
14.165000000000001 -0.001288090196
14.17 0.003395128994
14.175 0.007110014145
14.18 0.009450464698
14.185 0.009808959336
14.19 0.007370909998
14.195 0.002655080247
14.200000000000001 -0.002204130578
14.205 -0.006220680536
14.21 -0.008980243721
14.215 -0.009955843938
14.22 -0.008330673528
14.225 -0.004022801610
14.23 0.0009498146517
14.235 0.005240526091
14.24 0.008381724949
14.245000000000001 0.009910646116
14.25 0.009072234485
14.255 0.005354717666
14.26 0.0003597565856
14.265 -0.004175425604
14.27 -0.007666170401
14.275 -0.009692393376
14.280000000000001 -0.009585430895
14.285 -0.006597754347
14.290000000000001 -0.001710581016
14.295 0.003032697606
14.3 0.006844140347
14.305 0.009319064850
14.31 0.009876315552
14.315 0.007690695966
14.32 0.003080931049
14.325000000000001 -0.001821273672
14.33 -0.005925895013
14.335 -0.008807632032
14.34 -0.009961447748
14.345 -0.008585040419
14.35 -0.004442166971
14.355 0.0005487850265
14.36 0.004918757078
14.365 0.008171681955
14.370000000000001 0.009860579574
14.375 0.009255946279
14.38 0.005752915582
14.385 0.0007754843647
14.39 -0.003828642822
14.395 -0.007421918653
14.4 -0.009592286742
14.405000000000001 -0.009698876657
14.41 -0.006955733251
14.415000000000001 -0.002134992144
14.42 0.002663666776
14.425 0.006569025692
14.43 0.009174390121
14.435 0.009923831707
14.44 0.007991162273
14.445 0.003505996741
14.450000000000001 -0.001432526278
14.455 -0.005622559982
14.46 -0.008623050240
14.465 -0.009949149193
14.47 -0.008817736986
14.475 -0.004856807980
14.48 0.0001427054242
14.485 0.004588970814
14.49 0.007950669143
14.495000000000001 0.009794387332
14.5 0.009417591260
14.505 0.006140738760
14.51 0.001194658302
14.515 -0.003474643526
14.52 -0.007167738808
14.525 -0.009477778125
14.530000000000001 -0.009791261227
14.535 -0.007297437174
14.540000000000001 -0.002560557379
14.545 0.002288281052
14.55 0.006284927422
14.555 0.009016894074
14.56 0.009952113909
14.565 0.008271327272
14.57 0.003929234853
14.575000000000001 -0.001038098453
14.58 -0.005310831899
14.585 -0.008426822818
14.59 -0.009919517244
14.595 -0.009028462774
14.6 -0.005265128186
14.605 -0.0002680200326
14.61 0.004251381910
14.615 0.007718998805
14.620000000000001 0.009712604145
14.625 0.009557352045
14.63 0.006516268127
14.635 0.001616623848
14.64 -0.003113712642
14.645 -0.006903954645
14.65 -0.009349389945
14.655000000000001 -0.009863100873
14.66 -0.007621353127
14.665000000000001 -0.002986453674
14.67 0.001906758514
14.675 0.005992062045
14.68 0.008846986013
14.685 0.009961770186
14.69 0.008530444544
14.695 0.004349450529
14.700000000000001 -0.0006382359680
14.705 -0.004990867852
14.71 -0.008219255665
14.715 -0.009873102175
14.72 -0.009217083364
14.725 -0.005665369977
14.73 -0.0006829005781
14.735 0.003906239039
14.74 0.007476995421
14.745000000000001 0.009615766018
14.75 0.009675534247
14.755 0.006877633107
14.76 0.002040673221
14.765 -0.002746124358
14.77 -0.006630867229
14.775 -0.009207620734
14.780000000000001 -0.009914968364
14.785 -0.007926200457
14.790000000000001 -0.003411778889
14.795 0.001519301015
14.8 0.005690610578
14.805 0.008665031838
14.81 0.009953394911
14.815 0.008767982657
14.82 0.004765271596
14.825000000000001 -0.0002332452628
14.83 -0.004662843607
14.835 -0.008000650901
14.84 -0.009810442624
14.845 -0.009383614546
14.85 -0.006055661505
14.855 -0.001101364113
14.86 0.003553816687
14.865 0.007224990500
14.870000000000001 0.009504408007
14.875 0.009772550956
14.88 0.007223087285
14.885 0.002466051121
14.89 -0.002372129324
14.895 -0.006348742626
14.9 -0.009052933245
14.905000000000001 -0.009947466517
14.91 -0.008210943471
14.915000000000001 -0.003835519929
14.92 0.001126114330
14.925 0.005380731967
14.93 0.008471362161
14.935 0.009927561766
14.94 0.008983601688
14.945 0.005175141261
14.950000000000001 0.0001764884606
14.955 -0.004326966040
14.96 -0.007771318224
14.965 -0.009732073383
14.97 -0.009528209921
14.975 -0.006434083749
14.98 -0.001522769499
14.985 0.003194399863
14.99 0.006963310852
14.995000000000001 0.009379056098
