x y
0.0 5.14
0.0015 5.1400
0.003 5.1400
0.0045000000000000005 5.1401
0.006 5.1401
0.0075 5.1402
0.009000000000000001 5.1404
0.0105 5.1405
0.012 5.1407
0.0135 5.1409
0.015 5.1411
0.0165 5.1413
0.018000000000000002 5.1416
0.0195 5.1419
0.021 5.1422
0.0225 5.1425
0.024 5.1429
0.025500000000000002 5.1432
0.027 5.1436
0.0285 5.1441
0.03 5.1445
0.0315 5.1450
0.033 5.1455
0.0345 5.1460
0.036000000000000004 5.1466
0.0375 5.1471
0.039 5.1477
0.0405 5.1483
0.042 5.1489
0.043500000000000004 5.1496
0.045 5.1503
0.0465 5.1510
0.048 5.1517
0.0495 5.1525
0.051000000000000004 5.1532
0.0525 5.1540
0.054 5.1548
0.0555 5.1557
0.057 5.1565
0.0585 5.1574
0.06 5.1583
0.0615 5.1592
0.063 5.1602
0.0645 5.1611
0.066 5.1621
0.0675 5.1631
0.069 5.1642
0.07050000000000001 5.1652
0.07200000000000001 5.1663
0.0735 5.1674
0.075 5.1685
0.0765 5.1696
0.078 5.1708
0.0795 5.1720
0.081 5.1732
0.0825 5.1744
0.084 5.1756
0.0855 5.1769
0.08700000000000001 5.1781
0.0885 5.1794
0.09 5.1807
0.0915 5.1821
0.093 5.1834
0.0945 5.1848
0.096 5.1862
0.0975 5.1876
0.099 5.1890
0.1005 5.1905
0.10200000000000001 5.1919
0.10350000000000001 5.1934
0.105 5.1949
0.1065 5.1964
0.108 5.1979
0.1095 5.1995
0.111 5.2011
0.1125 5.2027
0.114 5.2043
0.1155 5.2059
0.117 5.2075
0.11850000000000001 5.2092
0.12 5.2108
0.1215 5.2125
0.123 5.2142
0.1245 5.2160
0.126 5.2177
0.1275 5.2195
0.129 5.2212
0.1305 5.2230
0.132 5.2248
0.1335 5.2266
0.135 5.2285
0.1365 5.2303
0.138 5.2322
0.1395 5.2340
0.14100000000000001 5.2359
0.14250000000000002 5.2378
0.14400000000000002 5.2398
0.1455 5.2417
0.147 5.2437
0.1485 5.2456
0.15 5.2476
0.1515 5.2496
0.153 5.2516
0.1545 5.2536
0.156 5.2557
0.1575 5.2577
0.159 5.2598
0.1605 5.2619
0.162 5.2640
0.1635 5.2661
0.165 5.2682
0.1665 5.2703
0.168 5.2725
0.1695 5.2746
0.171 5.2768
0.17250000000000001 5.2790
0.17400000000000002 5.2812
0.17550000000000002 5.2834
0.177 5.2856
0.1785 5.2879
0.18 5.2901
0.1815 5.2924
0.183 5.2946
0.1845 5.2969
0.186 5.2992
0.1875 5.3015
0.189 5.3038
0.1905 5.3062
0.192 5.3085
0.1935 5.3109
0.195 5.3132
0.1965 5.3156
0.198 5.3180
0.1995 5.3204
0.201 5.3228
0.2025 5.3252
0.20400000000000001 5.3277
0.20550000000000002 5.3301
0.20700000000000002 5.3325
0.2085 5.3350
0.21 5.3375
0.2115 5.3400
0.213 5.3425
0.2145 5.3450
0.216 5.3475
0.2175 5.3500
0.219 5.3525
0.2205 5.3551
0.222 5.3576
0.2235 5.3602
0.225 5.3628
0.2265 5.3654
0.228 5.3680
0.2295 5.3706
0.231 5.3732
0.2325 5.3758
0.234 5.3784
0.23550000000000001 5.3811
0.23700000000000002 5.3837
0.23850000000000002 5.3864
0.24 5.3891
0.2415 5.3917
0.243 5.3944
0.2445 5.3971
0.246 5.3998
0.2475 5.4025
0.249 5.4053
0.2505 5.4080
0.252 5.4107
0.2535 5.4135
0.255 5.4162
0.2565 5.4190
0.258 5.4218
0.2595 5.4246
0.261 5.4274
0.2625 5.4302
0.264 5.4330
0.2655 5.4358
0.267 5.4386
0.2685 5.4414
0.27 5.4443
0.2715 5.4471
0.273 5.4500
0.2745 5.4528
0.276 5.4557
0.2775 5.4586
0.279 5.4615
0.2805 5.4644
0.28200000000000003 5.4673
0.28350000000000003 5.4702
0.28500000000000003 5.4731
0.28650000000000003 5.4761
0.28800000000000003 5.4790
0.2895 5.4819
0.291 5.4849
0.2925 5.4879
0.294 5.4908
0.2955 5.4938
0.297 5.4968
0.2985 5.4998
0.3 5.5028
0.3015 5.5058
0.303 5.5088
0.3045 5.5118
0.306 5.5148
0.3075 5.5179
0.309 5.5209
0.3105 5.5239
0.312 5.5270
0.3135 5.5300
0.315 5.5331
0.3165 5.5362
0.318 5.5393
0.3195 5.5424
0.321 5.5455
0.3225 5.5486
0.324 5.5517
0.3255 5.5548
0.327 5.5579
0.3285 5.5610
0.33 5.5642
0.3315 5.5673
0.333 5.5704
0.3345 5.5736
0.336 5.5768
0.3375 5.5799
0.339 5.5831
0.3405 5.5863
0.342 5.5895
0.3435 5.5927
0.34500000000000003 5.5959
0.34650000000000003 5.5991
0.34800000000000003 5.6023
0.34950000000000003 5.6055
0.35100000000000003 5.6087
0.3525 5.6120
0.354 5.6152
0.3555 5.6184
0.357 5.6217
0.3585 5.6249
0.36 5.6282
0.3615 5.6315
0.363 5.6348
0.3645 5.6380
0.366 5.6413
0.3675 5.6446
0.369 5.6479
0.3705 5.6512
0.372 5.6545
0.3735 5.6579
0.375 5.6612
0.3765 5.6645
0.378 5.6678
0.3795 5.6712
0.381 5.6745
0.3825 5.6779
0.384 5.6813
0.3855 5.6846
0.387 5.6880
0.3885 5.6914
0.39 5.6947
0.3915 5.6981
0.393 5.7015
0.3945 5.7049
0.396 5.7083
0.3975 5.7117
0.399 5.7152
0.4005 5.7186
0.402 5.7220
0.4035 5.7254
0.405 5.7289
0.40650000000000003 5.7323
0.40800000000000003 5.7358
0.40950000000000003 5.7392
0.41100000000000003 5.7427
0.41250000000000003 5.7462
0.41400000000000003 5.7496
0.41550000000000004 5.7531
0.417 5.7566
0.4185 5.7601
0.42 5.7636
0.4215 5.7671
0.423 5.7706
0.4245 5.7741
0.426 5.7776
0.4275 5.7811
0.429 5.7846
0.4305 5.7882
0.432 5.7917
0.4335 5.7952
0.435 5.7988
0.4365 5.8023
0.438 5.8059
0.4395 5.8095
0.441 5.8130
0.4425 5.8166
0.444 5.8202
0.4455 5.8237
0.447 5.8273
0.4485 5.8309
0.45 5.8345
0.4515 5.8381
0.453 5.8417
0.4545 5.8453
0.456 5.8489
0.4575 5.8525
0.459 5.8562
0.4605 5.8598
0.462 5.8634
0.4635 5.8671
0.465 5.8707
0.4665 5.8744
0.468 5.8780
0.46950000000000003 5.8817
0.47100000000000003 5.8853
0.47250000000000003 5.8890
0.47400000000000003 5.8926
0.47550000000000003 5.8963
0.47700000000000004 5.9000
0.47850000000000004 5.9037
0.48 5.9073
0.4815 5.9110
0.483 5.9147
0.4845 5.9184
0.486 5.9221
0.4875 5.9258
0.489 5.9295
0.4905 5.9333
0.492 5.9370
0.4935 5.9407
0.495 5.9444
0.4965 5.9482
0.498 5.9519
0.4995 5.9556
0.501 5.9594
0.5025000000000001 5.9631
0.504 5.9669
0.5055000000000001 5.9706
0.507 5.9744
0.5085000000000001 5.9781
0.51 5.9819
0.5115000000000001 5.9856
0.513 5.9894
0.5145 5.9932
0.516 5.9970
0.5175 6.0007
0.519 6.0045
0.5205 6.0083
0.522 6.0121
0.5235 6.0159
0.525 6.0197
0.5265 6.0235
0.528 6.0273
0.5295 6.0311
0.531 6.0349
0.5325 6.0387
0.534 6.0425
0.5355 6.0463
0.537 6.0502
0.5385 6.0540
0.54 6.0578
0.5415 6.0616
0.543 6.0655
0.5445 6.0693
0.546 6.0732
0.5475 6.0770
0.549 6.0808
0.5505 6.0847
0.552 6.0885
0.5535 6.0924
0.555 6.0962
0.5565 6.1001
0.558 6.1039
0.5595 6.1078
0.561 6.1117
0.5625 6.1155
0.5640000000000001 6.1194
0.5655 6.1233
0.5670000000000001 6.1271
0.5685 6.1310
0.5700000000000001 6.1349
0.5715 6.1387
0.5730000000000001 6.1426
0.5745 6.1465
0.5760000000000001 6.1504
0.5775 6.1543
0.579 6.1581
0.5805 6.1620
0.582 6.1659
0.5835 6.1698
0.585 6.1737
0.5865 6.1776
0.588 6.1815
0.5895 6.1854
0.591 6.1893
0.5925 6.1932
0.594 6.1971
0.5955 6.2010
0.597 6.2049
0.5985 6.2088
0.6 6.2127
0.6015 6.2166
0.603 6.2205
0.6045 6.2244
0.606 6.2283
0.6075 6.2322
0.609 6.2361
0.6105 6.2400
0.612 6.2439
0.6135 6.2478
0.615 6.2517
0.6165 6.2556
0.618 6.2595
0.6195 6.2634
0.621 6.2673
0.6225 6.2712
0.624 6.2751
0.6255000000000001 6.2791
0.627 6.2830
0.6285000000000001 6.2869
0.63 6.2908
0.6315000000000001 6.2947
0.633 6.2986
0.6345000000000001 6.3025
0.636 6.3064
0.6375000000000001 6.3103
0.639 6.3142
0.6405 6.3181
0.642 6.3220
0.6435 6.3259
0.645 6.3298
0.6465 6.3338
0.648 6.3377
0.6495 6.3416
0.651 6.3455
0.6525 6.3494
0.654 6.3533
0.6555 6.3572
0.657 6.3611
0.6585 6.3650
0.66 6.3689
0.6615 6.3728
0.663 6.3767
0.6645 6.3806
0.666 6.3845
0.6675 6.3884
0.669 6.3922
0.6705 6.3961
0.672 6.4000
0.6735 6.4039
0.675 6.4078
0.6765 6.4117
0.678 6.4156
0.6795 6.4194
0.681 6.4233
0.6825 6.4272
0.684 6.4311
0.6855 6.4349
0.687 6.4388
0.6885 6.4427
0.6900000000000001 6.4465
0.6915 6.4504
0.6930000000000001 6.4543
0.6945 6.4581
0.6960000000000001 6.4620
0.6975 6.4659
0.6990000000000001 6.4697
0.7005 6.4736
0.7020000000000001 6.4774
0.7035 6.4813
0.705 6.4851
0.7065 6.4889
0.708 6.4928
0.7095 6.4966
0.711 6.5005
0.7125 6.5043
0.714 6.5081
0.7155 6.5119
0.717 6.5158
0.7185 6.5196
0.72 6.5234
0.7215 6.5272
0.723 6.5310
0.7245 6.5348
0.726 6.5387
0.7275 6.5424
0.729 6.5462
0.7305 6.5500
0.732 6.5538
0.7335 6.5576
0.735 6.5614
0.7365 6.5652
0.738 6.5690
0.7395 6.5728
0.741 6.5765
0.7425 6.5803
0.744 6.5841
0.7455 6.5878
0.747 6.5916
0.7485 6.5953
0.75 6.5991
0.7515000000000001 6.6028
0.753 6.6066
0.7545000000000001 6.6103
0.756 6.6141
0.7575000000000001 6.6178
0.759 6.6215
0.7605000000000001 6.6253
0.762 6.6290
0.7635000000000001 6.6327
0.765 6.6364
0.7665000000000001 6.6401
0.768 6.6438
0.7695 6.6475
0.771 6.6512
0.7725 6.6549
0.774 6.6586
0.7755 6.6623
0.777 6.6660
0.7785 6.6696
0.78 6.6733
0.7815 6.6770
0.783 6.6806
0.7845 6.6843
0.786 6.6880
0.7875 6.6916
0.789 6.6953
0.7905 6.6989
0.792 6.7025
0.7935 6.7062
0.795 6.7098
0.7965 6.7134
0.798 6.7170
0.7995 6.7206
0.801 6.7243
0.8025 6.7279
0.804 6.7315
0.8055 6.7351
0.807 6.7386
0.8085 6.7422
0.81 6.7458
0.8115 6.7494
0.8130000000000001 6.7530
0.8145 6.7565
0.8160000000000001 6.7601
0.8175 6.7636
0.8190000000000001 6.7672
0.8205 6.7707
0.8220000000000001 6.7743
0.8235 6.7778
0.8250000000000001 6.7813
0.8265 6.7849
0.8280000000000001 6.7884
0.8295 6.7919
0.8310000000000001 6.7954
0.8325 6.7989
0.834 6.8024
0.8355 6.8059
0.837 6.8094
0.8385 6.8129
0.84 6.8164
0.8415 6.8198
0.843 6.8233
0.8445 6.8268
0.846 6.8302
0.8475 6.8337
0.849 6.8371
0.8505 6.8406
0.852 6.8440
0.8535 6.8474
0.855 6.8508
0.8565 6.8543
0.858 6.8577
0.8595 6.8611
0.861 6.8645
0.8625 6.8679
0.864 6.8713
0.8655 6.8746
0.867 6.8780
0.8685 6.8814
0.87 6.8848
0.8715 6.8881
0.873 6.8915
0.8745 6.8948
0.876 6.8982
0.8775000000000001 6.9015
0.879 6.9049
0.8805000000000001 6.9082
0.882 6.9115
0.8835000000000001 6.9148
0.885 6.9181
0.8865000000000001 6.9214
0.888 6.9247
0.8895000000000001 6.9280
0.891 6.9313
0.8925000000000001 6.9346
0.894 6.9379
0.8955000000000001 6.9411
0.897 6.9444
0.8985 6.9476
0.9 6.9509
0.9015 6.9541
0.903 6.9574
0.9045 6.9606
0.906 6.9638
0.9075 6.9670
0.909 6.9702
0.9105 6.9734
0.912 6.9766
0.9135 6.9798
0.915 6.9830
0.9165 6.9862
0.918 6.9894
0.9195 6.9925
0.921 6.9957
0.9225 6.9988
0.924 7.0020
0.9255 7.0051
0.927 7.0082
0.9285 7.0114
0.93 7.0145
0.9315 7.0176
0.933 7.0207
0.9345 7.0238
0.936 7.0269
0.9375 7.0300
0.9390000000000001 7.0331
0.9405 7.0361
0.9420000000000001 7.0392
0.9435 7.0423
0.9450000000000001 7.0453
0.9465 7.0484
0.9480000000000001 7.0514
0.9495 7.0544
0.9510000000000001 7.0574
0.9525 7.0605
0.9540000000000001 7.0635
0.9555 7.0665
0.9570000000000001 7.0695
0.9585 7.0724
0.96 7.0754
0.9615 7.0784
0.963 7.0814
0.9645 7.0843
0.966 7.0873
0.9675 7.0902
0.969 7.0932
0.9705 7.0961
0.972 7.0990
0.9735 7.1019
0.975 7.1048
0.9765 7.1077
0.978 7.1106
0.9795 7.1135
0.981 7.1164
0.9825 7.1192
0.984 7.1221
0.9855 7.1250
0.987 7.1278
0.9885 7.1306
0.99 7.1335
0.9915 7.1363
0.993 7.1391
0.9945 7.1419
0.996 7.1447
0.9975 7.1475
0.999 7.1502
1.0005 7.1530
1.002 7.1558
1.0035 7.1585
1.0050000000000001 7.1613
1.0065 7.1640
1.008 7.1667
1.0095 7.1694
1.0110000000000001 7.1721
1.0125 7.1748
1.014 7.1775
1.0155 7.1802
1.0170000000000001 7.1829
1.0185 7.1855
1.02 7.1882
1.0215 7.1908
1.0230000000000001 7.1935
1.0245 7.1961
1.026 7.1987
1.0275 7.2013
1.029 7.2039
1.0305 7.2065
1.032 7.2091
1.0335 7.2117
1.035 7.2142
1.0365 7.2168
1.038 7.2193
1.0395 7.2219
1.041 7.2244
1.0425 7.2269
1.044 7.2294
1.0455 7.2319
1.047 7.2344
1.0485 7.2368
1.05 7.2393
1.0515 7.2417
1.053 7.2442
1.0545 7.2466
1.056 7.2490
1.0575 7.2514
1.059 7.2538
1.0605 7.2562
1.062 7.2586
1.0635000000000001 7.2609
1.065 7.2633
1.0665 7.2656
1.068 7.2680
1.0695000000000001 7.2703
1.071 7.2726
1.0725 7.2749
1.074 7.2772
1.0755000000000001 7.2794
1.077 7.2817
1.0785 7.2840
1.08 7.2862
1.0815000000000001 7.2884
1.083 7.2906
1.0845 7.2928
1.086 7.2950
1.0875000000000001 7.2972
1.089 7.2993
1.0905 7.3015
1.092 7.3036
1.0935 7.3057
1.095 7.3078
1.0965 7.3099
1.098 7.3120
1.0995 7.3141
1.101 7.3161
1.1025 7.3182
1.104 7.3202
1.1055 7.3222
1.107 7.3242
1.1085 7.3262
1.11 7.3282
1.1115 7.3302
1.113 7.3321
1.1145 7.3340
1.116 7.3359
1.1175 7.3378
1.119 7.3397
1.1205 7.3416
1.122 7.3435
1.1235 7.3453
1.125 7.3471
1.1265 7.3489
1.1280000000000001 7.3507
1.1295 7.3525
1.131 7.3543
1.1325 7.3560
1.1340000000000001 7.3577
1.1355 7.3595
1.137 7.3612
1.1385 7.3628
1.1400000000000001 7.3645
1.1415 7.3661
1.143 7.3678
1.1445 7.3694
1.1460000000000001 7.3710
1.1475 7.3726
1.149 7.3741
1.1505 7.3757
1.1520000000000001 7.3772
1.1535 7.3787
1.155 7.3802
1.1565 7.3817
1.158 7.3831
1.1595 7.3846
1.161 7.3860
1.1625 7.3874
1.164 7.3888
1.1655 7.3902
1.167 7.3915
1.1685 7.3928
1.17 7.3941
1.1715 7.3954
1.173 7.3967
1.1745 7.3979
1.176 7.3992
1.1775 7.4004
1.179 7.4016
1.1805 7.4027
1.182 7.4039
1.1835 7.4050
1.185 7.4061
1.1865 7.4072
1.188 7.4083
1.1895 7.4093
1.191 7.4104
1.1925000000000001 7.4114
1.194 7.4124
1.1955 7.4133
1.197 7.4143
1.1985000000000001 7.4152
1.2 7.4161
1.2015 7.4170
1.203 7.4178
1.2045000000000001 7.4187
1.206 7.4195
1.2075 7.4203
1.209 7.4211
1.2105000000000001 7.4218
1.212 7.4225
1.2135 7.4232
1.215 7.4239
1.2165 7.4246
1.218 7.4252
1.2195 7.4258
1.221 7.4264
1.2225 7.4270
1.224 7.4276
1.2255 7.4281
1.227 7.4286
1.2285 7.4291
1.23 7.4295
1.2315 7.4300
1.233 7.4304
1.2345 7.4308
1.236 7.4311
1.2375 7.4315
1.239 7.4318
1.2405 7.4321
1.242 7.4323
1.2435 7.4326
1.245 7.4328
1.2465 7.4330
1.248 7.4332
1.2495 7.4333
1.2510000000000001 7.4335
1.2525 7.4336
1.254 7.4336
1.2555 7.4337
1.2570000000000001 7.4337
1.2585 7.4337
1.26 7.4337
1.2615 7.4337
1.2630000000000001 7.4336
1.2645 7.4335
1.266 7.4334
1.2675 7.4333
1.2690000000000001 7.4332
1.2705 7.4330
1.272 7.4328
1.2735 7.4325
1.2750000000000001 7.4323
1.2765 7.4320
1.278 7.4317
1.2795 7.4314
1.281 7.4310
1.2825 7.4307
1.284 7.4303
1.2855 7.4299
1.287 7.4294
1.2885 7.4290
1.29 7.4285
1.2915 7.4280
1.293 7.4275
1.2945 7.4269
1.296 7.4264
1.2975 7.4258
1.299 7.4251
1.3005 7.4245
1.302 7.4238
1.3035 7.4231
1.305 7.4224
1.3065 7.4217
1.308 7.4210
1.3095 7.4202
1.311 7.4194
1.3125 7.4186
1.314 7.4177
1.3155000000000001 7.4169
1.317 7.4160
1.3185 7.4151
1.32 7.4141
1.3215000000000001 7.4132
1.323 7.4122
1.3245 7.4112
1.326 7.4102
1.3275000000000001 7.4092
1.329 7.4081
1.3305 7.4071
1.332 7.4060
1.3335000000000001 7.4049
1.335 7.4037
1.3365 7.4026
1.338 7.4014
1.3395000000000001 7.4002
1.341 7.3990
1.3425 7.3977
1.344 7.3965
1.3455 7.3952
1.347 7.3939
1.3485 7.3926
1.35 7.3913
1.3515 7.3899
1.353 7.3886
1.3545 7.3872
1.356 7.3858
1.3575 7.3844
1.359 7.3829
1.3605 7.3815
1.362 7.3800
1.3635 7.3785
1.365 7.3770
1.3665 7.3754
1.368 7.3739
1.3695 7.3723
1.371 7.3707
1.3725 7.3691
1.374 7.3675
1.3755 7.3659
1.377 7.3642
1.3785 7.3626
1.3800000000000001 7.3609
1.3815 7.3592
1.383 7.3575
1.3845 7.3557
1.3860000000000001 7.3540
1.3875 7.3522
1.389 7.3505
1.3905 7.3487
1.3920000000000001 7.3469
1.3935 7.3450
1.395 7.3432
1.3965 7.3413
1.3980000000000001 7.3395
1.3995 7.3376
1.401 7.3357
1.4025 7.3338
1.4040000000000001 7.3318
1.4055 7.3299
1.407 7.3279
1.4085 7.3260
1.41 7.3240
1.4115 7.3220
1.413 7.3200
1.4145 7.3179
1.416 7.3159
1.4175 7.3138
1.419 7.3118
1.4205 7.3097
1.422 7.3076
1.4235 7.3055
1.425 7.3034
1.4265 7.3012
1.428 7.2991
1.4295 7.2969
1.431 7.2947
1.4325 7.2926
1.434 7.2904
1.4355 7.2882
1.437 7.2859
1.4385000000000001 7.2837
1.44 7.2815
1.4415 7.2792
1.443 7.2769
1.4445000000000001 7.2747
1.446 7.2724
1.4475 7.2701
1.449 7.2677
1.4505000000000001 7.2654
1.452 7.2631
1.4535 7.2607
1.455 7.2584
1.4565000000000001 7.2560
1.458 7.2536
1.4595 7.2512
1.461 7.2488
1.4625000000000001 7.2464
1.464 7.2440
1.4655 7.2415
1.467 7.2391
1.4685000000000001 7.2366
1.47 7.2342
1.4715 7.2317
1.473 7.2292
1.4745 7.2267
1.476 7.2242
1.4775 7.2217
1.479 7.2192
1.4805 7.2166
1.482 7.2141
1.4835 7.2115
1.485 7.2090
1.4865 7.2064
1.488 7.2038
1.4895 7.2012
1.491 7.1986
1.4925 7.1960
1.494 7.1934
1.4955 7.1907
1.497 7.1881
1.4985 7.1854
1.5 7.1828
1.5015 7.1801
1.5030000000000001 7.1774
1.5045 7.1748
1.506 7.1721
1.5075 7.1694
1.5090000000000001 7.1666
1.5105 7.1639
1.512 7.1612
1.5135 7.1585
1.5150000000000001 7.1557
1.5165 7.1530
1.518 7.1502
1.5195 7.1474
1.5210000000000001 7.1447
1.5225 7.1419
1.524 7.1391
1.5255 7.1363
1.5270000000000001 7.1335
1.5285 7.1307
1.53 7.1278
1.5315 7.1250
1.5330000000000001 7.1221
1.5345 7.1193
1.536 7.1164
1.5375 7.1136
1.539 7.1107
1.5405 7.1078
1.542 7.1049
1.5435 7.1020
1.545 7.0991
1.5465 7.0962
1.548 7.0933
1.5495 7.0903
1.551 7.0874
1.5525 7.0844
1.554 7.0815
1.5555 7.0786
1.557 7.0756
1.5585 7.0726
1.56 7.0696
1.5615 7.0667
1.563 7.0637
1.5645 7.0607
1.566 7.0577
1.5675000000000001 7.0547
1.569 7.0516
1.5705 7.0486
1.572 7.0456
1.5735000000000001 7.0425
1.575 7.0395
1.5765 7.0364
1.578 7.0334
1.5795000000000001 7.0303
1.581 7.0272
1.5825 7.0241
1.584 7.0211
1.5855000000000001 7.0180
1.587 7.0149
1.5885 7.0117
1.59 7.0086
1.5915000000000001 7.0055
1.593 7.0024
1.5945 6.9993
1.596 6.9961
1.5975000000000001 6.9930
1.599 6.9898
1.6005 6.9867
1.602 6.9835
1.6035 6.9803
1.605 6.9771
1.6065 6.9740
1.608 6.9708
1.6095 6.9676
1.611 6.9644
1.6125 6.9612
1.614 6.9579
1.6155 6.9547
1.617 6.9515
1.6185 6.9482
1.62 6.9450
1.6215 6.9418
1.623 6.9385
1.6245 6.9352
1.6260000000000001 6.9320
1.6275 6.9287
1.629 6.9254
1.6305 6.9222
1.6320000000000001 6.9189
1.6335 6.9156
1.635 6.9123
1.6365 6.9090
1.6380000000000001 6.9057
1.6395 6.9023
1.641 6.8990
1.6425 6.8957
1.6440000000000001 6.8923
1.6455 6.8890
1.647 6.8857
1.6485 6.8823
1.6500000000000001 6.8790
1.6515 6.8756
1.653 6.8722
1.6545 6.8688
1.6560000000000001 6.8655
1.6575 6.8621
1.659 6.8587
1.6605 6.8553
1.6620000000000001 6.8519
1.6635 6.8485
1.665 6.8451
1.6665 6.8416
1.668 6.8382
1.6695 6.8348
1.671 6.8314
1.6725 6.8279
1.674 6.8245
1.6755 6.8210
1.677 6.8176
1.6785 6.8141
1.68 6.8106
1.6815 6.8072
1.683 6.8037
1.6845 6.8002
1.686 6.7967
1.6875 6.7932
1.689 6.7897
1.6905000000000001 6.7862
1.692 6.7827
1.6935 6.7792
1.695 6.7757
1.6965000000000001 6.7722
1.698 6.7686
1.6995 6.7651
1.701 6.7616
1.7025000000000001 6.7580
1.704 6.7545
1.7055 6.7509
1.707 6.7474
1.7085000000000001 6.7438
1.71 6.7402
1.7115 6.7367
1.713 6.7331
1.7145000000000001 6.7295
1.716 6.7259
1.7175 6.7224
1.719 6.7188
1.7205000000000001 6.7152
1.722 6.7116
1.7235 6.7079
1.725 6.7043
1.7265000000000001 6.7007
1.728 6.6971
1.7295 6.6935
1.731 6.6898
1.7325 6.6862
1.734 6.6826
1.7355 6.6789
1.737 6.6753
1.7385 6.6716
1.74 6.6680
1.7415 6.6643
1.743 6.6607
1.7445 6.6570
1.746 6.6533
1.7475 6.6496
1.749 6.6460
1.7505 6.6423
1.752 6.6386
1.7535 6.6349
1.7550000000000001 6.6312
1.7565 6.6275
1.758 6.6238
1.7595 6.6201
1.7610000000000001 6.6164
1.7625 6.6127
1.764 6.6090
1.7655 6.6052
1.7670000000000001 6.6015
1.7685 6.5978
1.77 6.5940
1.7715 6.5903
1.7730000000000001 6.5866
1.7745 6.5828
1.776 6.5791
1.7775 6.5753
1.7790000000000001 6.5716
1.7805 6.5678
1.782 6.5640
1.7835 6.5603
1.7850000000000001 6.5565
1.7865 6.5527
1.788 6.5490
1.7895 6.5452
1.7910000000000001 6.5414
1.7925 6.5376
1.794 6.5339
1.7955 6.5301
1.797 6.5263
1.7985 6.5225
1.8 6.5187
1.8015 6.5149
1.803 6.5111
1.8045 6.5073
1.806 6.5035
1.8075 6.4996
1.809 6.4958
1.8105 6.4920
1.812 6.4882
1.8135000000000001 6.4844
1.815 6.4805
1.8165 6.4767
1.818 6.4729
1.8195000000000001 6.4691
1.821 6.4652
1.8225 6.4614
1.824 6.4576
1.8255000000000001 6.4537
1.827 6.4499
1.8285 6.4460
1.83 6.4422
1.8315000000000001 6.4383
1.833 6.4345
1.8345 6.4306
1.836 6.4268
1.8375000000000001 6.4229
1.839 6.4191
1.8405 6.4152
1.842 6.4113
1.8435000000000001 6.4075
1.845 6.4036
1.8465 6.3997
1.848 6.3959
1.8495000000000001 6.3920
1.851 6.3881
1.8525 6.3843
1.854 6.3804
1.8555000000000001 6.3765
1.857 6.3727
1.8585 6.3688
1.86 6.3649
1.8615 6.3610
1.863 6.3571
1.8645 6.3533
1.866 6.3494
1.8675 6.3455
1.869 6.3416
1.8705 6.3377
1.872 6.3338
1.8735 6.3300
1.875 6.3261
1.8765 6.3222
1.8780000000000001 6.3183
1.8795 6.3144
1.881 6.3105
1.8825 6.3067
1.8840000000000001 6.3028
1.8855 6.2989
1.887 6.2950
1.8885 6.2911
1.8900000000000001 6.2872
1.8915 6.2833
1.893 6.2794
1.8945 6.2755
1.8960000000000001 6.2716
1.8975 6.2678
1.899 6.2639
1.9005 6.2600
1.9020000000000001 6.2561
1.9035 6.2522
1.905 6.2483
1.9065 6.2444
1.9080000000000001 6.2406
1.9095 6.2367
1.911 6.2328
1.9125 6.2289
1.9140000000000001 6.2250
1.9155 6.2211
1.917 6.2173
1.9185 6.2134
1.92 6.2095
1.9215 6.2056
1.923 6.2017
1.9245 6.1979
1.926 6.1940
1.9275 6.1901
1.929 6.1862
1.9305 6.1824
1.932 6.1785
1.9335 6.1746
1.935 6.1708
1.9365 6.1669
1.938 6.1630
1.9395 6.1592
1.941 6.1553
1.9425000000000001 6.1514
1.944 6.1476
1.9455 6.1437
1.947 6.1399
1.9485000000000001 6.1360
1.95 6.1322
1.9515 6.1283
1.953 6.1245
1.9545000000000001 6.1206
1.956 6.1168
1.9575 6.1129
1.959 6.1091
1.9605000000000001 6.1052
1.962 6.1014
1.9635 6.0976
1.965 6.0938
1.9665000000000001 6.0899
1.968 6.0861
1.9695 6.0823
1.971 6.0784
1.9725000000000001 6.0746
1.974 6.0708
1.9755 6.0670
1.977 6.0632
1.9785000000000001 6.0594
1.98 6.0556
1.9815 6.0518
1.983 6.0480
1.9845 6.0442
1.986 6.0404
1.9875 6.0366
1.989 6.0328
1.9905 6.0290
1.992 6.0252
1.9935 6.0214
1.995 6.0177
1.9965 6.0139
1.998 6.0101
1.9995 6.0063
2.001 6.0026
2.0025 5.9988
2.004 5.9951
2.0055 5.9913
2.007 5.9875
2.0085 5.9838
2.0100000000000002 5.9801
2.0115 5.9763
2.013 5.9726
2.0145 5.9688
2.016 5.9651
2.0175 5.9614
2.019 5.9577
2.0205 5.9539
2.0220000000000002 5.9502
2.0235 5.9465
2.025 5.9428
2.0265 5.9391
2.028 5.9354
2.0295 5.9317
2.031 5.9280
2.0325 5.9243
2.0340000000000003 5.9206
2.0355 5.9170
2.037 5.9133
2.0385 5.9096
2.04 5.9059
2.0415 5.9023
2.043 5.8986
2.0445 5.8950
2.0460000000000003 5.8913
2.0475 5.8877
2.049 5.8840
2.0505 5.8804
2.052 5.8767
2.0535 5.8731
2.055 5.8695
2.0565 5.8659
2.058 5.8623
2.0595 5.8586
2.061 5.8550
2.0625 5.8514
2.064 5.8478
2.0655 5.8442
2.067 5.8406
2.0685000000000002 5.8371
2.07 5.8335
2.0715 5.8299
2.073 5.8263
2.0745 5.8228
2.076 5.8192
2.0775 5.8156
2.079 5.8121
2.0805000000000002 5.8085
2.082 5.8050
2.0835 5.8015
2.085 5.7979
2.0865 5.7944
2.088 5.7909
2.0895 5.7874
2.091 5.7839
2.0925000000000002 5.7803
2.094 5.7768
2.0955 5.7733
2.097 5.7698
2.0985 5.7664
2.1 5.7629
2.1015 5.7594
2.103 5.7559
2.1045000000000003 5.7525
2.106 5.7490
2.1075 5.7455
2.109 5.7421
2.1105 5.7386
2.112 5.7352
2.1135 5.7318
2.115 5.7283
2.1165 5.7249
2.118 5.7215
2.1195 5.7181
2.121 5.7147
2.1225 5.7113
2.124 5.7079
2.1255 5.7045
2.1270000000000002 5.7011
2.1285 5.6977
2.13 5.6943
2.1315 5.6909
2.133 5.6876
2.1345 5.6842
2.136 5.6809
2.1375 5.6775
2.1390000000000002 5.6742
2.1405 5.6708
2.142 5.6675
2.1435 5.6642
2.145 5.6609
2.1465 5.6576
2.148 5.6542
2.1495 5.6509
2.1510000000000002 5.6476
2.1525 5.6444
2.154 5.6411
2.1555 5.6378
2.157 5.6345
2.1585 5.6312
2.16 5.6280
2.1615 5.6247
2.1630000000000003 5.6215
2.1645 5.6182
2.166 5.6150
2.1675 5.6118
2.169 5.6085
2.1705 5.6053
2.172 5.6021
2.1735 5.5989
2.1750000000000003 5.5957
2.1765 5.5925
2.178 5.5893
2.1795 5.5861
2.181 5.5830
2.1825 5.5798
2.184 5.5766
2.1855 5.5735
2.187 5.5703
2.1885 5.5672
2.19 5.5640
2.1915 5.5609
2.193 5.5578
2.1945 5.5547
2.196 5.5516
2.1975000000000002 5.5484
2.199 5.5453
2.2005 5.5423
2.202 5.5392
2.2035 5.5361
2.205 5.5330
2.2065 5.5300
2.208 5.5269
2.2095000000000002 5.5238
2.211 5.5208
2.2125 5.5178
2.214 5.5147
2.2155 5.5117
2.217 5.5087
2.2185 5.5057
2.22 5.5027
2.2215000000000003 5.4997
2.223 5.4967
2.2245 5.4937
2.226 5.4907
2.2275 5.4878
2.229 5.4848
2.2305 5.4818
2.232 5.4789
2.2335000000000003 5.4760
2.235 5.4730
2.2365 5.4701
2.238 5.4672
2.2395 5.4643
2.241 5.4614
2.2425 5.4585
2.244 5.4556
2.2455 5.4527
2.247 5.4498
2.2485 5.4469
2.25 5.4441
2.2515 5.4412
2.253 5.4384
2.2545 5.4355
2.2560000000000002 5.4327
2.2575 5.4299
2.259 5.4271
2.2605 5.4243
2.262 5.4215
2.2635 5.4187
2.265 5.4159
2.2665 5.4132
2.2680000000000002 5.4104
2.2695 5.4076
2.271 5.4049
2.2725 5.4022
2.274 5.3994
2.2755 5.3967
2.277 5.3940
2.2785 5.3913
2.2800000000000002 5.3886
2.2815 5.3859
2.283 5.3832
2.2845 5.3806
2.286 5.3779
2.2875 5.3752
2.289 5.3726
2.2905 5.3700
2.2920000000000003 5.3673
2.2935 5.3647
2.295 5.3621
2.2965 5.3595
2.298 5.3569
2.2995 5.3544
2.301 5.3518
2.3025 5.3492
2.3040000000000003 5.3467
2.3055 5.3441
2.307 5.3416
2.3085 5.3391
2.31 5.3366
2.3115 5.3341
2.313 5.3316
2.3145000000000002 5.3291
2.316 5.3266
2.3175 5.3242
2.319 5.3217
2.3205 5.3193
2.322 5.3168
2.3235 5.3144
2.325 5.3120
2.3265000000000002 5.3096
2.328 5.3072
2.3295 5.3048
2.331 5.3025
2.3325 5.3001
2.334 5.2977
2.3355 5.2954
2.337 5.2931
2.3385000000000002 5.2908
2.34 5.2885
2.3415 5.2862
2.343 5.2839
2.3445 5.2816
2.346 5.2794
2.3475 5.2771
2.349 5.2749
2.3505000000000003 5.2727
2.352 5.2705
2.3535 5.2683
2.355 5.2661
2.3565 5.2639
2.358 5.2617
2.3595 5.2596
2.361 5.2575
2.3625000000000003 5.2553
2.364 5.2532
2.3655 5.2511
2.367 5.2491
2.3685 5.2470
2.37 5.2449
2.3715 5.2429
2.373 5.2409
2.3745 5.2388
2.376 5.2368
2.3775 5.2348
2.379 5.2329
2.3805 5.2309
2.382 5.2290
2.3835 5.2270
2.3850000000000002 5.2251
2.3865 5.2232
2.388 5.2213
2.3895 5.2194
2.391 5.2176
2.3925 5.2157
2.394 5.2139
2.3955 5.2121
2.3970000000000002 5.2103
2.3985 5.2085
2.4 5.2067
2.4015 5.2050
2.403 5.2032
2.4045 5.2015
2.406 5.1998
2.4075 5.1981
2.4090000000000003 5.1964
2.4105 5.1948
2.412 5.1931
2.4135 5.1915
2.415 5.1899
2.4165 5.1883
2.418 5.1867
2.4195 5.1852
2.4210000000000003 5.1836
2.4225 5.1821
2.424 5.1806
2.4255 5.1791
2.427 5.1776
2.4285 5.1762
2.43 5.1748
2.4315 5.1733
2.433 5.1719
2.4345 5.1706
2.436 5.1692
2.4375 5.1679
2.439 5.1665
2.4405 5.1652
2.442 5.1639
2.4435000000000002 5.1627
2.445 5.1614
2.4465 5.1602
2.448 5.1590
2.4495 5.1578
2.451 5.1566
2.4525 5.1555
2.454 5.1543
2.4555000000000002 5.1532
2.457 5.1521
2.4585 5.1511
2.46 5.1500
2.4615 5.1490
2.463 5.1480
2.4645 5.1470
2.466 5.1460
2.4675000000000002 5.1451
2.469 5.1441
2.4705 5.1432
2.472 5.1423
2.4735 5.1415
2.475 5.1406
2.4765 5.1398
2.478 5.1390
2.4795000000000003 5.1383
2.481 5.1375
2.4825 5.1368
2.484 5.1361
2.4855 5.1354
2.487 5.1347
2.4885 5.1341
2.49 5.1334
2.4915000000000003 5.1328
2.493 5.1323
2.4945 5.1317
2.496 5.1312
2.4975 5.1307
2.499 5.1302
2.5005 5.1297
2.5020000000000002 5.1293
2.5035 5.1288
2.505 5.1284
2.5065 5.1281
2.508 5.1277
2.5095 5.1274
2.511 5.1271
2.5125 5.1268
2.5140000000000002 5.1265
2.5155 5.1263
2.517 5.1261
2.5185 5.1259
2.52 5.1258
2.5215 5.1256
2.523 5.1255
2.5245 5.1254
2.5260000000000002 5.1254
2.5275 5.1253
2.529 5.1253
2.5305 5.1253
2.532 5.1253
2.5335 5.1254
2.535 5.1254
2.5365 5.1255
2.5380000000000003 5.1256
2.5395 5.1258
2.541 5.1259
2.5425 5.1261
2.544 5.1263
2.5455 5.1266
2.547 5.1268
2.5485 5.1271
2.5500000000000003 5.1274
2.5515 5.1278
2.553 5.1281
2.5545 5.1285
2.556 5.1289
2.5575 5.1293
2.559 5.1297
2.5605 5.1302
2.562 5.1307
2.5635 5.1312
2.565 5.1317
2.5665 5.1323
2.568 5.1329
2.5695 5.1335
2.571 5.1341
2.5725000000000002 5.1348
2.574 5.1354
2.5755 5.1361
2.577 5.1368
2.5785 5.1376
2.58 5.1383
2.5815 5.1391
2.583 5.1399
2.5845000000000002 5.1407
2.586 5.1415
2.5875 5.1424
2.589 5.1433
2.5905 5.1442
2.592 5.1451
2.5935 5.1461
2.595 5.1470
2.5965000000000003 5.1480
2.598 5.1490
2.5995 5.1501
2.601 5.1511
2.6025 5.1522
2.604 5.1533
2.6055 5.1544
2.607 5.1555
2.6085000000000003 5.1567
2.61 5.1579
2.6115 5.1591
2.613 5.1603
2.6145 5.1615
2.616 5.1628
2.6175 5.1640
2.619 5.1653
2.6205000000000003 5.1666
2.622 5.1679
2.6235 5.1693
2.625 5.1706
2.6265 5.1720
2.628 5.1734
2.6295 5.1748
2.6310000000000002 5.1763
2.6325 5.1777
2.634 5.1792
2.6355 5.1807
2.637 5.1822
2.6385 5.1837
2.64 5.1853
2.6415 5.1868
2.6430000000000002 5.1884
2.6445 5.1900
2.646 5.1916
2.6475 5.1932
2.649 5.1949
2.6505 5.1965
2.652 5.1982
2.6535 5.1999
2.6550000000000002 5.2016
2.6565 5.2033
2.658 5.2051
2.6595 5.2068
2.661 5.2086
2.6625 5.2104
2.664 5.2122
2.6655 5.2140
2.6670000000000003 5.2158
2.6685 5.2177
2.67 5.2195
2.6715 5.2214
2.673 5.2233
2.6745 5.2252
2.676 5.2271
2.6775 5.2290
2.6790000000000003 5.2310
2.6805 5.2330
2.682 5.2349
2.6835 5.2369
2.685 5.2389
2.6865 5.2409
2.688 5.2430
2.6895000000000002 5.2450
2.691 5.2471
2.6925 5.2491
2.694 5.2512
2.6955 5.2533
2.697 5.2554
2.6985 5.2575
2.7 5.2597
2.7015000000000002 5.2618
2.703 5.2640
2.7045 5.2661
2.706 5.2683
2.7075 5.2705
2.709 5.2727
2.7105 5.2749
2.712 5.2772
2.7135000000000002 5.2794
2.715 5.2817
2.7165 5.2839
2.718 5.2862
2.7195 5.2885
2.721 5.2908
2.7225 5.2931
2.724 5.2954
2.7255000000000003 5.2978
2.727 5.3001
2.7285 5.3025
2.73 5.3048
2.7315 5.3072
2.733 5.3096
2.7345 5.3120
2.736 5.3144
2.7375000000000003 5.3168
2.739 5.3192
2.7405 5.3217
2.742 5.3241
2.7435 5.3266
2.745 5.3291
2.7465 5.3315
2.748 5.3340
2.7495000000000003 5.3365
2.751 5.3390
2.7525 5.3415
2.754 5.3441
2.7555 5.3466
2.757 5.3492
2.7585 5.3517
2.7600000000000002 5.3543
2.7615 5.3568
2.763 5.3594
2.7645 5.3620
2.766 5.3646
2.7675 5.3672
2.769 5.3699
2.7705 5.3725
2.7720000000000002 5.3751
2.7735 5.3778
2.775 5.3804
2.7765 5.3831
2.778 5.3858
2.7795 5.3884
2.781 5.3911
2.7825 5.3938
2.7840000000000003 5.3965
2.7855 5.3993
2.787 5.4020
2.7885 5.4047
2.79 5.4075
2.7915 5.4102
2.793 5.4130
2.7945 5.4157
2.7960000000000003 5.4185
2.7975 5.4213
2.799 5.4240
2.8005 5.4268
2.802 5.4296
2.8035 5.4325
2.805 5.4353
2.8065 5.4381
2.8080000000000003 5.4409
2.8095 5.4438
2.811 5.4466
2.8125 5.4495
2.814 5.4524
2.8155 5.4553
2.817 5.4581
2.8185000000000002 5.4610
2.82 5.4639
2.8215 5.4668
2.823 5.4697
2.8245 5.4726
2.826 5.4755
2.8275 5.4785
2.829 5.4814
2.8305000000000002 5.4844
2.832 5.4873
2.8335 5.4903
2.835 5.4932
2.8365 5.4962
2.838 5.4992
2.8395 5.5022
2.841 5.5052
2.8425000000000002 5.5082
2.844 5.5112
2.8455 5.5142
2.847 5.5172
2.8485 5.5202
2.85 5.5233
2.8515 5.5263
2.853 5.5294
2.8545000000000003 5.5324
2.856 5.5355
2.8575 5.5386
2.859 5.5416
2.8605 5.5447
2.862 5.5478
2.8635 5.5509
2.865 5.5540
2.8665000000000003 5.5571
2.868 5.5602
2.8695 5.5633
2.871 5.5665
2.8725 5.5696
2.874 5.5727
2.8755 5.5759
2.8770000000000002 5.5790
2.8785000000000003 5.5822
2.88 5.5854
2.8815 5.5885
2.883 5.5917
2.8845 5.5949
2.886 5.5981
2.8875 5.6013
2.8890000000000002 5.6045
2.8905 5.6077
2.892 5.6109
2.8935 5.6141
2.895 5.6173
2.8965 5.6206
2.898 5.6238
2.8995 5.6270
2.9010000000000002 5.6303
2.9025 5.6335
2.904 5.6368
2.9055 5.6401
2.907 5.6433
2.9085 5.6466
2.91 5.6499
2.9115 5.6532
2.9130000000000003 5.6565
2.9145 5.6598
2.916 5.6631
2.9175 5.6664
2.919 5.6697
2.9205 5.6730
2.922 5.6763
2.9235 5.6797
2.9250000000000003 5.6830
2.9265 5.6864
2.928 5.6897
2.9295 5.6931
2.931 5.6964
2.9325 5.6998
2.934 5.7032
2.9355 5.7065
2.9370000000000003 5.7099
2.9385 5.7133
2.94 5.7167
2.9415 5.7201
2.943 5.7235
2.9445 5.7269
2.946 5.7303
2.9475000000000002 5.7337
2.949 5.7372
2.9505 5.7406
2.952 5.7440
2.9535 5.7475
2.955 5.7509
2.9565 5.7544
2.958 5.7578
2.9595000000000002 5.7613
2.961 5.7647
2.9625 5.7682
2.964 5.7717
2.9655 5.7752
2.967 5.7787
2.9685 5.7822
2.97 5.7856
2.9715000000000003 5.7891
2.973 5.7926
2.9745 5.7962
2.976 5.7997
2.9775 5.8032
2.979 5.8067
2.9805 5.8102
2.982 5.8138
2.9835000000000003 5.8173
2.985 5.8209
2.9865 5.8244
2.988 5.8280
2.9895 5.8315
2.991 5.8351
2.9925 5.8386
2.994 5.8422
2.9955000000000003 5.8458
2.997 5.8494
2.9985 5.8530
3.0 5.8565
3.0015 5.8601
3.003 5.8637
3.0045 5.8673
3.0060000000000002 5.8709
3.0075000000000003 5.8746
3.009 5.8782
3.0105 5.8818
3.012 5.8854
3.0135 5.8890
3.015 5.8927
3.0165 5.8963
3.0180000000000002 5.8999
3.0195 5.9036
3.021 5.9072
3.0225 5.9109
3.024 5.9146
3.0255 5.9182
3.027 5.9219
3.0285 5.9255
3.0300000000000002 5.9292
3.0315 5.9329
3.033 5.9366
3.0345 5.9403
3.036 5.9439
3.0375 5.9476
3.039 5.9513
3.0405 5.9550
3.0420000000000003 5.9587
3.0435 5.9624
3.045 5.9661
3.0465 5.9699
3.048 5.9736
3.0495 5.9773
3.051 5.9810
3.0525 5.9847
3.0540000000000003 5.9885
3.0555 5.9922
3.057 5.9959
3.0585 5.9997
3.06 6.0034
3.0615 6.0072
3.063 6.0109
3.0645000000000002 6.0147
3.0660000000000003 6.0184
3.0675 6.0222
3.069 6.0259
3.0705 6.0297
3.072 6.0335
3.0735 6.0372
3.075 6.0410
3.0765000000000002 6.0448
3.078 6.0486
3.0795 6.0524
3.081 6.0561
3.0825 6.0599
3.084 6.0637
3.0855 6.0675
3.087 6.0713
3.0885000000000002 6.0751
3.09 6.0789
3.0915 6.0827
3.093 6.0865
3.0945 6.0903
3.096 6.0941
3.0975 6.0979
3.099 6.1017
3.1005000000000003 6.1056
3.102 6.1094
3.1035 6.1132
3.105 6.1170
3.1065 6.1208
3.108 6.1247
3.1095 6.1285
3.111 6.1323
3.1125000000000003 6.1361
3.114 6.1400
3.1155 6.1438
3.117 6.1477
3.1185 6.1515
3.12 6.1553
3.1215 6.1592
3.123 6.1630
3.1245000000000003 6.1669
3.126 6.1707
3.1275 6.1745
3.129 6.1784
3.1305 6.1822
3.132 6.1861
3.1335 6.1899
3.1350000000000002 6.1938
3.1365 6.1977
3.138 6.2015
3.1395 6.2054
3.141 6.2092
3.1425 6.2131
3.144 6.2169
3.1455 6.2208
3.1470000000000002 6.2247
3.1485 6.2285
3.15 6.2324
3.1515 6.2362
3.153 6.2401
3.1545 6.2440
3.156 6.2478
3.1575 6.2517
3.1590000000000003 6.2556
3.1605 6.2594
3.162 6.2633
3.1635 6.2672
3.165 6.2710
3.1665 6.2749
3.168 6.2788
3.1695 6.2826
3.1710000000000003 6.2865
3.1725 6.2904
3.174 6.2942
3.1755 6.2981
3.177 6.3020
3.1785 6.3058
3.18 6.3097
3.1815 6.3136
3.1830000000000003 6.3175
3.1845 6.3213
3.186 6.3252
3.1875 6.3290
3.189 6.3329
3.1905 6.3368
3.192 6.3406
3.1935000000000002 6.3445
3.1950000000000003 6.3483
3.1965 6.3522
3.198 6.3561
3.1995 6.3599
3.201 6.3638
3.2025 6.3676
3.204 6.3715
3.2055000000000002 6.3753
3.207 6.3792
3.2085 6.3830
3.21 6.3869
3.2115 6.3907
3.213 6.3946
3.2145 6.3984
3.216 6.4023
3.2175000000000002 6.4061
3.219 6.4100
3.2205 6.4138
3.222 6.4176
3.2235 6.4215
3.225 6.4253
3.2265 6.4291
3.228 6.4330
3.2295000000000003 6.4368
3.231 6.4406
3.2325 6.4445
3.234 6.4483
3.2355 6.4521
3.237 6.4559
3.2385 6.4597
3.24 6.4636
3.2415000000000003 6.4674
3.243 6.4712
3.2445 6.4750
3.246 6.4788
3.2475 6.4826
3.249 6.4864
3.2505 6.4902
3.2520000000000002 6.4940
3.2535000000000003 6.4978
3.255 6.5016
3.2565 6.5054
3.258 6.5092
3.2595 6.5129
3.261 6.5167
3.2625 6.5205
3.2640000000000002 6.5243
3.2655 6.5281
3.267 6.5318
3.2685 6.5356
3.27 6.5394
3.2715 6.5431
3.273 6.5469
3.2745 6.5506
3.2760000000000002 6.5544
3.2775 6.5581
3.279 6.5619
3.2805 6.5656
3.282 6.5694
3.2835 6.5731
3.285 6.5768
3.2865 6.5806
3.2880000000000003 6.5843
3.2895 6.5880
3.291 6.5917
3.2925 6.5955
3.294 6.5992
3.2955 6.6029
3.297 6.6066
3.2985 6.6103
3.3000000000000003 6.6140
3.3015 6.6177
3.303 6.6214
3.3045 6.6251
3.306 6.6287
3.3075 6.6324
3.309 6.6361
3.3105 6.6398
3.3120000000000003 6.6434
3.3135 6.6471
3.315 6.6508
3.3165 6.6544
3.318 6.6581
3.3195 6.6617
3.321 6.6654
3.3225000000000002 6.6690
3.3240000000000003 6.6726
3.3255 6.6763
3.327 6.6799
3.3285 6.6835
3.33 6.6872
3.3315 6.6908
3.333 6.6944
3.3345000000000002 6.6980
3.336 6.7016
3.3375 6.7052
3.339 6.7088
3.3405 6.7124
3.342 6.7160
3.3435 6.7195
3.345 6.7231
3.3465000000000003 6.7267
3.348 6.7303
3.3495 6.7338
3.351 6.7374
3.3525 6.7409
3.354 6.7445
3.3555 6.7480
3.357 6.7516
3.3585000000000003 6.7551
3.36 6.7586
3.3615 6.7622
3.363 6.7657
3.3645 6.7692
3.366 6.7727
3.3675 6.7762
3.369 6.7797
3.3705000000000003 6.7832
3.372 6.7867
3.3735 6.7902
3.375 6.7937
3.3765 6.7972
3.378 6.8006
3.3795 6.8041
3.3810000000000002 6.8076
3.3825000000000003 6.8110
3.384 6.8145
3.3855 6.8179
3.387 6.8214
3.3885 6.8248
3.39 6.8282
3.3915 6.8317
3.3930000000000002 6.8351
3.3945 6.8385
3.396 6.8419
3.3975 6.8453
3.399 6.8487
3.4005 6.8521
3.402 6.8555
3.4035 6.8589
3.4050000000000002 6.8623
3.4065 6.8656
3.408 6.8690
3.4095 6.8724
3.411 6.8757
3.4125 6.8791
3.414 6.8824
3.4155 6.8858
3.4170000000000003 6.8891
3.4185 6.8924
3.42 6.8958
3.4215 6.8991
3.423 6.9024
3.4245 6.9057
3.426 6.9090
3.4275 6.9123
3.4290000000000003 6.9156
3.4305 6.9189
3.432 6.9222
3.4335 6.9254
3.435 6.9287
3.4365 6.9320
3.438 6.9352
3.4395000000000002 6.9385
3.4410000000000003 6.9417
3.4425 6.9450
3.444 6.9482
3.4455 6.9514
3.447 6.9546
3.4485 6.9579
3.45 6.9611
3.4515000000000002 6.9643
3.4530000000000003 6.9675
3.4545 6.9707
3.456 6.9738
3.4575 6.9770
3.459 6.9802
3.4605 6.9834
3.462 6.9865
3.4635000000000002 6.9897
3.465 6.9928
3.4665 6.9960
3.468 6.9991
3.4695 7.0022
3.471 7.0054
3.4725 7.0085
3.474 7.0116
3.4755000000000003 7.0147
3.477 7.0178
3.4785 7.0209
3.48 7.0240
3.4815 7.0271
3.483 7.0301
3.4845 7.0332
3.486 7.0363
3.4875000000000003 7.0393
3.489 7.0424
3.4905 7.0454
3.492 7.0484
3.4935 7.0515
3.495 7.0545
3.4965 7.0575
3.498 7.0605
3.4995000000000003 7.0635
3.501 7.0665
3.5025 7.0695
3.504 7.0725
3.5055 7.0755
3.507 7.0784
3.5085 7.0814
3.5100000000000002 7.0843
3.5115000000000003 7.0873
3.513 7.0902
3.5145 7.0931
3.516 7.0961
3.5175 7.0990
3.519 7.1019
3.5205 7.1048
3.5220000000000002 7.1077
3.5235 7.1106
3.525 7.1135
3.5265 7.1163
3.528 7.1192
3.5295 7.1221
3.531 7.1249
3.5325 7.1278
3.5340000000000003 7.1306
3.5355 7.1334
3.537 7.1363
3.5385 7.1391
3.54 7.1419
3.5415 7.1447
3.543 7.1475
3.5445 7.1503
3.5460000000000003 7.1530
3.5475 7.1558
3.549 7.1586
3.5505 7.1613
3.552 7.1641
3.5535 7.1668
3.555 7.1695
3.5565 7.1722
3.5580000000000003 7.1749
3.5595 7.1777
3.561 7.1803
3.5625 7.1830
3.564 7.1857
3.5655 7.1884
3.567 7.1910
3.5685000000000002 7.1937
3.5700000000000003 7.1963
3.5715 7.1990
3.573 7.2016
3.5745 7.2042
3.576 7.2068
3.5775 7.2094
3.579 7.2120
3.5805000000000002 7.2146
3.5820000000000003 7.2171
3.5835 7.2197
3.585 7.2223
3.5865 7.2248
3.588 7.2273
3.5895 7.2299
3.591 7.2324
3.5925000000000002 7.2349
3.594 7.2374
3.5955 7.2399
3.597 7.2423
3.5985 7.2448
3.6 7.2473
3.6015 7.2497
3.603 7.2522
3.6045000000000003 7.2546
3.606 7.2570
3.6075 7.2594
3.609 7.2618
3.6105 7.2642
3.612 7.2666
3.6135 7.2689
3.615 7.2713
3.6165000000000003 7.2736
3.618 7.2760
3.6195 7.2783
3.621 7.2806
3.6225 7.2829
3.624 7.2852
3.6255 7.2875
3.6270000000000002 7.2897
3.6285000000000003 7.2920
3.63 7.2942
3.6315 7.2965
3.633 7.2987
3.6345 7.3009
3.636 7.3031
3.6375 7.3053
3.6390000000000002 7.3074
3.6405000000000003 7.3096
3.642 7.3117
3.6435 7.3139
3.645 7.3160
3.6465 7.3181
3.648 7.3202
3.6495 7.3223
3.6510000000000002 7.3244
3.6525 7.3264
3.654 7.3285
3.6555 7.3305
3.657 7.3325
3.6585 7.3345
3.66 7.3365
3.6615 7.3385
3.6630000000000003 7.3405
3.6645 7.3424
3.666 7.3444
3.6675 7.3463
3.669 7.3482
3.6705 7.3501
3.672 7.3520
3.6735 7.3539
3.6750000000000003 7.3557
3.6765 7.3576
3.678 7.3594
3.6795 7.3612
3.681 7.3630
3.6825 7.3648
3.684 7.3665
3.6855 7.3683
3.6870000000000003 7.3700
3.6885 7.3717
3.69 7.3734
3.6915 7.3751
3.693 7.3768
3.6945 7.3784
3.696 7.3801
3.6975000000000002 7.3817
3.6990000000000003 7.3833
3.7005 7.3849
3.702 7.3865
3.7035 7.3880
3.705 7.3896
3.7065 7.3911
3.708 7.3926
3.7095000000000002 7.3941
3.7110000000000003 7.3955
3.7125 7.3970
3.714 7.3984
3.7155 7.3998
3.717 7.4012
3.7185 7.4026
3.72 7.4040
3.7215000000000003 7.4053
3.723 7.4066
3.7245 7.4080
3.726 7.4092
3.7275 7.4105
3.729 7.4118
3.7305 7.4130
3.732 7.4142
3.7335000000000003 7.4154
3.735 7.4166
3.7365 7.4177
3.738 7.4189
3.7395 7.4200
3.741 7.4211
3.7425 7.4221
3.744 7.4232
3.7455000000000003 7.4242
3.747 7.4252
3.7485 7.4262
3.75 7.4272
3.7515 7.4281
3.753 7.4291
3.7545 7.4300
3.7560000000000002 7.4309
3.7575000000000003 7.4317
3.759 7.4326
3.7605 7.4334
3.762 7.4342
3.7635 7.4350
3.765 7.4358
3.7665 7.4365
3.7680000000000002 7.4372
3.7695000000000003 7.4379
3.771 7.4386
3.7725 7.4392
3.774 7.4399
3.7755 7.4405
3.777 7.4411
3.7785 7.4416
3.7800000000000002 7.4422
3.7815 7.4427
3.783 7.4432
3.7845 7.4437
3.786 7.4441
3.7875 7.4445
3.789 7.4450
3.7905 7.4453
3.7920000000000003 7.4457
3.7935 7.4460
3.795 7.4463
3.7965 7.4466
3.798 7.4469
3.7995 7.4471
3.801 7.4474
3.8025 7.4476
3.8040000000000003 7.4477
3.8055 7.4479
3.807 7.4480
3.8085 7.4481
3.81 7.4482
3.8115 7.4483
3.813 7.4483
3.8145000000000002 7.4483
3.8160000000000003 7.4483
3.8175 7.4483
3.819 7.4482
3.8205 7.4482
3.822 7.4481
3.8235 7.4479
3.825 7.4478
3.8265000000000002 7.4476
3.8280000000000003 7.4474
3.8295 7.4472
3.831 7.4470
3.8325 7.4467
3.834 7.4464
3.8355 7.4461
3.837 7.4458
3.8385000000000002 7.4454
3.84 7.4450
3.8415 7.4446
3.843 7.4442
3.8445 7.4438
3.846 7.4433
3.8475 7.4428
3.849 7.4423
3.8505000000000003 7.4418
3.852 7.4412
3.8535 7.4406
3.855 7.4400
3.8565 7.4394
3.858 7.4387
3.8595 7.4381
3.861 7.4374
3.8625000000000003 7.4367
3.864 7.4359
3.8655 7.4352
3.867 7.4344
3.8685 7.4336
3.87 7.4328
3.8715 7.4319
3.873 7.4311
3.8745000000000003 7.4302
3.876 7.4293
3.8775 7.4284
3.879 7.4274
3.8805 7.4264
3.882 7.4255
3.8835 7.4245
3.8850000000000002 7.4234
3.8865000000000003 7.4224
3.888 7.4213
3.8895 7.4202
3.891 7.4191
3.8925 7.4180
3.894 7.4168
3.8955 7.4157
3.8970000000000002 7.4145
3.8985000000000003 7.4133
3.9 7.4120
3.9015 7.4108
3.903 7.4095
3.9045 7.4082
3.906 7.4069
3.9075 7.4056
3.9090000000000003 7.4043
3.9105 7.4029
3.912 7.4016
3.9135 7.4002
3.915 7.3988
3.9165 7.3973
3.918 7.3959
3.9195 7.3944
3.9210000000000003 7.3929
3.9225 7.3914
3.924 7.3899
3.9255 7.3884
3.927 7.3868
3.9285 7.3853
3.93 7.3837
3.9315 7.3821
3.9330000000000003 7.3805
3.9345 7.3788
3.936 7.3772
3.9375 7.3755
3.939 7.3738
3.9405 7.3721
3.942 7.3704
3.9435000000000002 7.3687
3.9450000000000003 7.3670
3.9465 7.3652
3.948 7.3634
3.9495 7.3616
3.951 7.3598
3.9525 7.3580
3.954 7.3562
3.9555000000000002 7.3543
3.9570000000000003 7.3525
3.9585 7.3506
3.96 7.3487
3.9615 7.3468
3.963 7.3449
3.9645 7.3429
3.966 7.3410
3.9675000000000002 7.3390
3.969 7.3371
3.9705 7.3351
3.972 7.3331
3.9735 7.3311
3.975 7.3290
3.9765 7.3270
3.978 7.3249
3.9795000000000003 7.3229
3.981 7.3208
3.9825 7.3187
3.984 7.3166
3.9855 7.3145
3.987 7.3123
3.9885 7.3102
3.99 7.3080
3.9915000000000003 7.3059
3.993 7.3037
3.9945 7.3015
3.996 7.2993
3.9975 7.2971
3.999 7.2949
4.0005 7.2926
4.002 7.2904
4.0035 7.2881
4.005 7.2858
4.0065 7.2836
4.008 7.2813
4.0095 7.2790
4.011 7.2766
4.0125 7.2743
4.014 7.2720
4.0155 7.2696
4.017 7.2673
4.0185 7.2649
4.0200000000000005 7.2625
4.0215000000000005 7.2601
4.023 7.2577
4.0245 7.2553
4.026 7.2529
4.0275 7.2505
4.029 7.2480
4.0305 7.2456
4.032 7.2431
4.0335 7.2407
4.035 7.2382
4.0365 7.2357
4.038 7.2332
4.0395 7.2307
4.041 7.2282
4.0425 7.2256
4.0440000000000005 7.2231
4.0455 7.2206
4.047 7.2180
4.0485 7.2154
4.05 7.2129
4.0515 7.2103
4.053 7.2077
4.0545 7.2051
4.056 7.2025
4.0575 7.1999
4.059 7.1972
4.0605 7.1946
4.062 7.1920
4.0635 7.1893
4.065 7.1867
4.0665000000000004 7.1840
4.0680000000000005 7.1813
4.0695 7.1786
4.071 7.1759
4.0725 7.1732
4.074 7.1705
4.0755 7.1678
4.077 7.1651
4.0785 7.1623
4.08 7.1596
4.0815 7.1569
4.083 7.1541
4.0845 7.1513
4.086 7.1486
4.0875 7.1458
4.089 7.1430
4.0905000000000005 7.1402
4.0920000000000005 7.1374
4.0935 7.1346
4.095 7.1318
4.0965 7.1290
4.098 7.1261
4.0995 7.1233
4.101 7.1205
4.1025 7.1176
4.104 7.1147
4.1055 7.1119
4.107 7.1090
4.1085 7.1061
4.11 7.1032
4.1115 7.1003
4.113 7.0974
4.1145000000000005 7.0945
4.116 7.0916
4.1175 7.0887
4.119 7.0857
4.1205 7.0828
4.122 7.0798
4.1235 7.0769
4.125 7.0739
4.1265 7.0710
4.128 7.0680
4.1295 7.0650
4.131 7.0620
4.1325 7.0590
4.134 7.0560
4.1355 7.0530
4.1370000000000005 7.0500
4.1385000000000005 7.0470
4.14 7.0439
4.1415 7.0409
4.143 7.0379
4.1445 7.0348
4.146 7.0318
4.1475 7.0287
4.149 7.0256
4.1505 7.0226
4.152 7.0195
4.1535 7.0164
4.155 7.0133
4.1565 7.0102
4.158 7.0071
4.1595 7.0040
4.1610000000000005 7.0009
4.1625 6.9977
4.164 6.9946
4.1655 6.9915
4.167 6.9883
4.1685 6.9852
4.17 6.9820
4.1715 6.9789
4.173 6.9757
4.1745 6.9725
4.176 6.9694
4.1775 6.9662
4.179 6.9630
4.1805 6.9598
4.182 6.9566
4.1835 6.9534
4.1850000000000005 6.9502
4.1865 6.9470
4.188 6.9437
4.1895 6.9405
4.191 6.9373
4.1925 6.9340
4.194 6.9308
4.1955 6.9275
4.197 6.9243
4.1985 6.9210
4.2 6.9177
4.2015 6.9145
4.203 6.9112
4.2045 6.9079
4.206 6.9046
4.2075000000000005 6.9013
4.2090000000000005 6.8980
4.2105 6.8947
4.212 6.8914
4.2135 6.8881
4.215 6.8847
4.2165 6.8814
4.218 6.8781
4.2195 6.8747
4.221 6.8714
4.2225 6.8680
4.224 6.8647
4.2255 6.8613
4.227 6.8579
4.2285 6.8546
4.23 6.8512
4.2315000000000005 6.8478
4.233 6.8444
4.2345 6.8410
4.236 6.8376
4.2375 6.8342
4.239 6.8308
4.2405 6.8274
4.242 6.8240
4.2435 6.8206
4.245 6.8171
4.2465 6.8137
4.248 6.8103
4.2495 6.8068
4.251 6.8034
4.2525 6.7999
4.2540000000000004 6.7965
4.2555000000000005 6.7930
4.257 6.7895
4.2585 6.7861
4.26 6.7826
4.2615 6.7791
4.263 6.7756
4.2645 6.7721
4.266 6.7686
4.2675 6.7651
4.269 6.7616
4.2705 6.7581
4.272 6.7546
4.2735 6.7511
4.275 6.7476
4.2765 6.7440
4.2780000000000005 6.7405
4.2795000000000005 6.7369
4.281 6.7334
4.2825 6.7299
4.284 6.7263
4.2855 6.7227
4.287 6.7192
4.2885 6.7156
4.29 6.7121
4.2915 6.7085
4.293 6.7049
4.2945 6.7013
4.296 6.6977
4.2975 6.6941
4.299 6.6905
4.3005 6.6869
4.3020000000000005 6.6833
4.3035 6.6797
4.305 6.6761
4.3065 6.6725
4.308 6.6689
4.3095 6.6653
4.311 6.6616
4.3125 6.6580
4.314 6.6544
4.3155 6.6507
4.317 6.6471
4.3185 6.6434
4.32 6.6398
4.3215 6.6361
4.323 6.6325
4.3245000000000005 6.6288
4.3260000000000005 6.6252
4.3275 6.6215
4.329 6.6178
4.3305 6.6141
4.332 6.6105
4.3335 6.6068
4.335 6.6031
4.3365 6.5994
4.338 6.5957
4.3395 6.5920
4.341 6.5883
4.3425 6.5846
4.344 6.5809
4.3455 6.5772
4.347 6.5735
4.3485000000000005 6.5697
4.3500000000000005 6.5660
4.3515 6.5623
4.353 6.5586
4.3545 6.5548
4.356 6.5511
4.3575 6.5474
4.359 6.5436
4.3605 6.5399
4.362 6.5362
4.3635 6.5324
4.365 6.5287
4.3665 6.5249
4.368 6.5211
4.3695 6.5174
4.371 6.5136
4.3725000000000005 6.5099
4.374 6.5061
4.3755 6.5023
4.377 6.4986
4.3785 6.4948
4.38 6.4910
4.3815 6.4872
4.383 6.4834
4.3845 6.4797
4.386 6.4759
4.3875 6.4721
4.389 6.4683
4.3905 6.4645
4.392 6.4607
4.3935 6.4569
4.3950000000000005 6.4531
4.3965000000000005 6.4493
4.398 6.4455
4.3995 6.4417
4.401 6.4379
4.4025 6.4341
4.404 6.4303
4.4055 6.4265
4.407 6.4227
4.4085 6.4188
4.41 6.4150
4.4115 6.4112
4.413 6.4074
4.4145 6.4036
4.416 6.3997
4.4175 6.3959
4.4190000000000005 6.3921
4.4205 6.3883
4.422 6.3844
4.4235 6.3806
4.425 6.3768
4.4265 6.3729
4.428 6.3691
4.4295 6.3653
4.431 6.3614
4.4325 6.3576
4.434 6.3538
4.4355 6.3499
4.437 6.3461
4.4385 6.3423
4.44 6.3384
4.4415000000000004 6.3346
4.4430000000000005 6.3307
4.4445 6.3269
4.446 6.3231
4.4475 6.3192
4.449 6.3154
4.4505 6.3115
4.452 6.3077
4.4535 6.3038
4.455 6.3000
4.4565 6.2961
4.458 6.2923
4.4595 6.2884
4.461 6.2846
4.4625 6.2808
4.464 6.2769
4.4655000000000005 6.2731
4.4670000000000005 6.2692
4.4685 6.2654
4.47 6.2615
4.4715 6.2577
4.473 6.2538
4.4745 6.2500
4.476 6.2461
4.4775 6.2423
4.479 6.2385
4.4805 6.2346
4.482 6.2308
4.4835 6.2269
4.485 6.2231
4.4865 6.2193
4.488 6.2154
4.4895000000000005 6.2116
4.491 6.2077
4.4925 6.2039
4.494 6.2001
4.4955 6.1962
4.497 6.1924
4.4985 6.1886
4.5 6.1848
4.5015 6.1809
4.503 6.1771
4.5045 6.1733
4.506 6.1694
4.5075 6.1656
4.509 6.1618
4.5105 6.1580
4.5120000000000005 6.1542
4.5135000000000005 6.1503
4.515 6.1465
4.5165 6.1427
4.518 6.1389
4.5195 6.1351
4.521 6.1313
4.5225 6.1275
4.524 6.1237
4.5255 6.1199
4.527 6.1161
4.5285 6.1123
4.53 6.1085
4.5315 6.1047
4.533 6.1009
4.5345 6.0971
4.5360000000000005 6.0933
4.5375000000000005 6.0895
4.539 6.0857
4.5405 6.0819
4.542 6.0781
4.5435 6.0744
4.545 6.0706
4.5465 6.0668
4.548 6.0630
4.5495 6.0593
4.551 6.0555
4.5525 6.0517
4.554 6.0480
4.5555 6.0442
4.557 6.0405
4.5585 6.0367
4.5600000000000005 6.0330
4.5615 6.0292
4.563 6.0255
4.5645 6.0217
4.566 6.0180
4.5675 6.0143
4.569 6.0105
4.5705 6.0068
4.572 6.0031
4.5735 5.9994
4.575 5.9956
4.5765 5.9919
4.578 5.9882
4.5795 5.9845
4.581 5.9808
4.5825000000000005 5.9771
4.5840000000000005 5.9734
4.5855 5.9697
4.587 5.9660
4.5885 5.9623
4.59 5.9586
4.5915 5.9549
4.593 5.9512
4.5945 5.9476
4.596 5.9439
4.5975 5.9402
4.599 5.9366
4.6005 5.9329
4.602 5.9293
4.6035 5.9256
4.605 5.9220
4.6065000000000005 5.9183
4.6080000000000005 5.9147
4.6095 5.9110
4.611 5.9074
4.6125 5.9038
4.614 5.9001
4.6155 5.8965
4.617 5.8929
4.6185 5.8893
4.62 5.8857
4.6215 5.8821
4.623 5.8785
4.6245 5.8749
4.626 5.8713
4.6275 5.8677
4.6290000000000004 5.8641
4.6305000000000005 5.8605
4.632 5.8569
4.6335 5.8534
4.635 5.8498
4.6365 5.8462
4.638 5.8427
4.6395 5.8391
4.641 5.8356
4.6425 5.8320
4.644 5.8285
4.6455 5.8249
4.647 5.8214
4.6485 5.8179
4.65 5.8144
4.6515 5.8108
4.6530000000000005 5.8073
4.6545000000000005 5.8038
4.656 5.8003
4.6575 5.7968
4.659 5.7933
4.6605 5.7898
4.662 5.7863
4.6635 5.7829
4.665 5.7794
4.6665 5.7759
4.668 5.7724
4.6695 5.7690
4.671 5.7655
4.6725 5.7621
4.674 5.7586
4.6755 5.7552
4.6770000000000005 5.7517
4.6785 5.7483
4.68 5.7449
4.6815 5.7414
4.683 5.7380
4.6845 5.7346
4.686 5.7312
4.6875 5.7278
4.689 5.7244
4.6905 5.7210
4.692 5.7176
4.6935 5.7142
4.695 5.7109
4.6965 5.7075
4.698 5.7041
4.6995000000000005 5.7008
4.7010000000000005 5.6974
4.7025 5.6941
4.704 5.6907
4.7055 5.6874
4.707 5.6840
4.7085 5.6807
4.71 5.6774
4.7115 5.6741
4.713 5.6708
4.7145 5.6674
4.716 5.6641
4.7175 5.6608
4.719 5.6576
4.7205 5.6543
4.722 5.6510
4.7235000000000005 5.6477
4.7250000000000005 5.6444
4.7265 5.6412
4.728 5.6379
4.7295 5.6347
4.731 5.6314
4.7325 5.6282
4.734 5.6249
4.7355 5.6217
4.737 5.6185
4.7385 5.6153
4.74 5.6121
4.7415 5.6088
4.743 5.6056
4.7445 5.6024
4.746 5.5993
4.7475000000000005 5.5961
4.749 5.5929
4.7505 5.5897
4.752 5.5866
4.7535 5.5834
4.755 5.5802
4.7565 5.5771
4.758 5.5740
4.7595 5.5708
4.761 5.5677
4.7625 5.5646
4.764 5.5614
4.7655 5.5583
4.767 5.5552
4.7685 5.5521
4.7700000000000005 5.5490
4.7715000000000005 5.5460
4.773 5.5429
4.7745 5.5398
4.776 5.5367
4.7775 5.5337
4.779 5.5306
4.7805 5.5276
4.782 5.5245
4.7835 5.5215
4.785 5.5184
4.7865 5.5154
4.788 5.5124
4.7895 5.5094
4.791 5.5064
4.7925 5.5034
4.7940000000000005 5.5004
4.7955000000000005 5.4974
4.797 5.4944
4.7985 5.4915
4.8 5.4885
4.8015 5.4855
4.803 5.4826
4.8045 5.4797
4.806 5.4767
4.8075 5.4738
4.809 5.4709
4.8105 5.4679
4.812 5.4650
4.8135 5.4621
4.815 5.4592
4.8165000000000004 5.4564
4.8180000000000005 5.4535
4.8195 5.4506
4.821 5.4477
4.8225 5.4449
4.824 5.4420
4.8255 5.4392
4.827 5.4363
4.8285 5.4335
4.83 5.4307
4.8315 5.4279
4.833 5.4250
4.8345 5.4222
4.836 5.4195
4.8375 5.4167
4.839 5.4139
4.8405000000000005 5.4111
4.8420000000000005 5.4084
4.8435 5.4056
4.845 5.4029
4.8465 5.4001
4.848 5.3974
4.8495 5.3947
4.851 5.3920
4.8525 5.3892
4.854 5.3865
4.8555 5.3839
4.857 5.3812
4.8585 5.3785
4.86 5.3758
4.8615 5.3732
4.863 5.3705
4.8645000000000005 5.3679
4.866 5.3652
4.8675 5.3626
4.869 5.3600
4.8705 5.3574
4.872 5.3548
4.8735 5.3522
4.875 5.3496
4.8765 5.3470
4.878 5.3445
4.8795 5.3419
4.881 5.3394
4.8825 5.3368
4.884 5.3343
4.8855 5.3318
4.8870000000000005 5.3293
4.8885000000000005 5.3268
4.89 5.3243
4.8915 5.3218
4.893 5.3193
4.8945 5.3169
4.896 5.3144
4.8975 5.3120
4.899 5.3095
4.9005 5.3071
4.902 5.3047
4.9035 5.3023
4.905 5.2999
4.9065 5.2975
4.908 5.2952
4.9095 5.2928
4.9110000000000005 5.2904
4.9125000000000005 5.2881
4.914 5.2858
4.9155 5.2834
4.917 5.2811
4.9185 5.2788
4.92 5.2765
4.9215 5.2743
4.923 5.2720
4.9245 5.2697
4.926 5.2675
4.9275 5.2653
4.929 5.2630
4.9305 5.2608
4.932 5.2586
4.9335 5.2564
4.9350000000000005 5.2543
4.9365 5.2521
4.938 5.2500
4.9395 5.2478
4.941 5.2457
4.9425 5.2436
4.944 5.2415
4.9455 5.2394
4.947 5.2373
4.9485 5.2352
4.95 5.2332
4.9515 5.2311
4.953 5.2291
4.9545 5.2271
4.956 5.2251
4.9575000000000005 5.2231
4.9590000000000005 5.2211
4.9605 5.2192
4.962 5.2172
4.9635 5.2153
4.965 5.2134
4.9665 5.2115
4.968 5.2096
4.9695 5.2077
4.971 5.2058
4.9725 5.2040
4.974 5.2022
4.9755 5.2003
4.977 5.1985
4.9785 5.1967
4.98 5.1950
4.9815000000000005 5.1932
4.9830000000000005 5.1915
4.9845 5.1897
4.986 5.1880
4.9875 5.1863
4.989 5.1846
4.9905 5.1830
4.992 5.1813
4.9935 5.1797
4.995 5.1780
4.9965 5.1764
4.998 5.1749
4.9995 5.1733
5.001 5.1717
5.0025 5.1702
5.0040000000000004 5.1687
5.0055000000000005 5.1672
5.007 5.1657
5.0085 5.1642
5.01 5.1628
5.0115 5.1613
5.013 5.1599
5.0145 5.1585
5.016 5.1571
5.0175 5.1558
5.019 5.1544
5.0205 5.1531
5.022 5.1518
5.0235 5.1505
5.025 5.1492
5.0265 5.1480
5.0280000000000005 5.1467
5.0295000000000005 5.1455
5.031 5.1443
5.0325 5.1431
5.034 5.1420
5.0355 5.1408
5.037 5.1397
5.0385 5.1386
5.04 5.1375
5.0415 5.1365
5.043 5.1354
5.0445 5.1344
5.046 5.1334
5.0475 5.1324
5.049 5.1315
5.0505 5.1305
5.0520000000000005 5.1296
5.0535000000000005 5.1287
5.055 5.1279
5.0565 5.1270
5.058 5.1262
5.0595 5.1254
5.061 5.1246
5.0625 5.1238
5.064 5.1230
5.0655 5.1223
5.067 5.1216
5.0685 5.1209
5.07 5.1203
5.0715 5.1196
5.073 5.1190
5.0745000000000005 5.1184
5.0760000000000005 5.1178
5.0775 5.1173
5.079 5.1167
5.0805 5.1162
5.082 5.1157
5.0835 5.1153
5.085 5.1148
5.0865 5.1144
5.088 5.1140
5.0895 5.1136
5.091 5.1133
5.0925 5.1130
5.094 5.1126
5.0955 5.1124
5.097 5.1121
5.0985000000000005 5.1119
5.1000000000000005 5.1117
5.1015 5.1115
5.103 5.1113
5.1045 5.1112
5.106 5.1110
5.1075 5.1109
5.109 5.1109
5.1105 5.1108
5.112 5.1108
5.1135 5.1108
5.115 5.1108
5.1165 5.1108
5.118 5.1109
5.1195 5.1110
5.121 5.1111
5.1225000000000005 5.1112
5.124 5.1114
5.1255 5.1115
5.127 5.1117
5.1285 5.1119
5.13 5.1122
5.1315 5.1125
5.133 5.1127
5.1345 5.1131
5.136 5.1134
5.1375 5.1138
5.139 5.1141
5.1405 5.1145
5.142 5.1150
5.1435 5.1154
5.1450000000000005 5.1159
5.1465000000000005 5.1164
5.148 5.1169
5.1495 5.1174
5.151 5.1180
5.1525 5.1186
5.154 5.1192
5.1555 5.1198
5.157 5.1204
5.1585 5.1211
5.16 5.1218
5.1615 5.1225
5.163 5.1232
5.1645 5.1240
5.166 5.1248
5.1675 5.1255
5.1690000000000005 5.1264
5.1705000000000005 5.1272
5.172 5.1281
5.1735 5.1289
5.175 5.1298
5.1765 5.1308
5.178 5.1317
5.1795 5.1327
5.181 5.1337
5.1825 5.1347
5.184 5.1357
5.1855 5.1367
5.187 5.1378
5.1885 5.1389
5.19 5.1400
5.1915000000000004 5.1411
5.1930000000000005 5.1423
5.1945 5.1434
5.196 5.1446
5.1975 5.1458
5.199 5.1470
5.2005 5.1482
5.202 5.1495
5.2035 5.1508
5.205 5.1521
5.2065 5.1534
5.208 5.1547
5.2095 5.1561
5.211 5.1574
5.2125 5.1588
5.214 5.1602
5.2155000000000005 5.1616
5.2170000000000005 5.1631
5.2185 5.1645
5.22 5.1660
5.2215 5.1675
5.223 5.1690
5.2245 5.1705
5.226 5.1721
5.2275 5.1736
5.229 5.1752
5.2305 5.1768
5.232 5.1784
5.2335 5.1800
5.235 5.1816
5.2365 5.1833
5.238 5.1850
5.2395000000000005 5.1867
5.2410000000000005 5.1884
5.2425 5.1901
5.244 5.1918
5.2455 5.1936
5.247 5.1953
5.2485 5.1971
5.25 5.1989
5.2515 5.2007
5.253 5.2025
5.2545 5.2044
5.256 5.2062
5.2575 5.2081
5.259 5.2099
5.2605 5.2118
5.2620000000000005 5.2137
5.2635000000000005 5.2157
5.265 5.2176
5.2665 5.2195
5.268 5.2215
5.2695 5.2235
5.271 5.2255
5.2725 5.2275
5.274 5.2295
5.2755 5.2315
5.277 5.2335
5.2785 5.2356
5.28 5.2377
5.2815 5.2397
5.283 5.2418
5.2845 5.2439
5.2860000000000005 5.2460
5.2875000000000005 5.2482
5.289 5.2503
5.2905 5.2524
5.292 5.2546
5.2935 5.2568
5.295 5.2590
5.2965 5.2612
5.298 5.2634
5.2995 5.2656
5.301 5.2678
5.3025 5.2701
5.304 5.2723
5.3055 5.2746
5.307 5.2768
5.3085 5.2791
5.3100000000000005 5.2814
5.3115000000000006 5.2837
5.313 5.2861
5.3145 5.2884
5.316 5.2907
5.3175 5.2931
5.319 5.2954
5.3205 5.2978
5.322 5.3002
5.3235 5.3026
5.325 5.3050
5.3265 5.3074
5.328 5.3098
5.3295 5.3122
5.331 5.3147
5.3325000000000005 5.3171
5.3340000000000005 5.3196
5.3355 5.3221
5.337 5.3245
5.3385 5.3270
5.34 5.3295
5.3415 5.3320
5.343 5.3345
5.3445 5.3371
5.346 5.3396
5.3475 5.3421
5.349 5.3447
5.3505 5.3473
5.352 5.3498
5.3535 5.3524
5.355 5.3550
5.3565000000000005 5.3576
5.3580000000000005 5.3602
5.3595 5.3628
5.361 5.3654
5.3625 5.3681
5.364 5.3707
5.3655 5.3733
5.367 5.3760
5.3685 5.3787
5.37 5.3813
5.3715 5.3840
5.373 5.3867
5.3745 5.3894
5.376 5.3921
5.3775 5.3948
5.3790000000000004 5.3975
5.3805000000000005 5.4002
5.382 5.4030
5.3835 5.4057
5.385 5.4085
5.3865 5.4112
5.388 5.4140
5.3895 5.4167
5.391 5.4195
5.3925 5.4223
5.394 5.4251
5.3955 5.4279
5.397 5.4307
5.3985 5.4335
5.4 5.4363
5.4015 5.4392
5.4030000000000005 5.4420
5.4045000000000005 5.4449
5.406 5.4477
5.4075 5.4506
5.409 5.4534
5.4105 5.4563
5.412 5.4592
5.4135 5.4621
5.415 5.4650
5.4165 5.4679
5.418 5.4708
5.4195 5.4737
5.421 5.4766
5.4225 5.4796
5.424 5.4825
5.4255 5.4854
5.4270000000000005 5.4884
5.4285000000000005 5.4913
5.43 5.4943
5.4315 5.4973
5.433 5.5002
5.4345 5.5032
5.436 5.5062
5.4375 5.5092
5.439 5.5122
5.4405 5.5152
5.442 5.5182
5.4435 5.5213
5.445 5.5243
5.4465 5.5273
5.448 5.5304
5.4495000000000005 5.5334
5.4510000000000005 5.5365
5.4525 5.5395
5.454 5.5426
5.4555 5.5456
5.457 5.5487
5.4585 5.5518
5.46 5.5549
5.4615 5.5580
5.463 5.5611
5.4645 5.5642
5.466 5.5673
5.4675 5.5704
5.469 5.5736
5.4705 5.5767
5.472 5.5798
5.4735000000000005 5.5830
5.4750000000000005 5.5861
5.4765 5.5893
5.478 5.5924
5.4795 5.5956
5.481 5.5988
5.4825 5.6019
5.484 5.6051
5.4855 5.6083
5.487 5.6115
5.4885 5.6147
5.49 5.6179
5.4915 5.6211
5.493 5.6243
5.4945 5.6276
5.496 5.6308
5.4975000000000005 5.6340
5.4990000000000006 5.6373
5.5005 5.6405
5.502 5.6438
5.5035 5.6470
5.505 5.6503
5.5065 5.6535
5.508 5.6568
5.5095 5.6601
5.511 5.6634
5.5125 5.6667
5.514 5.6700
5.5155 5.6733
5.517 5.6766
5.5185 5.6799
5.5200000000000005 5.6832
5.5215000000000005 5.6865
5.523 5.6898
5.5245 5.6932
5.526 5.6965
5.5275 5.6999
5.529 5.7032
5.5305 5.7066
5.532 5.7099
5.5335 5.7133
5.535 5.7166
5.5365 5.7200
5.538 5.7234
5.5395 5.7268
5.541 5.7302
5.5425 5.7336
5.5440000000000005 5.7369
5.5455000000000005 5.7403
5.547 5.7438
5.5485 5.7472
5.55 5.7506
5.5515 5.7540
5.553 5.7574
5.5545 5.7609
5.556 5.7643
5.5575 5.7677
5.559 5.7712
5.5605 5.7746
5.562 5.7781
5.5635 5.7816
5.565 5.7850
5.5665000000000004 5.7885
5.5680000000000005 5.7920
5.5695 5.7954
5.571 5.7989
5.5725 5.8024
5.574 5.8059
5.5755 5.8094
5.577 5.8129
5.5785 5.8164
5.58 5.8199
5.5815 5.8234
5.583 5.8270
5.5845 5.8305
5.586 5.8340
5.5875 5.8375
5.589 5.8411
5.5905000000000005 5.8446
5.5920000000000005 5.8482
5.5935 5.8517
5.595 5.8553
5.5965 5.8588
5.598 5.8624
5.5995 5.8660
5.601 5.8695
5.6025 5.8731
5.604 5.8767
5.6055 5.8803
5.607 5.8839
5.6085 5.8875
5.61 5.8911
5.6115 5.8947
5.613 5.8983
5.6145000000000005 5.9019
5.6160000000000005 5.9055
5.6175 5.9091
5.619 5.9127
5.6205 5.9163
5.622 5.9200
5.6235 5.9236
5.625 5.9272
5.6265 5.9309
5.628 5.9345
5.6295 5.9381
5.631 5.9418
5.6325 5.9454
5.634 5.9491
5.6355 5.9528
5.6370000000000005 5.9564
5.6385000000000005 5.9601
5.64 5.9638
5.6415 5.9674
5.643 5.9711
5.6445 5.9748
5.646 5.9785
5.6475 5.9822
5.649 5.9858
5.6505 5.9895
5.652 5.9932
5.6535 5.9969
5.655 6.0006
5.6565 6.0043
5.658 6.0080
5.6595 6.0118
5.6610000000000005 6.0155
5.6625000000000005 6.0192
5.664 6.0229
5.6655 6.0266
5.667 6.0304
5.6685 6.0341
5.67 6.0378
5.6715 6.0415
5.673 6.0453
5.6745 6.0490
5.676 6.0528
5.6775 6.0565
5.679 6.0603
5.6805 6.0640
5.682 6.0678
5.6835 6.0715
5.6850000000000005 6.0753
5.6865000000000006 6.0790
5.688 6.0828
5.6895 6.0865
5.691 6.0903
5.6925 6.0941
5.694 6.0979
5.6955 6.1016
5.697 6.1054
5.6985 6.1092
5.7 6.1130
5.7015 6.1167
5.703 6.1205
5.7045 6.1243
5.706 6.1281
5.7075000000000005 6.1319
5.7090000000000005 6.1357
5.7105 6.1395
5.712 6.1433
5.7135 6.1470
5.715 6.1508
5.7165 6.1546
5.718 6.1584
5.7195 6.1622
5.721 6.1660
5.7225 6.1699
5.724 6.1737
5.7255 6.1775
5.727 6.1813
5.7285 6.1851
5.73 6.1889
5.7315000000000005 6.1927
5.7330000000000005 6.1965
5.7345 6.2003
5.736 6.2041
5.7375 6.2080
5.739 6.2118
5.7405 6.2156
5.742 6.2194
5.7435 6.2232
5.745 6.2270
5.7465 6.2309
5.748 6.2347
5.7495 6.2385
5.751 6.2423
5.7525 6.2462
5.7540000000000004 6.2500
5.7555000000000005 6.2538
5.757000000000001 6.2576
5.7585 6.2614
5.76 6.2653
5.7615 6.2691
5.763 6.2729
5.7645 6.2767
5.766 6.2806
5.7675 6.2844
5.769 6.2882
5.7705 6.2920
5.772 6.2958
5.7735 6.2997
5.775 6.3035
5.7765 6.3073
5.7780000000000005 6.3111
5.7795000000000005 6.3150
5.781 6.3188
5.7825 6.3226
5.784 6.3264
5.7855 6.3302
5.787 6.3341
5.7885 6.3379
5.79 6.3417
5.7915 6.3455
5.793 6.3493
5.7945 6.3532
5.796 6.3570
5.7975 6.3608
5.799 6.3646
5.8005 6.3684
5.8020000000000005 6.3722
5.8035000000000005 6.3761
5.805 6.3799
5.8065 6.3837
5.808 6.3875
5.8095 6.3913
5.811 6.3951
5.8125 6.3989
5.814 6.4027
5.8155 6.4065
5.817 6.4103
5.8185 6.4141
5.82 6.4179
5.8215 6.4217
5.823 6.4255
5.8245000000000005 6.4293
5.8260000000000005 6.4331
5.8275 6.4369
5.829 6.4406
5.8305 6.4444
5.832 6.4482
5.8335 6.4520
5.835 6.4558
5.8365 6.4595
5.838 6.4633
5.8395 6.4671
5.841 6.4709
5.8425 6.4746
5.844 6.4784
5.8455 6.4822
5.847 6.4859
5.8485000000000005 6.4897
5.8500000000000005 6.4934
5.8515 6.4972
5.853 6.5010
5.8545 6.5047
5.856 6.5085
5.8575 6.5122
5.859 6.5159
5.8605 6.5197
5.862 6.5234
5.8635 6.5272
5.865 6.5309
5.8665 6.5346
5.868 6.5383
5.8695 6.5421
5.871 6.5458
5.8725000000000005 6.5495
5.8740000000000006 6.5532
5.8755 6.5569
5.877 6.5606
5.8785 6.5644
5.88 6.5681
5.8815 6.5718
5.883 6.5755
5.8845 6.5791
5.886 6.5828
5.8875 6.5865
5.889 6.5902
5.8905 6.5939
5.892 6.5976
5.8935 6.6012
5.8950000000000005 6.6049
5.8965000000000005 6.6086
5.898 6.6122
5.8995 6.6159
5.901 6.6196
5.9025 6.6232
5.904 6.6269
5.9055 6.6305
5.907 6.6341
5.9085 6.6378
5.91 6.6414
5.9115 6.6451
5.913 6.6487
5.9145 6.6523
5.916 6.6559
5.9175 6.6595
5.9190000000000005 6.6632
5.9205000000000005 6.6668
5.922 6.6704
5.9235 6.6740
5.925 6.6776
5.9265 6.6812
5.928 6.6848
5.9295 6.6883
5.931 6.6919
5.9325 6.6955
5.934 6.6991
5.9355 6.7026
5.937 6.7062
5.9385 6.7098
5.94 6.7133
5.9415000000000004 6.7169
5.9430000000000005 6.7204
5.944500000000001 6.7240
5.946 6.7275
5.9475 6.7310
5.949 6.7346
5.9505 6.7381
5.952 6.7416
5.9535 6.7451
5.955 6.7486
5.9565 6.7522
5.958 6.7557
5.9595 6.7592
5.961 6.7626
5.9625 6.7661
5.964 6.7696
5.9655000000000005 6.7731
5.9670000000000005 6.7766
5.9685 6.7801
5.97 6.7835
5.9715 6.7870
5.973 6.7904
5.9745 6.7939
5.976 6.7973
5.9775 6.8008
5.979 6.8042
5.9805 6.8077
5.982 6.8111
5.9835 6.8145
5.985 6.8179
5.9865 6.8213
5.988 6.8248
5.9895000000000005 6.8282
5.9910000000000005 6.8316
5.9925 6.8350
5.994 6.8383
5.9955 6.8417
5.997 6.8451
5.9985 6.8485
6.0 6.8519
6.0015 6.8552
6.003 6.8586
6.0045 6.8619
6.006 6.8653
6.0075 6.8686
6.009 6.8720
6.0105 6.8753
6.0120000000000005 6.8786
6.0135000000000005 6.8820
6.015000000000001 6.8853
6.0165 6.8886
6.018 6.8919
6.0195 6.8952
6.021 6.8985
6.0225 6.9018
6.024 6.9051
6.0255 6.9084
6.027 6.9116
6.0285 6.9149
6.03 6.9182
6.0315 6.9214
6.033 6.9247
6.0345 6.9279
6.0360000000000005 6.9312
6.0375000000000005 6.9344
6.039 6.9376
6.0405 6.9409
6.042 6.9441
6.0435 6.9473
6.045 6.9505
6.0465 6.9537
6.048 6.9569
6.0495 6.9601
6.051 6.9633
6.0525 6.9665
6.054 6.9697
6.0555 6.9728
6.057 6.9760
6.0585 6.9792
6.0600000000000005 6.9823
6.0615000000000006 6.9855
6.063 6.9886
6.0645 6.9917
6.066 6.9949
6.0675 6.9980
6.069 7.0011
6.0705 7.0042
6.072 7.0073
6.0735 7.0104
6.075 7.0135
6.0765 7.0166
6.078 7.0197
6.0795 7.0228
6.081 7.0258
6.0825000000000005 7.0289
6.0840000000000005 7.0320
6.0855 7.0350
6.087 7.0381
6.0885 7.0411
6.09 7.0441
6.0915 7.0472
6.093 7.0502
6.0945 7.0532
6.096 7.0562
6.0975 7.0592
6.099 7.0622
6.1005 7.0652
6.102 7.0682
6.1035 7.0711
6.105 7.0741
6.1065000000000005 7.0771
6.1080000000000005 7.0800
6.1095 7.0830
6.111 7.0859
6.1125 7.0889
6.114 7.0918
6.1155 7.0947
6.117 7.0976
6.1185 7.1005
6.12 7.1034
6.1215 7.1063
6.123 7.1092
6.1245 7.1121
6.126 7.1150
6.1275 7.1179
6.1290000000000004 7.1207
6.1305000000000005 7.1236
6.132000000000001 7.1264
6.1335 7.1292
6.135 7.1321
6.1365 7.1349
6.138 7.1377
6.1395 7.1405
6.141 7.1433
6.1425 7.1461
6.144 7.1489
6.1455 7.1517
6.147 7.1545
6.1485 7.1573
6.15 7.1600
6.1515 7.1628
6.1530000000000005 7.1655
6.1545000000000005 7.1683
6.156 7.1710
6.1575 7.1737
6.159 7.1764
6.1605 7.1792
6.162 7.1819
6.1635 7.1845
6.165 7.1872
6.1665 7.1899
6.168 7.1926
6.1695 7.1952
6.171 7.1979
6.1725 7.2005
6.174 7.2032
6.1755 7.2058
6.1770000000000005 7.2084
6.1785000000000005 7.2110
6.18 7.2136
6.1815 7.2162
6.183 7.2188
6.1845 7.2214
6.186 7.2239
6.1875 7.2265
6.189 7.2290
6.1905 7.2316
6.192 7.2341
6.1935 7.2366
6.195 7.2392
6.1965 7.2417
6.198 7.2441
6.1995000000000005 7.2466
6.2010000000000005 7.2491
6.202500000000001 7.2516
6.204 7.2540
6.2055 7.2565
6.207 7.2589
6.2085 7.2614
6.21 7.2638
6.2115 7.2662
6.213 7.2686
6.2145 7.2710
6.216 7.2734
6.2175 7.2757
6.219 7.2781
6.2205 7.2804
6.222 7.2828
6.2235000000000005 7.2851
6.2250000000000005 7.2874
6.2265 7.2897
6.228 7.2920
6.2295 7.2943
6.231 7.2966
6.2325 7.2989
6.234 7.3011
6.2355 7.3034
6.237 7.3056
6.2385 7.3078
6.24 7.3100
6.2415 7.3122
6.243 7.3144
6.2445 7.3166
6.246 7.3188
6.2475000000000005 7.3209
6.2490000000000006 7.3231
6.2505 7.3252
6.252 7.3273
6.2535 7.3294
6.255 7.3315
6.2565 7.3336
6.258 7.3357
6.2595 7.3377
6.261 7.3398
6.2625 7.3418
6.264 7.3438
6.2655 7.3458
6.267 7.3478
6.2685 7.3498
6.2700000000000005 7.3518
6.2715000000000005 7.3537
6.273 7.3557
6.2745 7.3576
6.276 7.3595
6.2775 7.3614
6.279 7.3633
6.2805 7.3652
6.282 7.3670
6.2835 7.3689
6.285 7.3707
6.2865 7.3725
6.288 7.3743
6.2895 7.3761
6.291 7.3779
6.2925 7.3796
6.2940000000000005 7.3814
6.2955000000000005 7.3831
6.297 7.3848
6.2985 7.3865
6.3 7.3882
6.3015 7.3898
6.303 7.3915
6.3045 7.3931
6.306 7.3947
6.3075 7.3963
6.309 7.3979
6.3105 7.3995
6.312 7.4010
6.3135 7.4026
6.315 7.4041
6.3165000000000004 7.4056
6.3180000000000005 7.4071
6.319500000000001 7.4086
6.321 7.4100
6.3225 7.4115
6.324 7.4129
6.3255 7.4143
6.327 7.4157
6.3285 7.4170
6.33 7.4184
6.3315 7.4197
6.333 7.4210
6.3345 7.4223
6.336 7.4236
6.3375 7.4249
6.339 7.4261
6.3405000000000005 7.4273
6.3420000000000005 7.4285
6.3435 7.4297
6.345 7.4309
6.3465 7.4320
6.348 7.4331
6.3495 7.4342
6.351 7.4353
6.3525 7.4364
6.354 7.4374
6.3555 7.4385
6.357 7.4395
6.3585 7.4405
6.36 7.4414
6.3615 7.4424
6.363 7.4433
6.3645000000000005 7.4442
6.3660000000000005 7.4451
6.3675 7.4460
6.369 7.4468
6.3705 7.4476
6.372 7.4484
6.3735 7.4492
6.375 7.4500
6.3765 7.4507
6.378 7.4514
6.3795 7.4521
6.381 7.4528
6.3825 7.4535
6.384 7.4541
6.3855 7.4547
6.3870000000000005 7.4553
6.3885000000000005 7.4559
6.390000000000001 7.4564
6.3915 7.4569
6.393 7.4575
6.3945 7.4579
6.396 7.4584
6.3975 7.4588
6.399 7.4592
6.4005 7.4596
6.402 7.4600
6.4035 7.4603
6.405 7.4607
6.4065 7.4610
6.408 7.4612
6.4095 7.4615
6.4110000000000005 7.4617
6.4125000000000005 7.4619
6.414 7.4621
6.4155 7.4623
6.417 7.4624
6.4185 7.4626
6.42 7.4627
6.4215 7.4627
6.423 7.4628
6.4245 7.4628
6.426 7.4628
6.4275 7.4628
6.429 7.4628
6.4305 7.4627
6.432 7.4626
6.4335 7.4625
6.4350000000000005 7.4624
6.4365000000000006 7.4622
6.438 7.4621
6.4395 7.4619
6.441 7.4616
6.4425 7.4614
6.444 7.4611
6.4455 7.4608
6.447 7.4605
6.4485 7.4602
6.45 7.4598
6.4515 7.4595
6.453 7.4591
6.4545 7.4586
6.456 7.4582
6.4575000000000005 7.4577
6.4590000000000005 7.4572
6.460500000000001 7.4567
6.462 7.4562
6.4635 7.4556
6.465 7.4550
6.4665 7.4544
6.468 7.4538
6.4695 7.4532
6.471 7.4525
6.4725 7.4518
6.474 7.4511
6.4755 7.4504
6.477 7.4496
6.4785 7.4489
6.48 7.4481
6.4815000000000005 7.4473
6.4830000000000005 7.4464
6.4845 7.4456
6.486 7.4447
6.4875 7.4438
6.489 7.4429
6.4905 7.4420
6.492 7.4410
6.4935 7.4400
6.495 7.4390
6.4965 7.4380
6.498 7.4370
6.4995 7.4359
6.501 7.4348
6.5025 7.4337
6.5040000000000004 7.4326
6.5055000000000005 7.4315
6.507000000000001 7.4303
6.5085 7.4292
6.51 7.4280
6.5115 7.4268
6.513 7.4255
6.5145 7.4243
6.516 7.4230
6.5175 7.4217
6.519 7.4204
6.5205 7.4191
6.522 7.4178
6.5235 7.4164
6.525 7.4150
6.5265 7.4136
6.5280000000000005 7.4122
6.5295000000000005 7.4108
6.531 7.4094
6.5325 7.4079
6.534 7.4064
6.5355 7.4049
6.537 7.4034
6.5385 7.4019
6.54 7.4003
6.5415 7.3988
6.543 7.3972
6.5445 7.3956
6.546 7.3940
6.5475 7.3924
6.549 7.3907
6.5505 7.3891
6.5520000000000005 7.3874
6.5535000000000005 7.3857
6.555 7.3840
6.5565 7.3823
6.558 7.3806
6.5595 7.3788
6.561 7.3770
6.5625 7.3753
6.564 7.3735
6.5655 7.3717
6.567 7.3698
6.5685 7.3680
6.57 7.3662
6.5715 7.3643
6.573 7.3624
6.5745000000000005 7.3605
6.5760000000000005 7.3586
6.577500000000001 7.3567
6.579 7.3548
6.5805 7.3528
6.582 7.3509
6.5835 7.3489
6.585 7.3469
6.5865 7.3449
6.588 7.3429
6.5895 7.3409
6.591 7.3388
6.5925 7.3368
6.594 7.3347
6.5955 7.3326
6.597 7.3306
6.5985000000000005 7.3285
6.6000000000000005 7.3264
6.6015 7.3242
6.603 7.3221
6.6045 7.3200
6.606 7.3178
6.6075 7.3156
6.609 7.3134
6.6105 7.3113
6.612 7.3091
6.6135 7.3068
6.615 7.3046
6.6165 7.3024
6.618 7.3001
6.6195 7.2979
6.621 7.2956
6.6225000000000005 7.2933
6.6240000000000006 7.2910
6.6255 7.2887
6.627 7.2864
6.6285 7.2841
6.63 7.2818
6.6315 7.2794
6.633 7.2771
6.6345 7.2747
6.636 7.2723
6.6375 7.2700
6.639 7.2676
6.6405 7.2652
6.642 7.2628
6.6435 7.2603
6.6450000000000005 7.2579
6.6465000000000005 7.2555
6.648000000000001 7.2530
6.6495 7.2506
6.651 7.2481
6.6525 7.2456
6.654 7.2431
6.6555 7.2406
6.657 7.2381
6.6585 7.2356
6.66 7.2331
6.6615 7.2306
6.663 7.2280
6.6645 7.2255
6.666 7.2229
6.6675 7.2204
6.6690000000000005 7.2178
6.6705000000000005 7.2152
6.672 7.2126
6.6735 7.2100
6.675 7.2074
6.6765 7.2048
6.678 7.2022
6.6795 7.1995
6.681 7.1969
6.6825 7.1943
6.684 7.1916
6.6855 7.1889
6.687 7.1863
6.6885 7.1836
6.69 7.1809
6.6915000000000004 7.1782
6.6930000000000005 7.1755
6.694500000000001 7.1728
6.696 7.1701
6.6975 7.1674
6.699 7.1646
6.7005 7.1619
6.702 7.1591
6.7035 7.1564
6.705 7.1536
6.7065 7.1509
6.708 7.1481
6.7095 7.1453
6.711 7.1425
6.7125 7.1397
6.714 7.1369
6.7155000000000005 7.1341
6.7170000000000005 7.1313
6.718500000000001 7.1284
6.72 7.1256
6.7215 7.1227
6.723 7.1199
6.7245 7.1170
6.726 7.1142
6.7275 7.1113
6.729 7.1084
6.7305 7.1056
6.732 7.1027
6.7335 7.0998
6.735 7.0969
6.7365 7.0939
6.738 7.0910
6.7395000000000005 7.0881
6.7410000000000005 7.0852
6.7425 7.0822
6.744 7.0793
6.7455 7.0763
6.747 7.0734
6.7485 7.0704
6.75 7.0675
6.7515 7.0645
6.753 7.0615
6.7545 7.0585
6.756 7.0555
6.7575 7.0525
6.759 7.0495
6.7605 7.0465
6.7620000000000005 7.0435
6.7635000000000005 7.0405
6.765000000000001 7.0374
6.7665 7.0344
6.768 7.0313
6.7695 7.0283
6.771 7.0252
6.7725 7.0222
6.774 7.0191
6.7755 7.0160
6.777 7.0130
6.7785 7.0099
6.78 7.0068
6.7815 7.0037
6.783 7.0006
6.7845 6.9975
6.7860000000000005 6.9944
6.7875000000000005 6.9912
6.789 6.9881
6.7905 6.9850
6.792 6.9818
6.7935 6.9787
6.795 6.9756
6.7965 6.9724
6.798 6.9692
6.7995 6.9661
6.801 6.9629
6.8025 6.9597
6.804 6.9566
6.8055 6.9534
6.807 6.9502
6.8085 6.9470
6.8100000000000005 6.9438
6.8115000000000006 6.9406
6.813 6.9373
6.8145 6.9341
6.816 6.9309
6.8175 6.9277
6.819 6.9244
6.8205 6.9212
6.822 6.9179
6.8235 6.9147
6.825 6.9114
6.8265 6.9082
6.828 6.9049
6.8295 6.9016
6.831 6.8983
6.8325000000000005 6.8950
6.8340000000000005 6.8918
6.835500000000001 6.8885
6.837 6.8852
6.8385 6.8819
6.84 6.8785
6.8415 6.8752
6.843 6.8719
6.8445 6.8686
6.846 6.8652
6.8475 6.8619
6.849 6.8586
6.8505 6.8552
6.852 6.8519
6.8535 6.8485
6.855 6.8451
6.8565000000000005 6.8418
6.8580000000000005 6.8384
6.8595 6.8350
6.861 6.8317
6.8625 6.8283
6.864 6.8249
6.8655 6.8215
6.867 6.8181
6.8685 6.8147
6.87 6.8113
6.8715 6.8079
6.873 6.8044
6.8745 6.8010
6.876 6.7976
6.8775 6.7942
6.8790000000000004 6.7907
6.8805000000000005 6.7873
6.882000000000001 6.7838
6.8835 6.7804
6.885 6.7769
6.8865 6.7735
6.888 6.7700
6.8895 6.7665
6.891 6.7630
6.8925 6.7596
6.894 6.7561
6.8955 6.7526
6.897 6.7491
6.8985 6.7456
6.9 6.7421
6.9015 6.7386
6.9030000000000005 6.7351
6.9045000000000005 6.7316
6.906000000000001 6.7281
6.9075 6.7245
6.909 6.7210
6.9105 6.7175
6.912 6.7139
6.9135 6.7104
6.915 6.7069
6.9165 6.7033
6.918 6.6998
6.9195 6.6962
6.921 6.6926
6.9225 6.6891
6.924 6.6855
6.9255 6.6819
6.9270000000000005 6.6784
6.9285000000000005 6.6748
6.93 6.6712
6.9315 6.6676
6.933 6.6640
6.9345 6.6604
6.936 6.6568
6.9375 6.6532
6.939 6.6496
6.9405 6.6460
6.942 6.6424
6.9435 6.6388
6.945 6.6352
6.9465 6.6315
6.948 6.6279
6.9495000000000005 6.6243
6.9510000000000005 6.6206
6.952500000000001 6.6170
6.954 6.6134
6.9555 6.6097
6.957 6.6061
6.9585 6.6024
6.96 6.5988
6.9615 6.5951
6.963 6.5914
6.9645 6.5878
6.966 6.5841
6.9675 6.5804
6.969 6.5768
6.9705 6.5731
6.972 6.5694
6.9735000000000005 6.5657
6.9750000000000005 6.5620
6.9765 6.5583
6.978 6.5547
6.9795 6.5510
6.981 6.5473
6.9825 6.5436
6.984 6.5399
6.9855 6.5362
6.987 6.5324
6.9885 6.5287
6.99 6.5250
6.9915 6.5213
6.993 6.5176
6.9945 6.5139
6.996 6.5101
6.9975000000000005 6.5064
