x y
0.0 1.14
0.0015 1.1400
0.003 1.1400
0.0045000000000000005 1.1399
0.006 1.1399
0.0075 1.1398
0.009000000000000001 1.1396
0.0105 1.1395
0.012 1.1393
0.0135 1.1391
0.015 1.1389
0.0165 1.1387
0.018000000000000002 1.1384
0.0195 1.1381
0.021 1.1378
0.0225 1.1375
0.024 1.1371
0.025500000000000002 1.1367
0.027 1.1363
0.0285 1.1359
0.03 1.1355
0.0315 1.1350
0.033 1.1345
0.0345 1.1340
0.036000000000000004 1.1334
0.0375 1.1329
0.039 1.1323
0.0405 1.1316
0.042 1.1310
0.043500000000000004 1.1303
0.045 1.1297
0.0465 1.1290
0.048 1.1282
0.0495 1.1275
0.051000000000000004 1.1267
0.0525 1.1259
0.054 1.1251
0.0555 1.1243
0.057 1.1234
0.0585 1.1225
0.06 1.1216
0.0615 1.1207
0.063 1.1197
0.0645 1.1188
0.066 1.1178
0.0675 1.1168
0.069 1.1157
0.07050000000000001 1.1147
0.07200000000000001 1.1136
0.0735 1.1125
0.075 1.1114
0.0765 1.1102
0.078 1.1091
0.0795 1.1079
0.081 1.1067
0.0825 1.1055
0.084 1.1042
0.0855 1.1030
0.08700000000000001 1.1017
0.0885 1.1004
0.09 1.0991
0.0915 1.0977
0.093 1.0964
0.0945 1.0950
0.096 1.0936
0.0975 1.0922
0.099 1.0908
0.1005 1.0893
0.10200000000000001 1.0879
0.10350000000000001 1.0864
0.105 1.0849
0.1065 1.0833
0.108 1.0818
0.1095 1.0802
0.111 1.0787
0.1125 1.0771
0.114 1.0755
0.1155 1.0738
0.117 1.0722
0.11850000000000001 1.0705
0.12 1.0688
0.1215 1.0671
0.123 1.0654
0.1245 1.0637
0.126 1.0620
0.1275 1.0602
0.129 1.0584
0.1305 1.0566
0.132 1.0548
0.1335 1.0530
0.135 1.0511
0.1365 1.0493
0.138 1.0474
0.1395 1.0455
0.14100000000000001 1.0436
0.14250000000000002 1.0417
0.14400000000000002 1.0398
0.1455 1.0378
0.147 1.0359
0.1485 1.0339
0.15 1.0319
0.1515 1.0299
0.153 1.0279
0.1545 1.0258
0.156 1.0238
0.1575 1.0217
0.159 1.0196
0.1605 1.0176
0.162 1.0155
0.1635 1.0133
0.165 1.0112
0.1665 1.0091
0.168 1.0069
0.1695 1.0047
0.171 1.0026
0.17250000000000001 1.0004
0.17400000000000002 0.99817
0.17550000000000002 0.99594
0.177 0.99371
0.1785 0.99147
0.18 0.98921
0.1815 0.98694
0.183 0.98466
0.1845 0.98237
0.186 0.98006
0.1875 0.97774
0.189 0.97542
0.1905 0.97307
0.192 0.97072
0.1935 0.96836
0.195 0.96599
0.1965 0.96360
0.198 0.96120
0.1995 0.95879
0.201 0.95637
0.2025 0.95394
0.20400000000000001 0.95150
0.20550000000000002 0.94905
0.20700000000000002 0.94659
0.2085 0.94411
0.21 0.94163
0.2115 0.93913
0.213 0.93663
0.2145 0.93411
0.216 0.93159
0.2175 0.92905
0.219 0.92651
0.2205 0.92395
0.222 0.92138
0.2235 0.91881
0.225 0.91622
0.2265 0.91363
0.228 0.91102
0.2295 0.90841
0.231 0.90578
0.2325 0.90315
0.234 0.90050
0.23550000000000001 0.89785
0.23700000000000002 0.89519
0.23850000000000002 0.89252
0.24 0.88984
0.2415 0.88715
0.243 0.88445
0.2445 0.88174
0.246 0.87902
0.2475 0.87630
0.249 0.87356
0.2505 0.87082
0.252 0.86807
0.2535 0.86531
0.255 0.86254
0.2565 0.85976
0.258 0.85697
0.2595 0.85418
0.261 0.85137
0.2625 0.84856
0.264 0.84574
0.2655 0.84291
0.267 0.84008
0.2685 0.83723
0.27 0.83438
0.2715 0.83152
0.273 0.82865
0.2745 0.82577
0.276 0.82288
0.2775 0.81999
0.279 0.81709
0.2805 0.81418
0.28200000000000003 0.81126
0.28350000000000003 0.80834
0.28500000000000003 0.80540
0.28650000000000003 0.80246
0.28800000000000003 0.79952
0.2895 0.79656
0.291 0.79360
0.2925 0.79063
0.294 0.78765
0.2955 0.78466
0.297 0.78167
0.2985 0.77867
0.3 0.77566
0.3015 0.77265
0.303 0.76962
0.3045 0.76659
0.306 0.76356
0.3075 0.76051
0.309 0.75746
0.3105 0.75440
0.312 0.75134
0.3135 0.74827
0.315 0.74519
0.3165 0.74210
0.318 0.73901
0.3195 0.73591
0.321 0.73280
0.3225 0.72968
0.324 0.72656
0.3255 0.72343
0.327 0.72030
0.3285 0.71716
0.33 0.71401
0.3315 0.71086
0.333 0.70769
0.3345 0.70453
0.336 0.70135
0.3375 0.69817
0.339 0.69498
0.3405 0.69179
0.342 0.68859
0.3435 0.68538
0.34500000000000003 0.68216
0.34650000000000003 0.67894
0.34800000000000003 0.67572
0.34950000000000003 0.67248
0.35100000000000003 0.66924
0.3525 0.66600
0.354 0.66274
0.3555 0.65948
0.357 0.65622
0.3585 0.65295
0.36 0.64967
0.3615 0.64639
0.363 0.64310
0.3645 0.63980
0.366 0.63650
0.3675 0.63319
0.369 0.62987
0.3705 0.62655
0.372 0.62323
0.3735 0.61989
0.375 0.61656
0.3765 0.61321
0.378 0.60986
0.3795 0.60650
0.381 0.60314
0.3825 0.59977
0.384 0.59640
0.3855 0.59302
0.387 0.58963
0.3885 0.58624
0.39 0.58284
0.3915 0.57944
0.393 0.57603
0.3945 0.57262
0.396 0.56920
0.3975 0.56577
0.399 0.56234
0.4005 0.55891
0.402 0.55546
0.4035 0.55201
0.405 0.54856
0.40650000000000003 0.54510
0.40800000000000003 0.54164
0.40950000000000003 0.53817
0.41100000000000003 0.53469
0.41250000000000003 0.53121
0.41400000000000003 0.52772
0.41550000000000004 0.52423
0.417 0.52073
0.4185 0.51723
0.42 0.51372
0.4215 0.51021
0.423 0.50669
0.4245 0.50317
0.426 0.49964
0.4275 0.49610
0.429 0.49256
0.4305 0.48902
0.432 0.48547
0.4335 0.48192
0.435 0.47836
0.4365 0.47479
0.438 0.47122
0.4395 0.46765
0.441 0.46407
0.4425 0.46048
0.444 0.45689
0.4455 0.45330
0.447 0.44970
0.4485 0.44609
0.45 0.44248
0.4515 0.43887
0.453 0.43525
0.4545 0.43163
0.456 0.42800
0.4575 0.42437
0.459 0.42073
0.4605 0.41709
0.462 0.41344
0.4635 0.40979
0.465 0.40613
0.4665 0.40247
0.468 0.39881
0.46950000000000003 0.39514
0.47100000000000003 0.39147
0.47250000000000003 0.38779
0.47400000000000003 0.38411
0.47550000000000003 0.38042
0.47700000000000004 0.37673
0.47850000000000004 0.37303
0.48 0.36933
0.4815 0.36563
0.483 0.36192
0.4845 0.35821
0.486 0.35449
0.4875 0.35077
0.489 0.34705
0.4905 0.34332
0.492 0.33959
0.4935 0.33585
0.495 0.33211
0.4965 0.32837
0.498 0.32462
0.4995 0.32087
0.501 0.31711
0.5025000000000001 0.31335
0.504 0.30959
0.5055000000000001 0.30583
0.507 0.30206
0.5085000000000001 0.29828
0.51 0.29451
0.5115000000000001 0.29072
0.513 0.28694
0.5145 0.28315
0.516 0.27936
0.5175 0.27557
0.519 0.27177
0.5205 0.26797
0.522 0.26416
0.5235 0.26036
0.525 0.25655
0.5265 0.25273
0.528 0.24892
0.5295 0.24510
0.531 0.24127
0.5325 0.23745
0.534 0.23362
0.5355 0.22979
0.537 0.22595
0.5385 0.22212
0.54 0.21827
0.5415 0.21443
0.543 0.21059
0.5445 0.20674
0.546 0.20289
0.5475 0.19903
0.549 0.19518
0.5505 0.19132
0.552 0.18746
0.5535 0.18360
0.555 0.17973
0.5565 0.17586
0.558 0.17199
0.5595 0.16812
0.561 0.16425
0.5625 0.16037
0.5640000000000001 0.15649
0.5655 0.15261
0.5670000000000001 0.14873
0.5685 0.14485
0.5700000000000001 0.14096
0.5715 0.13707
0.5730000000000001 0.13318
0.5745 0.12929
0.5760000000000001 0.12540
0.5775 0.12151
0.579 0.11761
0.5805 0.11371
0.582 0.10981
0.5835 0.10591
0.585 0.10201
0.5865 0.098108
0.588 0.094204
0.5895 0.090298
0.591 0.086391
0.5925 0.082483
0.594 0.078574
0.5955 0.074664
0.597 0.070753
0.5985 0.066841
0.6 0.062928
0.6015 0.059015
0.603 0.055100
0.6045 0.051185
0.606 0.047269
0.6075 0.043353
0.609 0.039436
0.6105 0.035519
0.612 0.031601
0.6135 0.027682
0.615 0.023764
0.6165 0.019845
0.618 0.015925
0.6195 0.012006
0.621 0.0080860
0.6225 0.0041663
0.624 0.00024643
0.6255000000000001 -0.0036734
0.627 -0.0075932
0.6285000000000001 -0.011513
0.63 -0.015432
0.6315000000000001 -0.019352
0.633 -0.023271
0.6345000000000001 -0.027190
0.636 -0.031108
0.6375000000000001 -0.035026
0.639 -0.038944
0.6405 -0.042861
0.642 -0.046777
0.6435 -0.050693
0.645 -0.054608
0.6465 -0.058523
0.648 -0.062436
0.6495 -0.066349
0.651 -0.070261
0.6525 -0.074173
0.654 -0.078083
0.6555 -0.081992
0.657 -0.085900
0.6585 -0.089807
0.66 -0.093713
0.6615 -0.097617
0.663 -0.10152
0.6645 -0.10542
0.666 -0.10932
0.6675 -0.11322
0.669 -0.11712
0.6705 -0.12102
0.672 -0.12491
0.6735 -0.12880
0.675 -0.13270
0.6765 -0.13659
0.678 -0.14047
0.6795 -0.14436
0.681 -0.14824
0.6825 -0.15213
0.684 -0.15601
0.6855 -0.15989
0.687 -0.16376
0.6885 -0.16764
0.6900000000000001 -0.17151
0.6915 -0.17538
0.6930000000000001 -0.17925
0.6945 -0.18311
0.6960000000000001 -0.18698
0.6975 -0.19084
0.6990000000000001 -0.19469
0.7005 -0.19855
0.7020000000000001 -0.20240
0.7035 -0.20626
0.705 -0.21010
0.7065 -0.21395
0.708 -0.21779
0.7095 -0.22163
0.711 -0.22547
0.7125 -0.22931
0.714 -0.23314
0.7155 -0.23697
0.717 -0.24079
0.7185 -0.24462
0.72 -0.24844
0.7215 -0.25225
0.723 -0.25607
0.7245 -0.25988
0.726 -0.26369
0.7275 -0.26749
0.729 -0.27129
0.7305 -0.27509
0.732 -0.27889
0.7335 -0.28268
0.735 -0.28647
0.7365 -0.29025
0.738 -0.29403
0.7395 -0.29781
0.741 -0.30158
0.7425 -0.30535
0.744 -0.30912
0.7455 -0.31288
0.747 -0.31664
0.7485 -0.32040
0.75 -0.32415
0.7515000000000001 -0.32790
0.753 -0.33165
0.7545000000000001 -0.33539
0.756 -0.33912
0.7575000000000001 -0.34286
0.759 -0.34658
0.7605000000000001 -0.35031
0.762 -0.35403
0.7635000000000001 -0.35775
0.765 -0.36146
0.7665000000000001 -0.36517
0.768 -0.36887
0.7695 -0.37257
0.771 -0.37627
0.7725 -0.37996
0.774 -0.38365
0.7755 -0.38733
0.777 -0.39101
0.7785 -0.39468
0.78 -0.39836
0.7815 -0.40202
0.783 -0.40568
0.7845 -0.40934
0.786 -0.41299
0.7875 -0.41664
0.789 -0.42028
0.7905 -0.42392
0.792 -0.42755
0.7935 -0.43118
0.795 -0.43481
0.7965 -0.43843
0.798 -0.44204
0.7995 -0.44565
0.801 -0.44926
0.8025 -0.45286
0.804 -0.45645
0.8055 -0.46004
0.807 -0.46363
0.8085 -0.46721
0.81 -0.47079
0.8115 -0.47436
0.8130000000000001 -0.47792
0.8145 -0.48148
0.8160000000000001 -0.48504
0.8175 -0.48859
0.8190000000000001 -0.49214
0.8205 -0.49568
0.8220000000000001 -0.49921
0.8235 -0.50274
0.8250000000000001 -0.50627
0.8265 -0.50979
0.8280000000000001 -0.51330
0.8295 -0.51681
0.8310000000000001 -0.52031
0.8325 -0.52381
0.834 -0.52731
0.8355 -0.53080
0.837 -0.53428
0.8385 -0.53776
0.84 -0.54123
0.8415 -0.54469
0.843 -0.54815
0.8445 -0.55161
0.846 -0.55506
0.8475 -0.55851
0.849 -0.56194
0.8505 -0.56538
0.852 -0.56880
0.8535 -0.57223
0.855 -0.57564
0.8565 -0.57905
0.858 -0.58246
0.8595 -0.58586
0.861 -0.58925
0.8625 -0.59264
0.864 -0.59602
0.8655 -0.59940
0.867 -0.60277
0.8685 -0.60613
0.87 -0.60949
0.8715 -0.61284
0.873 -0.61619
0.8745 -0.61953
0.876 -0.62287
0.8775000000000001 -0.62619
0.879 -0.62952
0.8805000000000001 -0.63284
0.882 -0.63615
0.8835000000000001 -0.63945
0.885 -0.64275
0.8865000000000001 -0.64604
0.888 -0.64933
0.8895000000000001 -0.65261
0.891 -0.65588
0.8925000000000001 -0.65915
0.894 -0.66241
0.8955000000000001 -0.66567
0.897 -0.66892
0.8985 -0.67216
0.9 -0.67540
0.9015 -0.67863
0.903 -0.68185
0.9045 -0.68507
0.906 -0.68828
0.9075 -0.69149
0.909 -0.69469
0.9105 -0.69788
0.912 -0.70106
0.9135 -0.70424
0.915 -0.70742
0.9165 -0.71058
0.918 -0.71374
0.9195 -0.71689
0.921 -0.72004
0.9225 -0.72318
0.924 -0.72631
0.9255 -0.72944
0.927 -0.73256
0.9285 -0.73567
0.93 -0.73878
0.9315 -0.74187
0.933 -0.74497
0.9345 -0.74805
0.936 -0.75113
0.9375 -0.75420
0.9390000000000001 -0.75726
0.9405 -0.76032
0.9420000000000001 -0.76337
0.9435 -0.76641
0.9450000000000001 -0.76945
0.9465 -0.77248
0.9480000000000001 -0.77550
0.9495 -0.77851
0.9510000000000001 -0.78152
0.9525 -0.78452
0.9540000000000001 -0.78751
0.9555 -0.79049
0.9570000000000001 -0.79347
0.9585 -0.79644
0.96 -0.79940
0.9615 -0.80236
0.963 -0.80531
0.9645 -0.80825
0.966 -0.81118
0.9675 -0.81410
0.969 -0.81702
0.9705 -0.81993
0.972 -0.82283
0.9735 -0.82573
0.975 -0.82861
0.9765 -0.83149
0.978 -0.83436
0.9795 -0.83722
0.981 -0.84008
0.9825 -0.84292
0.984 -0.84576
0.9855 -0.84859
0.987 -0.85141
0.9885 -0.85422
0.99 -0.85703
0.9915 -0.85983
0.993 -0.86261
0.9945 -0.86539
0.996 -0.86817
0.9975 -0.87093
0.999 -0.87368
1.0005 -0.87643
1.002 -0.87917
1.0035 -0.88189
1.0050000000000001 -0.88461
1.0065 -0.88733
1.008 -0.89003
1.0095 -0.89272
1.0110000000000001 -0.89540
1.0125 -0.89808
1.014 -0.90074
1.0155 -0.90340
1.0170000000000001 -0.90605
1.0185 -0.90869
1.02 -0.91131
1.0215 -0.91393
1.0230000000000001 -0.91654
1.0245 -0.91915
1.026 -0.92174
1.0275 -0.92432
1.029 -0.92689
1.0305 -0.92945
1.032 -0.93200
1.0335 -0.93454
1.035 -0.93708
1.0365 -0.93960
1.038 -0.94211
1.0395 -0.94461
1.041 -0.94710
1.0425 -0.94958
1.044 -0.95205
1.0455 -0.95451
1.047 -0.95696
1.0485 -0.95940
1.05 -0.96183
1.0515 -0.96424
1.053 -0.96665
1.0545 -0.96904
1.056 -0.97143
1.0575 -0.97380
1.059 -0.97616
1.0605 -0.97851
1.062 -0.98085
1.0635000000000001 -0.98318
1.065 -0.98549
1.0665 -0.98780
1.068 -0.99009
1.0695000000000001 -0.99237
1.071 -0.99464
1.0725 -0.99690
1.074 -0.99914
1.0755000000000001 -1.0014
1.077 -1.0036
1.0785 -1.0058
1.08 -1.0080
1.0815000000000001 -1.0102
1.083 -1.0123
1.0845 -1.0145
1.086 -1.0166
1.0875000000000001 -1.0188
1.089 -1.0209
1.0905 -1.0230
1.092 -1.0251
1.0935 -1.0272
1.095 -1.0292
1.0965 -1.0313
1.098 -1.0333
1.0995 -1.0353
1.101 -1.0374
1.1025 -1.0393
1.104 -1.0413
1.1055 -1.0433
1.107 -1.0452
1.1085 -1.0472
1.11 -1.0491
1.1115 -1.0510
1.113 -1.0529
1.1145 -1.0548
1.116 -1.0567
1.1175 -1.0585
1.119 -1.0603
1.1205 -1.0622
1.122 -1.0640
1.1235 -1.0657
1.125 -1.0675
1.1265 -1.0693
1.1280000000000001 -1.0710
1.1295 -1.0727
1.131 -1.0744
1.1325 -1.0761
1.1340000000000001 -1.0778
1.1355 -1.0794
1.137 -1.0811
1.1385 -1.0827
1.1400000000000001 -1.0843
1.1415 -1.0859
1.143 -1.0875
1.1445 -1.0890
1.1460000000000001 -1.0906
1.1475 -1.0921
1.149 -1.0936
1.1505 -1.0951
1.1520000000000001 -1.0965
1.1535 -1.0980
1.155 -1.0994
1.1565 -1.1008
1.158 -1.1022
1.1595 -1.1036
1.161 -1.1049
1.1625 -1.1062
1.164 -1.1076
1.1655 -1.1089
1.167 -1.1101
1.1685 -1.1114
1.17 -1.1126
1.1715 -1.1138
1.173 -1.1150
1.1745 -1.1162
1.176 -1.1174
1.1775 -1.1185
1.179 -1.1196
1.1805 -1.1207
1.182 -1.1218
1.1835 -1.1228
1.185 -1.1239
1.1865 -1.1249
1.188 -1.1259
1.1895 -1.1268
1.191 -1.1278
1.1925000000000001 -1.1287
1.194 -1.1296
1.1955 -1.1305
1.197 -1.1314
1.1985000000000001 -1.1322
1.2 -1.1330
1.2015 -1.1338
1.203 -1.1346
1.2045000000000001 -1.1354
1.206 -1.1361
1.2075 -1.1368
1.209 -1.1375
1.2105000000000001 -1.1381
1.212 -1.1388
1.2135 -1.1394
1.215 -1.1400
1.2165 -1.1406
1.218 -1.1411
1.2195 -1.1417
1.221 -1.1422
1.2225 -1.1426
1.224 -1.1431
1.2255 -1.1435
1.227 -1.1439
1.2285 -1.1443
1.23 -1.1447
1.2315 -1.1450
1.233 -1.1454
1.2345 -1.1456
1.236 -1.1459
1.2375 -1.1462
1.239 -1.1464
1.2405 -1.1466
1.242 -1.1468
1.2435 -1.1469
1.245 -1.1470
1.2465 -1.1471
1.248 -1.1472
1.2495 -1.1473
1.2510000000000001 -1.1473
1.2525 -1.1473
1.254 -1.1473
1.2555 -1.1473
1.2570000000000001 -1.1472
1.2585 -1.1471
1.26 -1.1470
1.2615 -1.1469
1.2630000000000001 -1.1467
1.2645 -1.1466
1.266 -1.1464
1.2675 -1.1461
1.2690000000000001 -1.1459
1.2705 -1.1456
1.272 -1.1453
1.2735 -1.1450
1.2750000000000001 -1.1446
1.2765 -1.1443
1.278 -1.1439
1.2795 -1.1435
1.281 -1.1430
1.2825 -1.1426
1.284 -1.1421
1.2855 -1.1416
1.287 -1.1410
1.2885 -1.1405
1.29 -1.1399
1.2915 -1.1393
1.293 -1.1387
1.2945 -1.1380
1.296 -1.1374
1.2975 -1.1367
1.299 -1.1360
1.3005 -1.1352
1.302 -1.1345
1.3035 -1.1337
1.305 -1.1329
1.3065 -1.1321
1.308 -1.1312
1.3095 -1.1304
1.311 -1.1295
1.3125 -1.1286
1.314 -1.1276
1.3155000000000001 -1.1267
1.317 -1.1257
1.3185 -1.1247
1.32 -1.1237
1.3215000000000001 -1.1227
1.323 -1.1216
1.3245 -1.1205
1.326 -1.1194
1.3275000000000001 -1.1183
1.329 -1.1172
1.3305 -1.1160
1.332 -1.1149
1.3335000000000001 -1.1137
1.335 -1.1124
1.3365 -1.1112
1.338 -1.1099
1.3395000000000001 -1.1087
1.341 -1.1074
1.3425 -1.1060
1.344 -1.1047
1.3455 -1.1034
1.347 -1.1020
1.3485 -1.1006
1.35 -1.0992
1.3515 -1.0978
1.353 -1.0963
1.3545 -1.0948
1.356 -1.0934
1.3575 -1.0919
1.359 -1.0903
1.3605 -1.0888
1.362 -1.0872
1.3635 -1.0857
1.365 -1.0841
1.3665 -1.0825
1.368 -1.0809
1.3695 -1.0792
1.371 -1.0776
1.3725 -1.0759
1.374 -1.0742
1.3755 -1.0725
1.377 -1.0708
1.3785 -1.0690
1.3800000000000001 -1.0673
1.3815 -1.0655
1.383 -1.0637
1.3845 -1.0619
1.3860000000000001 -1.0601
1.3875 -1.0583
1.389 -1.0564
1.3905 -1.0546
1.3920000000000001 -1.0527
1.3935 -1.0508
1.395 -1.0489
1.3965 -1.0469
1.3980000000000001 -1.0450
1.3995 -1.0431
1.401 -1.0411
1.4025 -1.0391
1.4040000000000001 -1.0371
1.4055 -1.0351
1.407 -1.0331
1.4085 -1.0310
1.41 -1.0290
1.4115 -1.0269
1.413 -1.0249
1.4145 -1.0228
1.416 -1.0207
1.4175 -1.0185
1.419 -1.0164
1.4205 -1.0143
1.422 -1.0121
1.4235 -1.0099
1.425 -1.0078
1.4265 -1.0056
1.428 -1.0034
1.4295 -1.0012
1.431 -0.99892
1.4325 -0.99668
1.434 -0.99442
1.4355 -0.99216
1.437 -0.98988
1.4385000000000001 -0.98759
1.44 -0.98528
1.4415 -0.98297
1.443 -0.98065
1.4445000000000001 -0.97831
1.446 -0.97596
1.4475 -0.97360
1.449 -0.97123
1.4505000000000001 -0.96885
1.452 -0.96646
1.4535 -0.96406
1.455 -0.96164
1.4565000000000001 -0.95922
1.458 -0.95678
1.4595 -0.95434
1.461 -0.95188
1.4625000000000001 -0.94941
1.464 -0.94694
1.4655 -0.94445
1.467 -0.94195
1.4685000000000001 -0.93944
1.47 -0.93693
1.4715 -0.93440
1.473 -0.93186
1.4745 -0.92931
1.476 -0.92676
1.4775 -0.92419
1.479 -0.92161
1.4805 -0.91903
1.482 -0.91643
1.4835 -0.91383
1.485 -0.91121
1.4865 -0.90859
1.488 -0.90596
1.4895 -0.90331
1.491 -0.90066
1.4925 -0.89800
1.494 -0.89533
1.4955 -0.89265
1.497 -0.88997
1.4985 -0.88727
1.5 -0.88456
1.5015 -0.88185
1.5030000000000001 -0.87913
1.5045 -0.87640
1.506 -0.87366
1.5075 -0.87091
1.5090000000000001 -0.86815
1.5105 -0.86539
1.512 -0.86261
1.5135 -0.85983
1.5150000000000001 -0.85704
1.5165 -0.85425
1.518 -0.85144
1.5195 -0.84862
1.5210000000000001 -0.84580
1.5225 -0.84297
1.524 -0.84013
1.5255 -0.83729
1.5270000000000001 -0.83443
1.5285 -0.83157
1.53 -0.82870
1.5315 -0.82582
1.5330000000000001 -0.82293
1.5345 -0.82004
1.536 -0.81714
1.5375 -0.81423
1.539 -0.81131
1.5405 -0.80839
1.542 -0.80546
1.5435 -0.80252
1.545 -0.79957
1.5465 -0.79662
1.548 -0.79366
1.5495 -0.79069
1.551 -0.78771
1.5525 -0.78473
1.554 -0.78174
1.5555 -0.77874
1.557 -0.77574
1.5585 -0.77273
1.56 -0.76971
1.5615 -0.76668
1.563 -0.76365
1.5645 -0.76061
1.566 -0.75757
1.5675000000000001 -0.75451
1.569 -0.75145
1.5705 -0.74838
1.572 -0.74531
1.5735000000000001 -0.74223
1.575 -0.73914
1.5765 -0.73605
1.578 -0.73294
1.5795000000000001 -0.72984
1.581 -0.72672
1.5825 -0.72360
1.584 -0.72047
1.5855000000000001 -0.71734
1.587 -0.71420
1.5885 -0.71105
1.59 -0.70789
1.5915000000000001 -0.70473
1.593 -0.70157
1.5945 -0.69839
1.596 -0.69521
1.5975000000000001 -0.69203
1.599 -0.68883
1.6005 -0.68564
1.602 -0.68243
1.6035 -0.67922
1.605 -0.67600
1.6065 -0.67278
1.608 -0.66955
1.6095 -0.66631
1.611 -0.66307
1.6125 -0.65982
1.614 -0.65656
1.6155 -0.65330
1.617 -0.65003
1.6185 -0.64676
1.62 -0.64348
1.6215 -0.64020
1.623 -0.63691
1.6245 -0.63361
1.6260000000000001 -0.63031
1.6275 -0.62700
1.629 -0.62368
1.6305 -0.62036
1.6320000000000001 -0.61704
1.6335 -0.61370
1.635 -0.61037
1.6365 -0.60702
1.6380000000000001 -0.60367
1.6395 -0.60032
1.641 -0.59696
1.6425 -0.59359
1.6440000000000001 -0.59022
1.6455 -0.58684
1.647 -0.58346
1.6485 -0.58007
1.6500000000000001 -0.57667
1.6515 -0.57327
1.653 -0.56987
1.6545 -0.56645
1.6560000000000001 -0.56304
1.6575 -0.55961
1.659 -0.55619
1.6605 -0.55275
1.6620000000000001 -0.54931
1.6635 -0.54587
1.665 -0.54242
1.6665 -0.53896
1.668 -0.53550
1.6695 -0.53204
1.671 -0.52857
1.6725 -0.52509
1.674 -0.52161
1.6755 -0.51812
1.677 -0.51463
1.6785 -0.51113
1.68 -0.50763
1.6815 -0.50412
1.683 -0.50061
1.6845 -0.49709
1.686 -0.49357
1.6875 -0.49004
1.689 -0.48651
1.6905000000000001 -0.48297
1.692 -0.47943
1.6935 -0.47588
1.695 -0.47233
1.6965000000000001 -0.46877
1.698 -0.46521
1.6995 -0.46164
1.701 -0.45807
1.7025000000000001 -0.45449
1.704 -0.45091
1.7055 -0.44733
1.707 -0.44374
1.7085000000000001 -0.44014
1.71 -0.43654
1.7115 -0.43294
1.713 -0.42933
1.7145000000000001 -0.42571
1.716 -0.42209
1.7175 -0.41847
1.719 -0.41484
1.7205000000000001 -0.41121
1.722 -0.40757
1.7235 -0.40393
1.725 -0.40029
1.7265000000000001 -0.39664
1.728 -0.39298
1.7295 -0.38933
1.731 -0.38566
1.7325 -0.38200
1.734 -0.37832
1.7355 -0.37465
1.737 -0.37097
1.7385 -0.36729
1.74 -0.36360
1.7415 -0.35991
1.743 -0.35621
1.7445 -0.35251
1.746 -0.34881
1.7475 -0.34510
1.749 -0.34139
1.7505 -0.33767
1.752 -0.33396
1.7535 -0.33023
1.7550000000000001 -0.32651
1.7565 -0.32277
1.758 -0.31904
1.7595 -0.31530
1.7610000000000001 -0.31156
1.7625 -0.30782
1.764 -0.30407
1.7655 -0.30032
1.7670000000000001 -0.29656
1.7685 -0.29280
1.77 -0.28904
1.7715 -0.28527
1.7730000000000001 -0.28150
1.7745 -0.27773
1.776 -0.27395
1.7775 -0.27017
1.7790000000000001 -0.26639
1.7805 -0.26261
1.782 -0.25882
1.7835 -0.25503
1.7850000000000001 -0.25123
1.7865 -0.24743
1.788 -0.24363
1.7895 -0.23983
1.7910000000000001 -0.23602
1.7925 -0.23221
1.794 -0.22840
1.7955 -0.22459
1.797 -0.22077
1.7985 -0.21695
1.8 -0.21313
1.8015 -0.20930
1.803 -0.20547
1.8045 -0.20164
1.806 -0.19781
1.8075 -0.19397
1.809 -0.19014
1.8105 -0.18630
1.812 -0.18245
1.8135000000000001 -0.17861
1.815 -0.17476
1.8165 -0.17091
1.818 -0.16706
1.8195000000000001 -0.16321
1.821 -0.15935
1.8225 -0.15549
1.824 -0.15164
1.8255000000000001 -0.14777
1.827 -0.14391
1.8285 -0.14005
1.83 -0.13618
1.8315000000000001 -0.13231
1.833 -0.12844
1.8345 -0.12457
1.836 -0.12070
1.8375000000000001 -0.11682
1.839 -0.11295
1.8405 -0.10907
1.842 -0.10519
1.8435000000000001 -0.10131
1.845 -0.097428
1.8465 -0.093545
1.848 -0.089661
1.8495000000000001 -0.085776
1.851 -0.081890
1.8525 -0.078002
1.854 -0.074114
1.8555000000000001 -0.070225
1.857 -0.066335
1.8585 -0.062444
1.86 -0.058552
1.8615 -0.054659
1.863 -0.050766
1.8645 -0.046872
1.866 -0.042978
1.8675 -0.039083
1.869 -0.035187
1.8705 -0.031291
1.872 -0.027395
1.8735 -0.023498
1.875 -0.019601
1.8765 -0.015704
1.8780000000000001 -0.011807
1.8795 -0.0079091
1.881 -0.0040114
1.8825 -0.00011361
1.8840000000000001 0.0037842
1.8855 0.0076819
1.887 0.011579
1.8885 0.015477
1.8900000000000001 0.019374
1.8915 0.023271
1.893 0.027168
1.8945 0.031064
1.8960000000000001 0.034960
1.8975 0.038856
1.899 0.042751
1.9005 0.046645
1.9020000000000001 0.050539
1.9035 0.054433
1.905 0.058325
1.9065 0.062217
1.9080000000000001 0.066108
1.9095 0.069998
1.911 0.073887
1.9125 0.077776
1.9140000000000001 0.081663
1.9155 0.085549
1.917 0.089435
1.9185 0.093319
1.92 0.097202
1.9215 0.10108
1.923 0.10496
1.9245 0.10884
1.926 0.11272
1.9275 0.11660
1.929 0.12047
1.9305 0.12434
1.932 0.12822
1.9335 0.13209
1.935 0.13595
1.9365 0.13982
1.938 0.14369
1.9395 0.14755
1.941 0.15141
1.9425000000000001 0.15527
1.944 0.15913
1.9455 0.16298
1.947 0.16684
1.9485000000000001 0.17069
1.95 0.17454
1.9515 0.17838
1.953 0.18223
1.9545000000000001 0.18607
1.956 0.18991
1.9575 0.19375
1.959 0.19759
1.9605000000000001 0.20142
1.962 0.20525
1.9635 0.20908
1.965 0.21290
1.9665000000000001 0.21673
1.968 0.22055
1.9695 0.22437
1.971 0.22818
1.9725000000000001 0.23199
1.974 0.23580
1.9755 0.23961
1.977 0.24341
1.9785000000000001 0.24721
1.98 0.25101
1.9815 0.25481
1.983 0.25860
1.9845 0.26239
1.986 0.26617
1.9875 0.26996
1.989 0.27374
1.9905 0.27751
1.992 0.28128
1.9935 0.28505
1.995 0.28882
1.9965 0.29258
1.998 0.29634
1.9995 0.30010
2.001 0.30385
2.0025 0.30760
2.004 0.31134
2.0055 0.31509
2.007 0.31882
2.0085 0.32256
2.0100000000000002 0.32629
2.0115 0.33002
2.013 0.33374
2.0145 0.33746
2.016 0.34118
2.0175 0.34489
2.019 0.34859
2.0205 0.35230
2.0220000000000002 0.35600
2.0235 0.35969
2.025 0.36339
2.0265 0.36707
2.028 0.37076
2.0295 0.37444
2.031 0.37811
2.0325 0.38179
2.0340000000000003 0.38545
2.0355 0.38912
2.037 0.39278
2.0385 0.39643
2.04 0.40008
2.0415 0.40373
2.043 0.40737
2.0445 0.41100
2.0460000000000003 0.41464
2.0475 0.41826
2.049 0.42189
2.0505 0.42551
2.052 0.42912
2.0535 0.43273
2.055 0.43634
2.0565 0.43994
2.058 0.44353
2.0595 0.44713
2.061 0.45071
2.0625 0.45430
2.064 0.45787
2.0655 0.46144
2.067 0.46501
2.0685000000000002 0.46858
2.07 0.47213
2.0715 0.47569
2.073 0.47924
2.0745 0.48278
2.076 0.48632
2.0775 0.48985
2.079 0.49338
2.0805000000000002 0.49690
2.082 0.50042
2.0835 0.50393
2.085 0.50744
2.0865 0.51095
2.088 0.51444
2.0895 0.51794
2.091 0.52142
2.0925000000000002 0.52491
2.094 0.52838
2.0955 0.53186
2.097 0.53532
2.0985 0.53878
2.1 0.54224
2.1015 0.54569
2.103 0.54914
2.1045000000000003 0.55258
2.106 0.55601
2.1075 0.55944
2.109 0.56287
2.1105 0.56629
2.112 0.56970
2.1135 0.57311
2.115 0.57651
2.1165 0.57990
2.118 0.58330
2.1195 0.58668
2.121 0.59006
2.1225 0.59344
2.124 0.59680
2.1255 0.60017
2.1270000000000002 0.60352
2.1285 0.60687
2.13 0.61022
2.1315 0.61356
2.133 0.61689
2.1345 0.62022
2.136 0.62354
2.1375 0.62686
2.1390000000000002 0.63017
2.1405 0.63348
2.142 0.63678
2.1435 0.64007
2.145 0.64336
2.1465 0.64664
2.148 0.64992
2.1495 0.65318
2.1510000000000002 0.65645
2.1525 0.65971
2.154 0.66296
2.1555 0.66620
2.157 0.66944
2.1585 0.67267
2.16 0.67590
2.1615 0.67912
2.1630000000000003 0.68234
2.1645 0.68554
2.166 0.68875
2.1675 0.69194
2.169 0.69513
2.1705 0.69832
2.172 0.70149
2.1735 0.70466
2.1750000000000003 0.70783
2.1765 0.71098
2.178 0.71414
2.1795 0.71728
2.181 0.72042
2.1825 0.72355
2.184 0.72668
2.1855 0.72979
2.187 0.73291
2.1885 0.73601
2.19 0.73911
2.1915 0.74220
2.193 0.74529
2.1945 0.74836
2.196 0.75144
2.1975000000000002 0.75450
2.199 0.75756
2.2005 0.76061
2.202 0.76366
2.2035 0.76669
2.205 0.76972
2.2065 0.77275
2.208 0.77577
2.2095000000000002 0.77878
2.211 0.78178
2.2125 0.78477
2.214 0.78776
2.2155 0.79074
2.217 0.79372
2.2185 0.79669
2.22 0.79965
2.2215000000000003 0.80260
2.223 0.80554
2.2245 0.80848
2.226 0.81141
2.2275 0.81433
2.229 0.81725
2.2305 0.82016
2.232 0.82306
2.2335000000000003 0.82595
2.235 0.82884
2.2365 0.83172
2.238 0.83459
2.2395 0.83745
2.241 0.84030
2.2425 0.84315
2.244 0.84599
2.2455 0.84882
2.247 0.85164
2.2485 0.85446
2.25 0.85726
2.2515 0.86006
2.253 0.86285
2.2545 0.86564
2.2560000000000002 0.86841
2.2575 0.87118
2.259 0.87393
2.2605 0.87668
2.262 0.87943
2.2635 0.88216
2.265 0.88488
2.2665 0.88760
2.2680000000000002 0.89031
2.2695 0.89300
2.271 0.89569
2.2725 0.89837
2.274 0.90105
2.2755 0.90371
2.277 0.90636
2.2785 0.90901
2.2800000000000002 0.91165
2.2815 0.91427
2.283 0.91689
2.2845 0.91950
2.286 0.92210
2.2875 0.92469
2.289 0.92727
2.2905 0.92984
2.2920000000000003 0.93240
2.2935 0.93496
2.295 0.93750
2.2965 0.94003
2.298 0.94255
2.2995 0.94507
2.301 0.94757
2.3025 0.95006
2.3040000000000003 0.95255
2.3055 0.95502
2.307 0.95748
2.3085 0.95994
2.31 0.96238
2.3115 0.96481
2.313 0.96723
2.3145000000000002 0.96964
2.316 0.97204
2.3175 0.97443
2.319 0.97681
2.3205 0.97918
2.322 0.98153
2.3235 0.98388
2.325 0.98621
2.3265000000000002 0.98853
2.328 0.99085
2.3295 0.99315
2.331 0.99543
2.3325 0.99771
2.334 0.99998
2.3355 1.0022
2.337 1.0045
2.3385000000000002 1.0067
2.34 1.0089
2.3415 1.0111
2.343 1.0133
2.3445 1.0155
2.346 1.0177
2.3475 1.0198
2.349 1.0220
2.3505000000000003 1.0241
2.352 1.0262
2.3535 1.0283
2.355 1.0304
2.3565 1.0325
2.358 1.0346
2.3595 1.0366
2.361 1.0386
2.3625000000000003 1.0407
2.364 1.0427
2.3655 1.0447
2.367 1.0467
2.3685 1.0486
2.37 1.0506
2.3715 1.0525
2.373 1.0545
2.3745 1.0564
2.376 1.0583
2.3775 1.0602
2.379 1.0620
2.3805 1.0639
2.382 1.0657
2.3835 1.0675
2.3850000000000002 1.0693
2.3865 1.0711
2.388 1.0729
2.3895 1.0747
2.391 1.0764
2.3925 1.0781
2.394 1.0799
2.3955 1.0816
2.3970000000000002 1.0832
2.3985 1.0849
2.4 1.0866
2.4015 1.0882
2.403 1.0898
2.4045 1.0914
2.406 1.0930
2.4075 1.0945
2.4090000000000003 1.0961
2.4105 1.0976
2.412 1.0991
2.4135 1.1006
2.415 1.1021
2.4165 1.1036
2.418 1.1050
2.4195 1.1064
2.4210000000000003 1.1078
2.4225 1.1092
2.424 1.1106
2.4255 1.1119
2.427 1.1133
2.4285 1.1146
2.43 1.1159
2.4315 1.1171
2.433 1.1184
2.4345 1.1196
2.436 1.1208
2.4375 1.1220
2.439 1.1232
2.4405 1.1244
2.442 1.1255
2.4435000000000002 1.1266
2.445 1.1277
2.4465 1.1288
2.448 1.1298
2.4495 1.1309
2.451 1.1319
2.4525 1.1329
2.454 1.1338
2.4555000000000002 1.1348
2.457 1.1357
2.4585 1.1366
2.46 1.1375
2.4615 1.1384
2.463 1.1392
2.4645 1.1400
2.466 1.1408
2.4675000000000002 1.1416
2.469 1.1424
2.4705 1.1431
2.472 1.1438
2.4735 1.1445
2.475 1.1452
2.4765 1.1458
2.478 1.1465
2.4795000000000003 1.1471
2.481 1.1476
2.4825 1.1482
2.484 1.1487
2.4855 1.1492
2.487 1.1497
2.4885 1.1502
2.49 1.1506
2.4915000000000003 1.1511
2.493 1.1514
2.4945 1.1518
2.496 1.1522
2.4975 1.1525
2.499 1.1528
2.5005 1.1531
2.5020000000000002 1.1533
2.5035 1.1536
2.505 1.1538
2.5065 1.1540
2.508 1.1541
2.5095 1.1543
2.511 1.1544
2.5125 1.1545
2.5140000000000002 1.1545
2.5155 1.1546
2.517 1.1546
2.5185 1.1546
2.52 1.1546
2.5215 1.1545
2.523 1.1545
2.5245 1.1544
2.5260000000000002 1.1542
2.5275 1.1541
2.529 1.1539
2.5305 1.1537
2.532 1.1535
2.5335 1.1533
2.535 1.1530
2.5365 1.1528
2.5380000000000003 1.1524
2.5395 1.1521
2.541 1.1518
2.5425 1.1514
2.544 1.1510
2.5455 1.1506
2.547 1.1501
2.5485 1.1497
2.5500000000000003 1.1492
2.5515 1.1487
2.553 1.1481
2.5545 1.1476
2.556 1.1470
2.5575 1.1464
2.559 1.1457
2.5605 1.1451
2.562 1.1444
2.5635 1.1437
2.565 1.1430
2.5665 1.1423
2.568 1.1415
2.5695 1.1407
2.571 1.1399
2.5725000000000002 1.1391
2.574 1.1383
2.5755 1.1374
2.577 1.1365
2.5785 1.1356
2.58 1.1347
2.5815 1.1337
2.583 1.1327
2.5845000000000002 1.1317
2.586 1.1307
2.5875 1.1297
2.589 1.1286
2.5905 1.1276
2.592 1.1265
2.5935 1.1253
2.595 1.1242
2.5965000000000003 1.1230
2.598 1.1219
2.5995 1.1207
2.601 1.1194
2.6025 1.1182
2.604 1.1170
2.6055 1.1157
2.607 1.1144
2.6085000000000003 1.1131
2.61 1.1117
2.6115 1.1104
2.613 1.1090
2.6145 1.1076
2.616 1.1062
2.6175 1.1048
2.619 1.1034
2.6205000000000003 1.1019
2.622 1.1004
2.6235 1.0989
2.625 1.0974
2.6265 1.0959
2.628 1.0943
2.6295 1.0928
2.6310000000000002 1.0912
2.6325 1.0896
2.634 1.0880
2.6355 1.0863
2.637 1.0847
2.6385 1.0830
2.64 1.0813
2.6415 1.0796
2.6430000000000002 1.0779
2.6445 1.0762
2.646 1.0744
2.6475 1.0727
2.649 1.0709
2.6505 1.0691
2.652 1.0673
2.6535 1.0655
2.6550000000000002 1.0636
2.6565 1.0618
2.658 1.0599
2.6595 1.0580
2.661 1.0561
2.6625 1.0542
2.664 1.0523
2.6655 1.0504
2.6670000000000003 1.0484
2.6685 1.0464
2.67 1.0445
2.6715 1.0425
2.673 1.0404
2.6745 1.0384
2.676 1.0364
2.6775 1.0343
2.6790000000000003 1.0323
2.6805 1.0302
2.682 1.0281
2.6835 1.0260
2.685 1.0239
2.6865 1.0218
2.688 1.0196
2.6895000000000002 1.0175
2.691 1.0153
2.6925 1.0131
2.694 1.0109
2.6955 1.0087
2.697 1.0065
2.6985 1.0043
2.7 1.0020
2.7015000000000002 0.99978
2.703 0.99752
2.7045 0.99524
2.706 0.99296
2.7075 0.99066
2.709 0.98835
2.7105 0.98603
2.712 0.98370
2.7135000000000002 0.98136
2.715 0.97900
2.7165 0.97664
2.718 0.97426
2.7195 0.97188
2.721 0.96948
2.7225 0.96707
2.724 0.96466
2.7255000000000003 0.96223
2.727 0.95979
2.7285 0.95734
2.73 0.95488
2.7315 0.95241
2.733 0.94993
2.7345 0.94744
2.736 0.94494
2.7375000000000003 0.94244
2.739 0.93992
2.7405 0.93739
2.742 0.93485
2.7435 0.93230
2.745 0.92974
2.7465 0.92718
2.748 0.92460
2.7495000000000003 0.92202
2.751 0.91942
2.7525 0.91682
2.754 0.91420
2.7555 0.91158
2.757 0.90895
2.7585 0.90631
2.7600000000000002 0.90366
2.7615 0.90100
2.763 0.89834
2.7645 0.89566
2.766 0.89298
2.7675 0.89029
2.769 0.88759
2.7705 0.88488
2.7720000000000002 0.88216
2.7735 0.87943
2.775 0.87670
2.7765 0.87395
2.778 0.87120
2.7795 0.86844
2.781 0.86567
2.7825 0.86290
2.7840000000000003 0.86012
2.7855 0.85732
2.787 0.85452
2.7885 0.85172
2.79 0.84890
2.7915 0.84608
2.793 0.84324
2.7945 0.84040
2.7960000000000003 0.83756
2.7975 0.83470
2.799 0.83184
2.8005 0.82897
2.802 0.82609
2.8035 0.82321
2.805 0.82032
2.8065 0.81742
2.8080000000000003 0.81451
2.8095 0.81160
2.811 0.80867
2.8125 0.80575
2.814 0.80281
2.8155 0.79986
2.817 0.79691
2.8185000000000002 0.79396
2.82 0.79099
2.8215 0.78802
2.823 0.78504
2.8245 0.78205
2.826 0.77906
2.8275 0.77606
2.829 0.77305
2.8305000000000002 0.77004
2.832 0.76702
2.8335 0.76399
2.835 0.76095
2.8365 0.75791
2.838 0.75487
2.8395 0.75181
2.841 0.74875
2.8425000000000002 0.74568
2.844 0.74261
2.8455 0.73953
2.847 0.73644
2.8485 0.73334
2.85 0.73024
2.8515 0.72713
2.853 0.72402
2.8545000000000003 0.72090
2.856 0.71777
2.8575 0.71464
2.859 0.71150
2.8605 0.70835
2.862 0.70520
2.8635 0.70204
2.865 0.69888
2.8665000000000003 0.69571
2.868 0.69253
2.8695 0.68935
2.871 0.68616
2.8725 0.68296
2.874 0.67976
2.8755 0.67655
2.8770000000000002 0.67334
2.8785000000000003 0.67012
2.88 0.66689
2.8815 0.66366
2.883 0.66042
2.8845 0.65718
2.886 0.65393
2.8875 0.65067
2.8890000000000002 0.64741
2.8905 0.64415
2.892 0.64087
2.8935 0.63759
2.895 0.63431
2.8965 0.63101
2.898 0.62772
2.8995 0.62442
2.9010000000000002 0.62111
2.9025 0.61779
2.904 0.61447
2.9055 0.61115
2.907 0.60782
2.9085 0.60448
2.91 0.60114
2.9115 0.59779
2.9130000000000003 0.59444
2.9145 0.59108
2.916 0.58771
2.9175 0.58434
2.919 0.58097
2.9205 0.57759
2.922 0.57420
2.9235 0.57081
2.9250000000000003 0.56741
2.9265 0.56401
2.928 0.56060
2.9295 0.55719
2.931 0.55377
2.9325 0.55035
2.934 0.54692
2.9355 0.54348
2.9370000000000003 0.54004
2.9385 0.53660
2.94 0.53315
2.9415 0.52969
2.943 0.52623
2.9445 0.52277
2.946 0.51930
2.9475000000000002 0.51582
2.949 0.51234
2.9505 0.50885
2.952 0.50536
2.9535 0.50187
2.955 0.49837
2.9565 0.49486
2.958 0.49135
2.9595000000000002 0.48784
2.961 0.48431
2.9625 0.48079
2.964 0.47726
2.9655 0.47372
2.967 0.47019
2.9685 0.46664
2.97 0.46309
2.9715000000000003 0.45954
2.973 0.45598
2.9745 0.45242
2.976 0.44885
2.9775 0.44528
2.979 0.44170
2.9805 0.43812
2.982 0.43453
2.9835000000000003 0.43094
2.985 0.42734
2.9865 0.42375
2.988 0.42014
2.9895 0.41653
2.991 0.41292
2.9925 0.40930
2.994 0.40568
2.9955000000000003 0.40206
2.997 0.39843
2.9985 0.39479
3.0 0.39115
3.0015 0.38751
3.003 0.38386
3.0045 0.38021
3.0060000000000002 0.37656
3.0075000000000003 0.37290
3.009 0.36923
3.0105 0.36557
3.012 0.36190
3.0135 0.35822
3.015 0.35454
3.0165 0.35086
3.0180000000000002 0.34717
3.0195 0.34348
3.021 0.33979
3.0225 0.33609
3.024 0.33239
3.0255 0.32868
3.027 0.32497
3.0285 0.32126
3.0300000000000002 0.31754
3.0315 0.31382
3.033 0.31010
3.0345 0.30637
3.036 0.30264
3.0375 0.29890
3.039 0.29517
3.0405 0.29143
3.0420000000000003 0.28768
3.0435 0.28394
3.045 0.28018
3.0465 0.27643
3.048 0.27267
3.0495 0.26891
3.051 0.26515
3.0525 0.26138
3.0540000000000003 0.25761
3.0555 0.25384
3.057 0.25006
3.0585 0.24629
3.06 0.24251
3.0615 0.23872
3.063 0.23493
3.0645000000000002 0.23114
3.0660000000000003 0.22735
3.0675 0.22356
3.069 0.21976
3.0705 0.21596
3.072 0.21215
3.0735 0.20835
3.075 0.20454
3.0765000000000002 0.20073
3.078 0.19692
3.0795 0.19310
3.081 0.18928
3.0825 0.18546
3.084 0.18164
3.0855 0.17782
3.087 0.17399
3.0885000000000002 0.17016
3.09 0.16633
3.0915 0.16250
3.093 0.15867
3.0945 0.15483
3.096 0.15099
3.0975 0.14715
3.099 0.14331
3.1005000000000003 0.13946
3.102 0.13562
3.1035 0.13177
3.105 0.12792
3.1065 0.12407
3.108 0.12022
3.1095 0.11637
3.111 0.11251
3.1125000000000003 0.10866
3.114 0.10480
3.1155 0.10094
3.117 0.097078
3.1185 0.093217
3.12 0.089355
3.1215 0.085491
3.123 0.081626
3.1245000000000003 0.077760
3.126 0.073894
3.1275 0.070026
3.129 0.066158
3.1305 0.062288
3.132 0.058418
3.1335 0.054547
3.1350000000000002 0.050676
3.1365 0.046804
3.138 0.042931
3.1395 0.039058
3.141 0.035184
3.1425 0.031310
3.144 0.027435
3.1455 0.023560
3.1470000000000002 0.019685
3.1485 0.015810
3.15 0.011934
3.1515 0.0080580
3.153 0.0041821
3.1545 0.00030611
3.156 -0.0035699
3.1575 -0.0074458
3.1590000000000003 -0.011322
3.1605 -0.015197
3.162 -0.019073
3.1635 -0.022948
3.165 -0.026823
3.1665 -0.030698
3.168 -0.034572
3.1695 -0.038446
3.1710000000000003 -0.042319
3.1725 -0.046192
3.174 -0.050064
3.1755 -0.053936
3.177 -0.057807
3.1785 -0.061677
3.18 -0.065546
3.1815 -0.069415
3.1830000000000003 -0.073283
3.1845 -0.077150
3.186 -0.081015
3.1875 -0.084880
3.189 -0.088744
3.1905 -0.092607
3.192 -0.096468
3.1935000000000002 -0.10033
3.1950000000000003 -0.10419
3.1965 -0.10805
3.198 -0.11190
3.1995 -0.11576
3.201 -0.11961
3.2025 -0.12346
3.204 -0.12731
3.2055000000000002 -0.13116
3.207 -0.13501
3.2085 -0.13886
3.21 -0.14270
3.2115 -0.14654
3.213 -0.15038
3.2145 -0.15422
3.216 -0.15806
3.2175000000000002 -0.16189
3.219 -0.16573
3.2205 -0.16956
3.222 -0.17339
3.2235 -0.17721
3.225 -0.18104
3.2265 -0.18486
3.228 -0.18868
3.2295000000000003 -0.19250
3.231 -0.19632
3.2325 -0.20013
3.234 -0.20394
3.2355 -0.20775
3.237 -0.21155
3.2385 -0.21536
3.24 -0.21916
3.2415000000000003 -0.22296
3.243 -0.22675
3.2445 -0.23055
3.246 -0.23434
3.2475 -0.23812
3.249 -0.24191
3.2505 -0.24569
3.2520000000000002 -0.24947
3.2535000000000003 -0.25324
3.255 -0.25702
3.2565 -0.26079
3.258 -0.26456
3.2595 -0.26832
3.261 -0.27208
3.2625 -0.27584
3.2640000000000002 -0.27959
3.2655 -0.28334
3.267 -0.28709
3.2685 -0.29084
3.27 -0.29458
3.2715 -0.29832
3.273 -0.30205
3.2745 -0.30578
3.2760000000000002 -0.30951
3.2775 -0.31324
3.279 -0.31696
3.2805 -0.32067
3.282 -0.32439
3.2835 -0.32810
3.285 -0.33180
3.2865 -0.33551
3.2880000000000003 -0.33921
3.2895 -0.34290
3.291 -0.34659
3.2925 -0.35028
3.294 -0.35396
3.2955 -0.35764
3.297 -0.36132
3.2985 -0.36499
3.3000000000000003 -0.36866
3.3015 -0.37232
3.303 -0.37598
3.3045 -0.37964
3.306 -0.38329
3.3075 -0.38694
3.309 -0.39058
3.3105 -0.39422
3.3120000000000003 -0.39786
3.3135 -0.40149
3.315 -0.40512
3.3165 -0.40874
3.318 -0.41236
3.3195 -0.41597
3.321 -0.41958
3.3225000000000002 -0.42318
3.3240000000000003 -0.42678
3.3255 -0.43038
3.327 -0.43397
3.3285 -0.43756
3.33 -0.44114
3.3315 -0.44472
3.333 -0.44829
3.3345000000000002 -0.45186
3.336 -0.45543
3.3375 -0.45899
3.339 -0.46254
3.3405 -0.46609
3.342 -0.46964
3.3435 -0.47318
3.345 -0.47672
3.3465000000000003 -0.48025
3.348 -0.48377
3.3495 -0.48729
3.351 -0.49081
3.3525 -0.49432
3.354 -0.49783
3.3555 -0.50133
3.357 -0.50483
3.3585000000000003 -0.50832
3.36 -0.51181
3.3615 -0.51529
3.363 -0.51877
3.3645 -0.52224
3.366 -0.52571
3.3675 -0.52917
3.369 -0.53263
3.3705000000000003 -0.53608
3.372 -0.53952
3.3735 -0.54296
3.375 -0.54640
3.3765 -0.54983
3.378 -0.55326
3.3795 -0.55668
3.3810000000000002 -0.56009
3.3825000000000003 -0.56350
3.384 -0.56691
3.3855 -0.57030
3.387 -0.57370
3.3885 -0.57709
3.39 -0.58047
3.3915 -0.58385
3.3930000000000002 -0.58722
3.3945 -0.59059
3.396 -0.59395
3.3975 -0.59730
3.399 -0.60065
3.4005 -0.60400
3.402 -0.60734
3.4035 -0.61067
3.4050000000000002 -0.61400
3.4065 -0.61732
3.408 -0.62063
3.4095 -0.62395
3.411 -0.62725
3.4125 -0.63055
3.414 -0.63384
3.4155 -0.63713
3.4170000000000003 -0.64042
3.4185 -0.64369
3.42 -0.64696
3.4215 -0.65023
3.423 -0.65348
3.4245 -0.65674
3.426 -0.65998
3.4275 -0.66323
3.4290000000000003 -0.66646
3.4305 -0.66969
3.432 -0.67291
3.4335 -0.67613
3.435 -0.67934
3.4365 -0.68255
3.438 -0.68575
3.4395000000000002 -0.68894
3.4410000000000003 -0.69213
3.4425 -0.69531
3.444 -0.69848
3.4455 -0.70165
3.447 -0.70481
3.4485 -0.70797
3.45 -0.71112
3.4515000000000002 -0.71426
3.4530000000000003 -0.71740
3.4545 -0.72053
3.456 -0.72365
3.4575 -0.72677
3.459 -0.72989
3.4605 -0.73299
3.462 -0.73609
3.4635000000000002 -0.73918
3.465 -0.74227
3.4665 -0.74535
3.468 -0.74842
3.4695 -0.75149
3.471 -0.75455
3.4725 -0.75760
3.474 -0.76064
3.4755000000000003 -0.76368
3.477 -0.76672
3.4785 -0.76974
3.48 -0.77276
3.4815 -0.77577
3.483 -0.77878
3.4845 -0.78178
3.486 -0.78477
3.4875000000000003 -0.78776
3.489 -0.79074
3.4905 -0.79371
3.492 -0.79667
3.4935 -0.79963
3.495 -0.80258
3.4965 -0.80552
3.498 -0.80846
3.4995000000000003 -0.81139
3.501 -0.81431
3.5025 -0.81722
3.504 -0.82013
3.5055 -0.82303
3.507 -0.82592
3.5085 -0.82881
3.5100000000000002 -0.83169
3.5115000000000003 -0.83456
3.513 -0.83742
3.5145 -0.84027
3.516 -0.84312
3.5175 -0.84596
3.519 -0.84879
3.5205 -0.85162
3.5220000000000002 -0.85444
3.5235 -0.85725
3.525 -0.86005
3.5265 -0.86284
3.528 -0.86563
3.5295 -0.86840
3.531 -0.87117
3.5325 -0.87393
3.5340000000000003 -0.87669
3.5355 -0.87943
3.537 -0.88217
3.5385 -0.88490
3.54 -0.88762
3.5415 -0.89033
3.543 -0.89304
3.5445 -0.89573
3.5460000000000003 -0.89842
3.5475 -0.90110
3.549 -0.90377
3.5505 -0.90643
3.552 -0.90908
3.5535 -0.91173
3.555 -0.91436
3.5565 -0.91699
3.5580000000000003 -0.91961
3.5595 -0.92222
3.561 -0.92482
3.5625 -0.92741
3.564 -0.92999
3.5655 -0.93256
3.567 -0.93512
3.5685000000000002 -0.93767
3.5700000000000003 -0.94022
3.5715 -0.94275
3.573 -0.94528
3.5745 -0.94779
3.576 -0.95030
3.5775 -0.95280
3.579 -0.95528
3.5805000000000002 -0.95776
3.5820000000000003 -0.96023
3.5835 -0.96268
3.585 -0.96513
3.5865 -0.96756
3.588 -0.96999
3.5895 -0.97241
3.591 -0.97481
3.5925000000000002 -0.97721
3.594 -0.97959
3.5955 -0.98196
3.597 -0.98433
3.5985 -0.98668
3.6 -0.98902
3.6015 -0.99135
3.603 -0.99367
3.6045000000000003 -0.99598
3.606 -0.99827
3.6075 -1.0006
3.609 -1.0028
3.6105 -1.0051
3.612 -1.0074
3.6135 -1.0096
3.615 -1.0118
3.6165000000000003 -1.0140
3.618 -1.0162
3.6195 -1.0184
3.621 -1.0206
3.6225 -1.0228
3.624 -1.0249
3.6255 -1.0271
3.6270000000000002 -1.0292
3.6285000000000003 -1.0313
3.63 -1.0334
3.6315 -1.0355
3.633 -1.0376
3.6345 -1.0397
3.636 -1.0417
3.6375 -1.0438
3.6390000000000002 -1.0458
3.6405000000000003 -1.0478
3.642 -1.0498
3.6435 -1.0518
3.645 -1.0538
3.6465 -1.0557
3.648 -1.0577
3.6495 -1.0596
3.6510000000000002 -1.0615
3.6525 -1.0634
3.654 -1.0653
3.6555 -1.0672
3.657 -1.0691
3.6585 -1.0709
3.66 -1.0727
3.6615 -1.0745
3.6630000000000003 -1.0763
3.6645 -1.0781
3.666 -1.0799
3.6675 -1.0817
3.669 -1.0834
3.6705 -1.0851
3.672 -1.0868
3.6735 -1.0885
3.6750000000000003 -1.0902
3.6765 -1.0919
3.678 -1.0935
3.6795 -1.0951
3.681 -1.0967
3.6825 -1.0983
3.684 -1.0999
3.6855 -1.1015
3.6870000000000003 -1.1030
3.6885 -1.1045
3.69 -1.1060
3.6915 -1.1075
3.693 -1.1090
3.6945 -1.1105
3.696 -1.1119
3.6975000000000002 -1.1133
3.6990000000000003 -1.1147
3.7005 -1.1161
3.702 -1.1175
3.7035 -1.1188
3.705 -1.1201
3.7065 -1.1215
3.708 -1.1227
3.7095000000000002 -1.1240
3.7110000000000003 -1.1253
3.7125 -1.1265
3.714 -1.1277
3.7155 -1.1289
3.717 -1.1301
3.7185 -1.1313
3.72 -1.1324
3.7215000000000003 -1.1335
3.723 -1.1346
3.7245 -1.1357
3.726 -1.1367
3.7275 -1.1378
3.729 -1.1388
3.7305 -1.1398
3.732 -1.1408
3.7335000000000003 -1.1417
3.735 -1.1426
3.7365 -1.1436
3.738 -1.1444
3.7395 -1.1453
3.741 -1.1462
3.7425 -1.1470
3.744 -1.1478
3.7455000000000003 -1.1486
3.747 -1.1493
3.7485 -1.1501
3.75 -1.1508
3.7515 -1.1515
3.753 -1.1522
3.7545 -1.1528
3.7560000000000002 -1.1535
3.7575000000000003 -1.1541
3.759 -1.1547
3.7605 -1.1552
3.762 -1.1558
3.7635 -1.1563
3.765 -1.1568
3.7665 -1.1572
3.7680000000000002 -1.1577
3.7695000000000003 -1.1581
3.771 -1.1585
3.7725 -1.1589
3.774 -1.1593
3.7755 -1.1596
3.777 -1.1599
3.7785 -1.1602
3.7800000000000002 -1.1605
3.7815 -1.1607
3.783 -1.1610
3.7845 -1.1612
3.786 -1.1613
3.7875 -1.1615
3.789 -1.1616
3.7905 -1.1617
3.7920000000000003 -1.1618
3.7935 -1.1619
3.795 -1.1619
3.7965 -1.1619
3.798 -1.1619
3.7995 -1.1619
3.801 -1.1618
3.8025 -1.1617
3.8040000000000003 -1.1616
3.8055 -1.1615
3.807 -1.1613
3.8085 -1.1612
3.81 -1.1610
3.8115 -1.1607
3.813 -1.1605
3.8145000000000002 -1.1602
3.8160000000000003 -1.1599
3.8175 -1.1596
3.819 -1.1593
3.8205 -1.1589
3.822 -1.1586
3.8235 -1.1582
3.825 -1.1577
3.8265000000000002 -1.1573
3.8280000000000003 -1.1568
3.8295 -1.1563
3.831 -1.1558
3.8325 -1.1553
3.834 -1.1547
3.8355 -1.1541
3.837 -1.1535
3.8385000000000002 -1.1529
3.84 -1.1522
3.8415 -1.1515
3.843 -1.1508
3.8445 -1.1501
3.846 -1.1494
3.8475 -1.1486
3.849 -1.1478
3.8505000000000003 -1.1470
3.852 -1.1462
3.8535 -1.1454
3.855 -1.1445
3.8565 -1.1436
3.858 -1.1427
3.8595 -1.1418
3.861 -1.1408
3.8625000000000003 -1.1398
3.864 -1.1389
3.8655 -1.1378
3.867 -1.1368
3.8685 -1.1357
3.87 -1.1347
3.8715 -1.1336
3.873 -1.1325
3.8745000000000003 -1.1313
3.876 -1.1302
3.8775 -1.1290
3.879 -1.1278
3.8805 -1.1266
3.882 -1.1254
3.8835 -1.1241
3.8850000000000002 -1.1228
3.8865000000000003 -1.1215
3.888 -1.1202
3.8895 -1.1189
3.891 -1.1176
3.8925 -1.1162
3.894 -1.1148
3.8955 -1.1134
3.8970000000000002 -1.1120
3.8985000000000003 -1.1106
3.9 -1.1091
3.9015 -1.1076
3.903 -1.1061
3.9045 -1.1046
3.906 -1.1031
3.9075 -1.1016
3.9090000000000003 -1.1000
3.9105 -1.0984
3.912 -1.0969
3.9135 -1.0952
3.915 -1.0936
3.9165 -1.0920
3.918 -1.0903
3.9195 -1.0886
3.9210000000000003 -1.0870
3.9225 -1.0853
3.924 -1.0835
3.9255 -1.0818
3.927 -1.0800
3.9285 -1.0783
3.93 -1.0765
3.9315 -1.0747
3.9330000000000003 -1.0729
3.9345 -1.0711
3.936 -1.0692
3.9375 -1.0674
3.939 -1.0655
3.9405 -1.0636
3.942 -1.0617
3.9435000000000002 -1.0598
3.9450000000000003 -1.0579
3.9465 -1.0559
3.948 -1.0540
3.9495 -1.0520
3.951 -1.0500
3.9525 -1.0480
3.954 -1.0460
3.9555000000000002 -1.0440
3.9570000000000003 -1.0419
3.9585 -1.0399
3.96 -1.0378
3.9615 -1.0357
3.963 -1.0337
3.9645 -1.0315
3.966 -1.0294
3.9675000000000002 -1.0273
3.969 -1.0252
3.9705 -1.0230
3.972 -1.0209
3.9735 -1.0187
3.975 -1.0165
3.9765 -1.0143
3.978 -1.0121
3.9795000000000003 -1.0098
3.981 -1.0076
3.9825 -1.0054
3.984 -1.0031
3.9855 -1.0008
3.987 -0.99856
3.9885 -0.99627
3.99 -0.99396
3.9915000000000003 -0.99165
3.993 -0.98932
3.9945 -0.98698
3.996 -0.98464
3.9975 -0.98228
3.999 -0.97991
4.0005 -0.97753
4.002 -0.97514
4.0035 -0.97274
4.005 -0.97033
4.0065 -0.96791
4.008 -0.96548
4.0095 -0.96304
4.011 -0.96059
4.0125 -0.95813
4.014 -0.95566
4.0155 -0.95318
4.017 -0.95069
4.0185 -0.94819
4.0200000000000005 -0.94568
4.0215000000000005 -0.94316
4.023 -0.94063
4.0245 -0.93809
4.026 -0.93554
4.0275 -0.93299
4.029 -0.93042
4.0305 -0.92785
4.032 -0.92527
4.0335 -0.92267
4.035 -0.92007
4.0365 -0.91746
4.038 -0.91484
4.0395 -0.91221
4.041 -0.90958
4.0425 -0.90693
4.0440000000000005 -0.90428
4.0455 -0.90161
4.047 -0.89894
4.0485 -0.89626
4.05 -0.89357
4.0515 -0.89088
4.053 -0.88817
4.0545 -0.88546
4.056 -0.88274
4.0575 -0.88001
4.059 -0.87727
4.0605 -0.87453
4.062 -0.87177
4.0635 -0.86901
4.065 -0.86624
4.0665000000000004 -0.86347
4.0680000000000005 -0.86068
4.0695 -0.85789
4.071 -0.85509
4.0725 -0.85228
4.074 -0.84946
4.0755 -0.84664
4.077 -0.84381
4.0785 -0.84097
4.08 -0.83812
4.0815 -0.83527
4.083 -0.83241
4.0845 -0.82954
4.086 -0.82666
4.0875 -0.82378
4.089 -0.82089
4.0905000000000005 -0.81799
4.0920000000000005 -0.81509
4.0935 -0.81218
4.095 -0.80926
4.0965 -0.80633
4.098 -0.80340
4.0995 -0.80046
4.101 -0.79751
4.1025 -0.79456
4.104 -0.79160
4.1055 -0.78863
4.107 -0.78566
4.1085 -0.78267
4.11 -0.77969
4.1115 -0.77669
4.113 -0.77369
4.1145000000000005 -0.77068
4.116 -0.76766
4.1175 -0.76464
4.119 -0.76161
4.1205 -0.75858
4.122 -0.75554
4.1235 -0.75249
4.125 -0.74944
4.1265 -0.74637
4.128 -0.74331
4.1295 -0.74023
4.131 -0.73715
4.1325 -0.73407
4.134 -0.73097
4.1355 -0.72787
4.1370000000000005 -0.72477
4.1385000000000005 -0.72165
4.14 -0.71854
4.1415 -0.71541
4.143 -0.71228
4.1445 -0.70914
4.146 -0.70600
4.1475 -0.70285
4.149 -0.69970
4.1505 -0.69654
4.152 -0.69337
4.1535 -0.69019
4.155 -0.68701
4.1565 -0.68383
4.158 -0.68064
4.1595 -0.67744
4.1610000000000005 -0.67424
4.1625 -0.67103
4.164 -0.66781
4.1655 -0.66459
4.167 -0.66137
4.1685 -0.65813
4.17 -0.65489
4.1715 -0.65165
4.173 -0.64840
4.1745 -0.64514
4.176 -0.64188
4.1775 -0.63861
4.179 -0.63534
4.1805 -0.63206
4.182 -0.62878
4.1835 -0.62549
4.1850000000000005 -0.62219
4.1865 -0.61889
4.188 -0.61559
4.1895 -0.61227
4.191 -0.60896
4.1925 -0.60563
4.194 -0.60231
4.1955 -0.59897
4.197 -0.59563
4.1985 -0.59229
4.2 -0.58894
4.2015 -0.58558
4.203 -0.58222
4.2045 -0.57885
4.206 -0.57548
4.2075000000000005 -0.57211
4.2090000000000005 -0.56872
4.2105 -0.56534
4.212 -0.56194
4.2135 -0.55854
4.215 -0.55514
4.2165 -0.55173
4.218 -0.54832
4.2195 -0.54490
4.221 -0.54148
4.2225 -0.53805
4.224 -0.53461
4.2255 -0.53118
4.227 -0.52773
4.2285 -0.52428
4.23 -0.52083
4.2315000000000005 -0.51737
4.233 -0.51391
4.2345 -0.51044
4.236 -0.50696
4.2375 -0.50348
4.239 -0.50000
4.2405 -0.49651
4.242 -0.49302
4.2435 -0.48952
4.245 -0.48602
4.2465 -0.48251
4.248 -0.47900
4.2495 -0.47548
4.251 -0.47196
4.2525 -0.46843
4.2540000000000004 -0.46490
4.2555000000000005 -0.46137
4.257 -0.45783
4.2585 -0.45428
4.26 -0.45073
4.2615 -0.44718
4.263 -0.44362
4.2645 -0.44006
4.266 -0.43649
4.2675 -0.43292
4.269 -0.42934
4.2705 -0.42576
4.272 -0.42218
4.2735 -0.41859
4.275 -0.41499
4.2765 -0.41140
4.2780000000000005 -0.40779
4.2795000000000005 -0.40419
4.281 -0.40058
4.2825 -0.39696
4.284 -0.39334
4.2855 -0.38972
4.287 -0.38609
4.2885 -0.38246
4.29 -0.37883
4.2915 -0.37519
4.293 -0.37155
4.2945 -0.36790
4.296 -0.36425
4.2975 -0.36059
4.299 -0.35694
4.3005 -0.35327
4.3020000000000005 -0.34961
4.3035 -0.34594
4.305 -0.34226
4.3065 -0.33859
4.308 -0.33490
4.3095 -0.33122
4.311 -0.32753
4.3125 -0.32384
4.314 -0.32014
4.3155 -0.31645
4.317 -0.31274
4.3185 -0.30904
4.32 -0.30533
4.3215 -0.30161
4.323 -0.29790
4.3245000000000005 -0.29418
4.3260000000000005 -0.29046
4.3275 -0.28673
4.329 -0.28300
4.3305 -0.27927
4.332 -0.27553
4.3335 -0.27180
4.335 -0.26805
4.3365 -0.26431
4.338 -0.26056
4.3395 -0.25681
4.341 -0.25306
4.3425 -0.24930
4.344 -0.24554
4.3455 -0.24178
4.347 -0.23801
4.3485000000000005 -0.23425
4.3500000000000005 -0.23048
4.3515 -0.22670
4.353 -0.22293
4.3545 -0.21915
4.356 -0.21537
4.3575 -0.21159
4.359 -0.20780
4.3605 -0.20401
4.362 -0.20022
4.3635 -0.19643
4.365 -0.19263
4.3665 -0.18883
4.368 -0.18503
4.3695 -0.18123
4.371 -0.17743
4.3725000000000005 -0.17362
4.374 -0.16981
4.3755 -0.16600
4.377 -0.16219
4.3785 -0.15838
4.38 -0.15456
4.3815 -0.15074
4.383 -0.14693
4.3845 -0.14310
4.386 -0.13928
4.3875 -0.13546
4.389 -0.13163
4.3905 -0.12780
4.392 -0.12397
4.3935 -0.12014
4.3950000000000005 -0.11631
4.3965000000000005 -0.11247
4.398 -0.10864
4.3995 -0.10480
4.401 -0.10097
4.4025 -0.097126
4.404 -0.093286
4.4055 -0.089445
4.407 -0.085602
4.4085 -0.081759
4.41 -0.077914
4.4115 -0.074069
4.413 -0.070222
4.4145 -0.066375
4.416 -0.062527
4.4175 -0.058679
4.4190000000000005 -0.054829
4.4205 -0.050979
4.422 -0.047128
4.4235 -0.043277
4.425 -0.039425
4.4265 -0.035573
4.428 -0.031720
4.4295 -0.027867
4.431 -0.024013
4.4325 -0.020159
4.434 -0.016305
4.4355 -0.012451
4.437 -0.0085966
4.4385 -0.0047420
4.44 -0.00088744
4.4415000000000004 0.0029672
4.4430000000000005 0.0068217
4.4445 0.010676
4.446 0.014531
4.4475 0.018385
4.449 0.022239
4.4505 0.026092
4.452 0.029946
4.4535 0.033799
4.455 0.037651
4.4565 0.041504
4.458 0.045355
4.4595 0.049206
4.461 0.053057
4.4625 0.056907
4.464 0.060756
4.4655000000000005 0.064604
4.4670000000000005 0.068452
4.4685 0.072298
4.47 0.076144
4.4715 0.079989
4.473 0.083833
4.4745 0.087676
4.476 0.091518
4.4775 0.095359
4.479 0.099199
4.4805 0.10304
4.482 0.10687
4.4835 0.11071
4.485 0.11454
4.4865 0.11838
4.488 0.12221
4.4895000000000005 0.12604
4.491 0.12987
4.4925 0.13370
4.494 0.13752
4.4955 0.14135
4.497 0.14517
4.4985 0.14899
4.5 0.15281
4.5015 0.15662
4.503 0.16044
4.5045 0.16425
4.506 0.16806
4.5075 0.17187
4.509 0.17568
4.5105 0.17948
4.5120000000000005 0.18329
4.5135000000000005 0.18709
4.515 0.19089
4.5165 0.19468
4.518 0.19848
4.5195 0.20227
4.521 0.20606
4.5225 0.20984
4.524 0.21363
4.5255 0.21741
4.527 0.22119
4.5285 0.22497
4.53 0.22874
4.5315 0.23251
4.533 0.23628
4.5345 0.24005
4.5360000000000005 0.24381
4.5375000000000005 0.24757
4.539 0.25133
4.5405 0.25509
4.542 0.25884
4.5435 0.26259
4.545 0.26633
4.5465 0.27008
4.548 0.27382
4.5495 0.27755
4.551 0.28129
4.5525 0.28502
4.554 0.28874
4.5555 0.29247
4.557 0.29619
4.5585 0.29991
4.5600000000000005 0.30362
4.5615 0.30733
4.563 0.31104
4.5645 0.31474
4.566 0.31845
4.5675 0.32214
4.569 0.32584
4.5705 0.32953
4.572 0.33321
4.5735 0.33690
4.575 0.34058
4.5765 0.34425
4.578 0.34792
4.5795 0.35159
4.581 0.35526
4.5825000000000005 0.35892
4.5840000000000005 0.36257
4.5855 0.36623
4.587 0.36987
4.5885 0.37352
4.59 0.37716
4.5915 0.38080
4.593 0.38443
4.5945 0.38806
4.596 0.39168
4.5975 0.39530
4.599 0.39892
4.6005 0.40253
4.602 0.40614
4.6035 0.40975
4.605 0.41335
4.6065000000000005 0.41694
4.6080000000000005 0.42053
4.6095 0.42412
4.611 0.42770
4.6125 0.43128
4.614 0.43486
4.6155 0.43843
4.617 0.44199
4.6185 0.44555
4.62 0.44911
4.6215 0.45266
4.623 0.45621
4.6245 0.45975
4.626 0.46329
4.6275 0.46682
4.6290000000000004 0.47035
4.6305000000000005 0.47387
4.632 0.47739
4.6335 0.48091
4.635 0.48442
4.6365 0.48792
4.638 0.49143
4.6395 0.49492
4.641 0.49841
4.6425 0.50190
4.644 0.50538
4.6455 0.50886
4.647 0.51233
4.6485 0.51580
4.65 0.51926
4.6515 0.52272
4.6530000000000005 0.52617
4.6545000000000005 0.52961
4.656 0.53306
4.6575 0.53649
4.659 0.53993
4.6605 0.54335
4.662 0.54677
4.6635 0.55019
4.665 0.55360
4.6665 0.55701
4.668 0.56041
4.6695 0.56381
4.671 0.56720
4.6725 0.57058
4.674 0.57396
4.6755 0.57734
4.6770000000000005 0.58071
4.6785 0.58407
4.68 0.58743
4.6815 0.59079
4.683 0.59413
4.6845 0.59748
4.686 0.60082
4.6875 0.60415
4.689 0.60748
4.6905 0.61080
4.692 0.61411
4.6935 0.61742
4.695 0.62073
4.6965 0.62403
4.698 0.62732
4.6995000000000005 0.63061
4.7010000000000005 0.63389
4.7025 0.63717
4.704 0.64044
4.7055 0.64371
4.707 0.64697
4.7085 0.65022
4.71 0.65347
4.7115 0.65671
4.713 0.65995
4.7145 0.66318
4.716 0.66641
4.7175 0.66963
4.719 0.67284
4.7205 0.67605
4.722 0.67925
4.7235000000000005 0.68245
4.7250000000000005 0.68564
4.7265 0.68882
4.728 0.69200
4.7295 0.69518
4.731 0.69834
4.7325 0.70150
4.734 0.70466
4.7355 0.70781
4.737 0.71095
4.7385 0.71409
4.74 0.71722
4.7415 0.72034
4.743 0.72346
4.7445 0.72657
4.746 0.72968
4.7475000000000005 0.73277
4.749 0.73587
4.7505 0.73895
4.752 0.74203
4.7535 0.74511
4.755 0.74818
4.7565 0.75124
4.758 0.75429
4.7595 0.75734
4.761 0.76038
4.7625 0.76342
4.764 0.76645
4.7655 0.76947
4.767 0.77248
4.7685 0.77549
4.7700000000000005 0.77850
4.7715000000000005 0.78149
4.773 0.78448
4.7745 0.78746
4.776 0.79044
4.7775 0.79341
4.779 0.79637
4.7805 0.79932
4.782 0.80227
4.7835 0.80521
4.785 0.80815
4.7865 0.81108
4.788 0.81400
4.7895 0.81691
4.791 0.81982
4.7925 0.82272
4.7940000000000005 0.82561
4.7955000000000005 0.82849
4.797 0.83137
4.7985 0.83424
4.8 0.83711
4.8015 0.83996
4.803 0.84281
4.8045 0.84565
4.806 0.84849
4.8075 0.85131
4.809 0.85413
4.8105 0.85694
4.812 0.85975
4.8135 0.86254
4.815 0.86533
4.8165000000000004 0.86811
4.8180000000000005 0.87089
4.8195 0.87365
4.821 0.87641
4.8225 0.87916
4.824 0.88190
4.8255 0.88464
4.827 0.88736
4.8285 0.89008
4.83 0.89279
4.8315 0.89549
4.833 0.89818
4.8345 0.90087
4.836 0.90355
4.8375 0.90621
4.839 0.90887
4.8405000000000005 0.91153
4.8420000000000005 0.91417
4.8435 0.91680
4.845 0.91943
4.8465 0.92205
4.848 0.92466
4.8495 0.92726
4.851 0.92985
4.8525 0.93243
4.854 0.93500
4.8555 0.93757
4.857 0.94012
4.8585 0.94267
4.86 0.94520
4.8615 0.94773
4.863 0.95025
4.8645000000000005 0.95276
4.866 0.95526
4.8675 0.95775
4.869 0.96023
4.8705 0.96270
4.872 0.96516
4.8735 0.96761
4.875 0.97005
4.8765 0.97248
4.878 0.97490
4.8795 0.97731
4.881 0.97972
4.8825 0.98211
4.884 0.98449
4.8855 0.98686
4.8870000000000005 0.98922
4.8885000000000005 0.99157
4.89 0.99390
4.8915 0.99623
4.893 0.99855
4.8945 1.0009
4.896 1.0032
4.8975 1.0054
4.899 1.0077
4.9005 1.0100
4.902 1.0122
4.9035 1.0145
4.905 1.0167
4.9065 1.0189
4.908 1.0211
4.9095 1.0233
4.9110000000000005 1.0255
4.9125000000000005 1.0277
4.914 1.0298
4.9155 1.0320
4.917 1.0341
4.9185 1.0362
4.92 1.0383
4.9215 1.0404
4.923 1.0425
4.9245 1.0446
4.926 1.0466
4.9275 1.0487
4.929 1.0507
4.9305 1.0527
4.932 1.0547
4.9335 1.0567
4.9350000000000005 1.0587
4.9365 1.0607
4.938 1.0626
4.9395 1.0646
4.941 1.0665
4.9425 1.0684
4.944 1.0703
4.9455 1.0722
4.947 1.0740
4.9485 1.0759
4.95 1.0777
4.9515 1.0796
4.953 1.0814
4.9545 1.0832
4.956 1.0849
4.9575000000000005 1.0867
4.9590000000000005 1.0884
4.9605 1.0902
4.962 1.0919
4.9635 1.0936
4.965 1.0953
4.9665 1.0970
4.968 1.0986
4.9695 1.1003
4.971 1.1019
4.9725 1.1035
4.974 1.1051
4.9755 1.1067
4.977 1.1082
4.9785 1.1097
4.98 1.1113
4.9815000000000005 1.1128
4.9830000000000005 1.1143
4.9845 1.1157
4.986 1.1172
4.9875 1.1186
4.989 1.1201
4.9905 1.1215
4.992 1.1228
4.9935 1.1242
4.995 1.1255
4.9965 1.1269
4.998 1.1282
4.9995 1.1295
5.001 1.1308
5.0025 1.1320
5.0040000000000004 1.1332
5.0055000000000005 1.1345
5.007 1.1357
5.0085 1.1368
5.01 1.1380
5.0115 1.1391
5.013 1.1403
5.0145 1.1414
5.016 1.1424
5.0175 1.1435
5.019 1.1445
5.0205 1.1456
5.022 1.1466
5.0235 1.1475
5.025 1.1485
5.0265 1.1494
5.0280000000000005 1.1504
5.0295000000000005 1.1513
5.031 1.1521
5.0325 1.1530
5.034 1.1538
5.0355 1.1546
5.037 1.1554
5.0385 1.1562
5.04 1.1569
5.0415 1.1577
5.043 1.1584
5.0445 1.1591
5.046 1.1597
5.0475 1.1604
5.049 1.1610
5.0505 1.1616
5.0520000000000005 1.1622
5.0535000000000005 1.1627
5.055 1.1632
5.0565 1.1637
5.058 1.1642
5.0595 1.1647
5.061 1.1651
5.0625 1.1655
5.064 1.1659
5.0655 1.1663
5.067 1.1667
5.0685 1.1670
5.07 1.1673
5.0715 1.1676
5.073 1.1678
5.0745000000000005 1.1681
5.0760000000000005 1.1683
5.0775 1.1685
5.079 1.1686
5.0805 1.1688
5.082 1.1689
5.0835 1.1690
5.085 1.1691
5.0865 1.1691
5.088 1.1691
5.0895 1.1692
5.091 1.1691
5.0925 1.1691
5.094 1.1690
5.0955 1.1689
5.097 1.1688
5.0985000000000005 1.1687
5.1000000000000005 1.1685
5.1015 1.1684
5.103 1.1682
5.1045 1.1679
5.106 1.1677
5.1075 1.1674
5.109 1.1671
5.1105 1.1668
5.112 1.1665
5.1135 1.1661
5.115 1.1657
5.1165 1.1653
5.118 1.1649
5.1195 1.1644
5.121 1.1639
5.1225000000000005 1.1635
5.124 1.1629
5.1255 1.1624
5.127 1.1618
5.1285 1.1612
5.13 1.1606
5.1315 1.1600
5.133 1.1593
5.1345 1.1587
5.136 1.1580
5.1375 1.1573
5.139 1.1565
5.1405 1.1558
5.142 1.1550
5.1435 1.1542
5.1450000000000005 1.1533
5.1465000000000005 1.1525
5.148 1.1516
5.1495 1.1507
5.151 1.1498
5.1525 1.1489
5.154 1.1480
5.1555 1.1470
5.157 1.1460
5.1585 1.1450
5.16 1.1439
5.1615 1.1429
5.163 1.1418
5.1645 1.1407
5.166 1.1396
5.1675 1.1385
5.1690000000000005 1.1373
5.1705000000000005 1.1362
5.172 1.1350
5.1735 1.1338
5.175 1.1325
5.1765 1.1313
5.178 1.1300
5.1795 1.1288
5.181 1.1275
5.1825 1.1261
5.184 1.1248
5.1855 1.1234
5.187 1.1221
5.1885 1.1207
5.19 1.1193
5.1915000000000004 1.1178
5.1930000000000005 1.1164
5.1945 1.1149
5.196 1.1134
5.1975 1.1119
5.199 1.1104
5.2005 1.1089
5.202 1.1073
5.2035 1.1058
5.205 1.1042
5.2065 1.1026
5.208 1.1010
5.2095 1.0994
5.211 1.0977
5.2125 1.0960
5.214 1.0944
5.2155000000000005 1.0927
5.2170000000000005 1.0910
5.2185 1.0892
5.22 1.0875
5.2215 1.0857
5.223 1.0840
5.2245 1.0822
5.226 1.0804
5.2275 1.0786
5.229 1.0767
5.2305 1.0749
5.232 1.0730
5.2335 1.0711
5.235 1.0693
5.2365 1.0674
5.238 1.0654
5.2395000000000005 1.0635
5.2410000000000005 1.0616
5.2425 1.0596
5.244 1.0576
5.2455 1.0557
5.247 1.0537
5.2485 1.0516
5.25 1.0496
5.2515 1.0476
5.253 1.0455
5.2545 1.0435
5.256 1.0414
5.2575 1.0393
5.259 1.0372
5.2605 1.0351
5.2620000000000005 1.0330
5.2635000000000005 1.0308
5.265 1.0287
5.2665 1.0265
5.268 1.0244
5.2695 1.0222
5.271 1.0200
5.2725 1.0178
5.274 1.0155
5.2755 1.0133
5.277 1.0111
5.2785 1.0088
5.28 1.0065
5.2815 1.0043
5.283 1.0020
5.2845 0.99969
5.2860000000000005 0.99738
5.2875000000000005 0.99506
5.289 0.99273
5.2905 0.99039
5.292 0.98804
5.2935 0.98568
5.295 0.98331
5.2965 0.98093
5.298 0.97853
5.2995 0.97613
5.301 0.97372
5.3025 0.97130
5.304 0.96887
5.3055 0.96642
5.307 0.96397
5.3085 0.96151
5.3100000000000005 0.95904
5.3115000000000006 0.95656
5.313 0.95407
5.3145 0.95157
5.316 0.94906
5.3175 0.94654
5.319 0.94401
5.3205 0.94148
5.322 0.93893
5.3235 0.93638
5.325 0.93381
5.3265 0.93124
5.328 0.92866
5.3295 0.92607
5.331 0.92347
5.3325000000000005 0.92086
5.3340000000000005 0.91825
5.3355 0.91562
5.337 0.91299
5.3385 0.91035
5.34 0.90770
5.3415 0.90504
5.343 0.90237
5.3445 0.89970
5.346 0.89702
5.3475 0.89433
5.349 0.89163
5.3505 0.88892
5.352 0.88620
5.3535 0.88348
5.355 0.88075
5.3565000000000005 0.87801
5.3580000000000005 0.87526
5.3595 0.87251
5.361 0.86975
5.3625 0.86698
5.364 0.86420
5.3655 0.86142
5.367 0.85862
5.3685 0.85582
5.37 0.85302
5.3715 0.85020
5.373 0.84738
5.3745 0.84455
5.376 0.84171
5.3775 0.83887
5.3790000000000004 0.83602
5.3805000000000005 0.83316
5.382 0.83029
5.3835 0.82742
5.385 0.82454
5.3865 0.82165
5.388 0.81876
5.3895 0.81585
5.391 0.81295
5.3925 0.81003
5.394 0.80711
5.3955 0.80418
5.397 0.80124
5.3985 0.79830
5.4 0.79535
5.4015 0.79240
5.4030000000000005 0.78943
5.4045000000000005 0.78646
5.406 0.78349
5.4075 0.78050
5.409 0.77751
5.4105 0.77452
5.412 0.77152
5.4135 0.76851
5.415 0.76549
5.4165 0.76247
5.418 0.75944
5.4195 0.75641
5.421 0.75337
5.4225 0.75032
5.424 0.74727
5.4255 0.74421
5.4270000000000005 0.74114
5.4285000000000005 0.73807
5.43 0.73499
5.4315 0.73190
5.433 0.72881
5.4345 0.72571
5.436 0.72261
5.4375 0.71950
5.439 0.71639
5.4405 0.71327
5.442 0.71014
5.4435 0.70700
5.445 0.70387
5.4465 0.70072
5.448 0.69757
5.4495000000000005 0.69441
5.4510000000000005 0.69125
5.4525 0.68808
5.454 0.68490
5.4555 0.68172
5.457 0.67854
5.4585 0.67535
5.46 0.67215
5.4615 0.66894
5.463 0.66573
5.4645 0.66252
5.466 0.65930
5.4675 0.65607
5.469 0.65284
5.4705 0.64960
5.472 0.64636
5.4735000000000005 0.64311
5.4750000000000005 0.63985
5.4765 0.63659
5.478 0.63333
5.4795 0.63006
5.481 0.62678
5.4825 0.62350
5.484 0.62021
5.4855 0.61692
5.487 0.61362
5.4885 0.61032
5.49 0.60701
5.4915 0.60369
5.493 0.60037
5.4945 0.59705
5.496 0.59372
5.4975000000000005 0.59038
5.4990000000000006 0.58704
5.5005 0.58369
5.502 0.58034
5.5035 0.57698
5.505 0.57362
5.5065 0.57026
5.508 0.56688
5.5095 0.56351
5.511 0.56012
5.5125 0.55674
5.514 0.55334
5.5155 0.54994
5.517 0.54654
5.5185 0.54313
5.5200000000000005 0.53972
5.5215000000000005 0.53630
5.523 0.53288
5.5245 0.52945
5.526 0.52602
5.5275 0.52258
5.529 0.51914
5.5305 0.51569
5.532 0.51224
5.5335 0.50878
5.535 0.50532
5.5365 0.50185
5.538 0.49838
5.5395 0.49491
5.541 0.49143
5.5425 0.48794
5.5440000000000005 0.48445
5.5455000000000005 0.48096
5.547 0.47746
5.5485 0.47395
5.55 0.47045
5.5515 0.46693
5.553 0.46342
5.5545 0.45989
5.556 0.45637
5.5575 0.45284
5.559 0.44930
5.5605 0.44576
5.562 0.44222
5.5635 0.43867
5.565 0.43512
5.5665000000000004 0.43156
5.5680000000000005 0.42800
5.5695 0.42443
5.571 0.42086
5.5725 0.41729
5.574 0.41371
5.5755 0.41013
5.577 0.40654
5.5785 0.40295
5.58 0.39935
5.5815 0.39575
5.583 0.39215
5.5845 0.38855
5.586 0.38493
5.5875 0.38132
5.589 0.37770
5.5905000000000005 0.37408
5.5920000000000005 0.37045
5.5935 0.36682
5.595 0.36319
5.5965 0.35955
5.598 0.35591
5.5995 0.35226
5.601 0.34861
5.6025 0.34496
5.604 0.34130
5.6055 0.33764
5.607 0.33398
5.6085 0.33031
5.61 0.32664
5.6115 0.32296
5.613 0.31929
5.6145000000000005 0.31560
5.6160000000000005 0.31192
5.6175 0.30823
5.619 0.30454
5.6205 0.30085
5.622 0.29715
5.6235 0.29345
5.625 0.28974
5.6265 0.28603
5.628 0.28232
5.6295 0.27861
5.631 0.27489
5.6325 0.27117
5.634 0.26745
5.6355 0.26372
5.6370000000000005 0.25999
5.6385000000000005 0.25626
5.64 0.25253
5.6415 0.24879
5.643 0.24505
5.6445 0.24131
5.646 0.23756
5.6475 0.23381
5.649 0.23006
5.6505 0.22631
5.652 0.22255
5.6535 0.21879
5.655 0.21503
5.6565 0.21127
5.658 0.20750
5.6595 0.20373
5.6610000000000005 0.19996
5.6625000000000005 0.19619
5.664 0.19241
5.6655 0.18864
5.667 0.18486
5.6685 0.18108
5.67 0.17729
5.6715 0.17351
5.673 0.16972
5.6745 0.16593
5.676 0.16214
5.6775 0.15834
5.679 0.15455
5.6805 0.15075
5.682 0.14695
5.6835 0.14315
5.6850000000000005 0.13935
5.6865000000000006 0.13554
5.688 0.13174
5.6895 0.12793
5.691 0.12412
5.6925 0.12031
5.694 0.11650
5.6955 0.11268
5.697 0.10887
5.6985 0.10505
5.7 0.10124
5.7015 0.097420
5.703 0.093600
5.7045 0.089780
5.706 0.085958
5.7075000000000005 0.082136
5.7090000000000005 0.078312
5.7105 0.074488
5.712 0.070662
5.7135 0.066836
5.715 0.063009
5.7165 0.059182
5.718 0.055353
5.7195 0.051524
5.721 0.047694
5.7225 0.043864
5.724 0.040033
5.7255 0.036202
5.727 0.032370
5.7285 0.028538
5.73 0.024705
5.7315000000000005 0.020873
5.7330000000000005 0.017040
5.7345 0.013206
5.736 0.0093729
5.7375 0.0055394
5.739 0.0017058
5.7405 -0.0021278
5.742 -0.0059614
5.7435 -0.0097949
5.745 -0.013628
5.7465 -0.017461
5.748 -0.021294
5.7495 -0.025127
5.751 -0.028960
5.7525 -0.032792
5.7540000000000004 -0.036623
5.7555000000000005 -0.040455
5.757000000000001 -0.044286
5.7585 -0.048116
5.76 -0.051945
5.7615 -0.055775
5.763 -0.059603
5.7645 -0.063431
5.766 -0.067258
5.7675 -0.071084
5.769 -0.074909
5.7705 -0.078733
5.772 -0.082557
5.7735 -0.086379
5.775 -0.090201
5.7765 -0.094021
5.7780000000000005 -0.097840
5.7795000000000005 -0.10166
5.781 -0.10548
5.7825 -0.10929
5.784 -0.11311
5.7855 -0.11692
5.787 -0.12073
5.7885 -0.12454
5.79 -0.12835
5.7915 -0.13216
5.793 -0.13596
5.7945 -0.13977
5.796 -0.14357
5.7975 -0.14737
5.799 -0.15117
5.8005 -0.15497
5.8020000000000005 -0.15876
5.8035000000000005 -0.16255
5.805 -0.16635
5.8065 -0.17014
5.808 -0.17392
5.8095 -0.17771
5.811 -0.18149
5.8125 -0.18527
5.814 -0.18905
5.8155 -0.19283
5.817 -0.19661
5.8185 -0.20038
5.82 -0.20415
5.8215 -0.20792
5.823 -0.21168
5.8245000000000005 -0.21545
5.8260000000000005 -0.21921
5.8275 -0.22297
5.829 -0.22672
5.8305 -0.23048
5.832 -0.23423
5.8335 -0.23798
5.835 -0.24172
5.8365 -0.24546
5.838 -0.24920
5.8395 -0.25294
5.841 -0.25668
5.8425 -0.26041
5.844 -0.26414
5.8455 -0.26786
5.847 -0.27158
5.8485000000000005 -0.27530
5.8500000000000005 -0.27902
5.8515 -0.28273
5.853 -0.28644
5.8545 -0.29015
5.856 -0.29386
5.8575 -0.29756
5.859 -0.30125
5.8605 -0.30495
5.862 -0.30864
5.8635 -0.31233
5.865 -0.31601
5.8665 -0.31969
5.868 -0.32337
5.8695 -0.32705
5.871 -0.33072
5.8725000000000005 -0.33438
5.8740000000000006 -0.33805
5.8755 -0.34171
5.877 -0.34536
5.8785 -0.34902
5.88 -0.35267
5.8815 -0.35631
5.883 -0.35995
5.8845 -0.36359
5.886 -0.36722
5.8875 -0.37085
5.889 -0.37448
5.8905 -0.37810
5.892 -0.38172
5.8935 -0.38534
5.8950000000000005 -0.38895
5.8965000000000005 -0.39255
5.898 -0.39616
5.8995 -0.39976
5.901 -0.40335
5.9025 -0.40694
5.904 -0.41053
5.9055 -0.41411
5.907 -0.41769
5.9085 -0.42126
5.91 -0.42483
5.9115 -0.42840
5.913 -0.43196
5.9145 -0.43551
5.916 -0.43907
5.9175 -0.44262
5.9190000000000005 -0.44616
5.9205000000000005 -0.44970
5.922 -0.45323
5.9235 -0.45676
5.925 -0.46029
5.9265 -0.46381
5.928 -0.46733
5.9295 -0.47084
5.931 -0.47435
5.9325 -0.47785
5.934 -0.48135
5.9355 -0.48485
5.937 -0.48834
5.9385 -0.49182
5.94 -0.49530
5.9415000000000004 -0.49878
5.9430000000000005 -0.50225
5.944500000000001 -0.50572
5.946 -0.50918
5.9475 -0.51264
5.949 -0.51609
5.9505 -0.51954
5.952 -0.52298
5.9535 -0.52642
5.955 -0.52985
5.9565 -0.53328
5.958 -0.53670
5.9595 -0.54012
5.961 -0.54353
5.9625 -0.54694
5.964 -0.55034
5.9655000000000005 -0.55374
5.9670000000000005 -0.55713
5.9685 -0.56052
5.97 -0.56390
5.9715 -0.56728
5.973 -0.57065
5.9745 -0.57402
5.976 -0.57738
5.9775 -0.58074
5.979 -0.58409
5.9805 -0.58744
5.982 -0.59078
5.9835 -0.59412
5.985 -0.59745
5.9865 -0.60077
5.988 -0.60410
5.9895000000000005 -0.60741
5.9910000000000005 -0.61072
5.9925 -0.61403
5.994 -0.61732
5.9955 -0.62062
5.997 -0.62391
5.9985 -0.62719
6.0 -0.63047
6.0015 -0.63374
6.003 -0.63701
6.0045 -0.64027
6.006 -0.64352
6.0075 -0.64677
6.009 -0.65002
6.0105 -0.65326
6.0120000000000005 -0.65649
6.0135000000000005 -0.65972
6.015000000000001 -0.66294
6.0165 -0.66616
6.018 -0.66937
6.0195 -0.67257
6.021 -0.67577
6.0225 -0.67897
6.024 -0.68216
6.0255 -0.68534
6.027 -0.68852
6.0285 -0.69169
6.03 -0.69485
6.0315 -0.69801
6.033 -0.70116
6.0345 -0.70431
6.0360000000000005 -0.70745
6.0375000000000005 -0.71059
6.039 -0.71372
6.0405 -0.71684
6.042 -0.71996
6.0435 -0.72307
6.045 -0.72618
6.0465 -0.72927
6.048 -0.73237
6.0495 -0.73546
6.051 -0.73854
6.0525 -0.74161
6.054 -0.74468
6.0555 -0.74774
6.057 -0.75080
6.0585 -0.75385
6.0600000000000005 -0.75689
6.0615000000000006 -0.75993
6.063 -0.76296
6.0645 -0.76599
6.066 -0.76900
6.0675 -0.77202
6.069 -0.77502
6.0705 -0.77802
6.072 -0.78101
6.0735 -0.78400
6.075 -0.78698
6.0765 -0.78995
6.078 -0.79292
6.0795 -0.79588
6.081 -0.79883
6.0825000000000005 -0.80178
6.0840000000000005 -0.80472
6.0855 -0.80766
6.087 -0.81058
6.0885 -0.81350
6.09 -0.81641
6.0915 -0.81932
6.093 -0.82222
6.0945 -0.82511
6.096 -0.82800
6.0975 -0.83088
6.099 -0.83375
6.1005 -0.83661
6.102 -0.83947
6.1035 -0.84232
6.105 -0.84516
6.1065000000000005 -0.84800
6.1080000000000005 -0.85082
6.1095 -0.85365
6.111 -0.85646
6.1125 -0.85927
6.114 -0.86207
6.1155 -0.86486
6.117 -0.86764
6.1185 -0.87042
6.12 -0.87319
6.1215 -0.87595
6.123 -0.87870
6.1245 -0.88145
6.126 -0.88419
6.1275 -0.88692
6.1290000000000004 -0.88964
6.1305000000000005 -0.89236
6.132000000000001 -0.89507
6.1335 -0.89777
6.135 -0.90046
6.1365 -0.90314
6.138 -0.90582
6.1395 -0.90848
6.141 -0.91114
6.1425 -0.91379
6.144 -0.91644
6.1455 -0.91907
6.147 -0.92170
6.1485 -0.92431
6.15 -0.92692
6.1515 -0.92952
6.1530000000000005 -0.93212
6.1545000000000005 -0.93470
6.156 -0.93727
6.1575 -0.93984
6.159 -0.94240
6.1605 -0.94494
6.162 -0.94748
6.1635 -0.95001
6.165 -0.95253
6.1665 -0.95505
6.168 -0.95755
6.1695 -0.96004
6.171 -0.96253
6.1725 -0.96500
6.174 -0.96747
6.1755 -0.96992
6.1770000000000005 -0.97237
6.1785000000000005 -0.97481
6.18 -0.97723
6.1815 -0.97965
6.183 -0.98206
6.1845 -0.98446
6.186 -0.98684
6.1875 -0.98922
6.189 -0.99159
6.1905 -0.99394
6.192 -0.99629
6.1935 -0.99863
6.195 -1.0010
6.1965 -1.0033
6.198 -1.0056
6.1995000000000005 -1.0079
6.2010000000000005 -1.0101
6.202500000000001 -1.0124
6.204 -1.0147
6.2055 -1.0169
6.207 -1.0192
6.2085 -1.0214
6.21 -1.0236
6.2115 -1.0258
6.213 -1.0280
6.2145 -1.0302
6.216 -1.0324
6.2175 -1.0345
6.219 -1.0367
6.2205 -1.0388
6.222 -1.0409
6.2235000000000005 -1.0430
6.2250000000000005 -1.0451
6.2265 -1.0472
6.228 -1.0493
6.2295 -1.0514
6.231 -1.0534
6.2325 -1.0555
6.234 -1.0575
6.2355 -1.0595
6.237 -1.0615
6.2385 -1.0635
6.24 -1.0654
6.2415 -1.0674
6.243 -1.0693
6.2445 -1.0713
6.246 -1.0732
6.2475000000000005 -1.0751
6.2490000000000006 -1.0770
6.2505 -1.0789
6.252 -1.0807
6.2535 -1.0826
6.255 -1.0844
6.2565 -1.0862
6.258 -1.0880
6.2595 -1.0898
6.261 -1.0916
6.2625 -1.0934
6.264 -1.0951
6.2655 -1.0968
6.267 -1.0985
6.2685 -1.1002
6.2700000000000005 -1.1019
6.2715000000000005 -1.1036
6.273 -1.1053
6.2745 -1.1069
6.276 -1.1085
6.2775 -1.1101
6.279 -1.1117
6.2805 -1.1133
6.282 -1.1148
6.2835 -1.1164
6.285 -1.1179
6.2865 -1.1194
6.288 -1.1209
6.2895 -1.1224
6.291 -1.1238
6.2925 -1.1253
6.2940000000000005 -1.1267
6.2955000000000005 -1.1281
6.297 -1.1295
6.2985 -1.1308
6.3 -1.1322
6.3015 -1.1335
6.303 -1.1348
6.3045 -1.1361
6.306 -1.1374
6.3075 -1.1386
6.309 -1.1399
6.3105 -1.1411
6.312 -1.1423
6.3135 -1.1435
6.315 -1.1447
6.3165000000000004 -1.1458
6.3180000000000005 -1.1469
6.319500000000001 -1.1480
6.321 -1.1491
6.3225 -1.1502
6.324 -1.1512
6.3255 -1.1523
6.327 -1.1533
6.3285 -1.1542
6.33 -1.1552
6.3315 -1.1562
6.333 -1.1571
6.3345 -1.1580
6.336 -1.1589
6.3375 -1.1597
6.339 -1.1606
6.3405000000000005 -1.1614
6.3420000000000005 -1.1622
6.3435 -1.1630
6.345 -1.1637
6.3465 -1.1645
6.348 -1.1652
6.3495 -1.1659
6.351 -1.1666
6.3525 -1.1672
6.354 -1.1678
6.3555 -1.1684
6.357 -1.1690
6.3585 -1.1696
6.36 -1.1701
6.3615 -1.1706
6.363 -1.1711
6.3645000000000005 -1.1716
6.3660000000000005 -1.1721
6.3675 -1.1725
6.369 -1.1729
6.3705 -1.1733
6.372 -1.1737
6.3735 -1.1740
6.375 -1.1743
6.3765 -1.1746
6.378 -1.1749
6.3795 -1.1751
6.381 -1.1754
6.3825 -1.1756
6.384 -1.1758
6.3855 -1.1759
6.3870000000000005 -1.1760
6.3885000000000005 -1.1762
6.390000000000001 -1.1762
6.3915 -1.1763
6.393 -1.1764
6.3945 -1.1764
6.396 -1.1764
6.3975 -1.1764
6.399 -1.1763
6.4005 -1.1762
6.402 -1.1761
6.4035 -1.1760
6.405 -1.1759
6.4065 -1.1757
6.408 -1.1755
6.4095 -1.1753
6.4110000000000005 -1.1751
6.4125000000000005 -1.1749
6.414 -1.1746
6.4155 -1.1743
6.417 -1.1740
6.4185 -1.1736
6.42 -1.1733
6.4215 -1.1729
6.423 -1.1725
6.4245 -1.1720
6.426 -1.1716
6.4275 -1.1711
6.429 -1.1706
6.4305 -1.1701
6.432 -1.1695
6.4335 -1.1690
6.4350000000000005 -1.1684
6.4365000000000006 -1.1678
6.438 -1.1671
6.4395 -1.1665
6.441 -1.1658
6.4425 -1.1651
6.444 -1.1644
6.4455 -1.1637
6.447 -1.1629
6.4485 -1.1621
6.45 -1.1613
6.4515 -1.1605
6.453 -1.1597
6.4545 -1.1588
6.456 -1.1579
6.4575000000000005 -1.1570
6.4590000000000005 -1.1561
6.460500000000001 -1.1551
6.462 -1.1542
6.4635 -1.1532
6.465 -1.1522
6.4665 -1.1511
6.468 -1.1501
6.4695 -1.1490
6.471 -1.1479
6.4725 -1.1468
6.474 -1.1457
6.4755 -1.1446
6.477 -1.1434
6.4785 -1.1422
6.48 -1.1410
6.4815000000000005 -1.1398
6.4830000000000005 -1.1386
6.4845 -1.1373
6.486 -1.1360
6.4875 -1.1347
6.489 -1.1334
6.4905 -1.1321
6.492 -1.1307
6.4935 -1.1294
6.495 -1.1280
6.4965 -1.1266
6.498 -1.1252
6.4995 -1.1237
6.501 -1.1223
6.5025 -1.1208
6.5040000000000004 -1.1193
6.5055000000000005 -1.1178
6.507000000000001 -1.1163
6.5085 -1.1147
6.51 -1.1132
6.5115 -1.1116
6.513 -1.1100
6.5145 -1.1084
6.516 -1.1068
6.5175 -1.1052
6.519 -1.1035
6.5205 -1.1018
6.522 -1.1001
6.5235 -1.0984
6.525 -1.0967
6.5265 -1.0950
6.5280000000000005 -1.0933
6.5295000000000005 -1.0915
6.531 -1.0897
6.5325 -1.0879
6.534 -1.0861
6.5355 -1.0843
6.537 -1.0825
6.5385 -1.0806
6.54 -1.0788
6.5415 -1.0769
6.543 -1.0750
6.5445 -1.0731
6.546 -1.0712
6.5475 -1.0693
6.549 -1.0673
6.5505 -1.0654
6.5520000000000005 -1.0634
6.5535000000000005 -1.0614
6.555 -1.0594
6.5565 -1.0574
6.558 -1.0554
6.5595 -1.0533
6.561 -1.0513
6.5625 -1.0492
6.564 -1.0472
6.5655 -1.0451
6.567 -1.0430
6.5685 -1.0409
6.57 -1.0387
6.5715 -1.0366
6.573 -1.0345
6.5745000000000005 -1.0323
6.5760000000000005 -1.0301
6.577500000000001 -1.0280
6.579 -1.0258
6.5805 -1.0236
6.582 -1.0213
6.5835 -1.0191
6.585 -1.0169
6.5865 -1.0146
6.588 -1.0124
6.5895 -1.0101
6.591 -1.0078
6.5925 -1.0055
6.594 -1.0032
6.5955 -1.0009
6.597 -0.99859
6.5985000000000005 -0.99626
6.6000000000000005 -0.99392
6.6015 -0.99156
6.603 -0.98920
6.6045 -0.98683
6.606 -0.98444
6.6075 -0.98205
6.609 -0.97965
6.6105 -0.97723
6.612 -0.97481
6.6135 -0.97238
6.615 -0.96993
6.6165 -0.96748
6.618 -0.96502
6.6195 -0.96255
6.621 -0.96007
6.6225000000000005 -0.95758
6.6240000000000006 -0.95508
6.6255 -0.95257
6.627 -0.95006
6.6285 -0.94753
6.63 -0.94500
6.6315 -0.94246
6.633 -0.93990
6.6345 -0.93734
6.636 -0.93477
6.6375 -0.93220
6.639 -0.92961
6.6405 -0.92701
6.642 -0.92441
6.6435 -0.92180
6.6450000000000005 -0.91918
6.6465000000000005 -0.91655
6.648000000000001 -0.91391
6.6495 -0.91127
6.651 -0.90861
6.6525 -0.90595
6.654 -0.90328
6.6555 -0.90061
6.657 -0.89792
6.6585 -0.89523
6.66 -0.89253
6.6615 -0.88982
6.663 -0.88710
6.6645 -0.88438
6.666 -0.88164
6.6675 -0.87890
6.6690000000000005 -0.87616
6.6705000000000005 -0.87340
6.672 -0.87064
6.6735 -0.86787
6.675 -0.86509
6.6765 -0.86231
6.678 -0.85952
6.6795 -0.85672
6.681 -0.85391
6.6825 -0.85110
6.684 -0.84828
6.6855 -0.84545
6.687 -0.84262
6.6885 -0.83977
6.69 -0.83692
6.6915000000000004 -0.83407
6.6930000000000005 -0.83121
6.694500000000001 -0.82834
6.696 -0.82546
6.6975 -0.82257
6.699 -0.81968
6.7005 -0.81679
6.702 -0.81388
6.7035 -0.81097
6.705 -0.80805
6.7065 -0.80513
6.708 -0.80220
6.7095 -0.79926
6.711 -0.79632
6.7125 -0.79337
6.714 -0.79041
6.7155000000000005 -0.78745
6.7170000000000005 -0.78448
6.718500000000001 -0.78150
6.72 -0.77852
6.7215 -0.77553
6.723 -0.77253
6.7245 -0.76953
6.726 -0.76652
6.7275 -0.76351
6.729 -0.76049
6.7305 -0.75746
6.732 -0.75443
6.7335 -0.75139
6.735 -0.74834
6.7365 -0.74529
6.738 -0.74223
6.7395000000000005 -0.73917
6.7410000000000005 -0.73610
6.7425 -0.73302
6.744 -0.72994
6.7455 -0.72685
6.747 -0.72376
6.7485 -0.72066
6.75 -0.71755
6.7515 -0.71444
6.753 -0.71132
6.7545 -0.70820
6.756 -0.70507
6.7575 -0.70193
6.759 -0.69879
6.7605 -0.69564
6.7620000000000005 -0.69249
6.7635000000000005 -0.68933
6.765000000000001 -0.68617
6.7665 -0.68300
6.768 -0.67982
6.7695 -0.67664
6.771 -0.67345
6.7725 -0.67026
6.774 -0.66706
6.7755 -0.66386
6.777 -0.66065
6.7785 -0.65744
6.78 -0.65422
6.7815 -0.65099
6.783 -0.64776
6.7845 -0.64452
6.7860000000000005 -0.64128
6.7875000000000005 -0.63803
6.789 -0.63478
6.7905 -0.63152
6.792 -0.62826
6.7935 -0.62499
6.795 -0.62172
6.7965 -0.61844
6.798 -0.61515
6.7995 -0.61186
6.801 -0.60857
6.8025 -0.60527
6.804 -0.60196
6.8055 -0.59865
6.807 -0.59533
6.8085 -0.59201
6.8100000000000005 -0.58869
6.8115000000000006 -0.58535
6.813 -0.58202
6.8145 -0.57868
6.816 -0.57533
6.8175 -0.57198
6.819 -0.56862
6.8205 -0.56526
6.822 -0.56189
6.8235 -0.55852
6.825 -0.55514
6.8265 -0.55176
6.828 -0.54837
6.8295 -0.54498
6.831 -0.54158
6.8325000000000005 -0.53818
6.8340000000000005 -0.53477
6.835500000000001 -0.53136
6.837 -0.52795
6.8385 -0.52453
6.84 -0.52110
6.8415 -0.51767
6.843 -0.51424
6.8445 -0.51080
6.846 -0.50735
6.8475 -0.50390
6.849 -0.50045
6.8505 -0.49699
6.852 -0.49353
6.8535 -0.49006
6.855 -0.48659
6.8565000000000005 -0.48311
6.8580000000000005 -0.47963
6.8595 -0.47614
6.861 -0.47265
6.8625 -0.46916
6.864 -0.46566
6.8655 -0.46215
6.867 -0.45865
6.8685 -0.45513
6.87 -0.45162
6.8715 -0.44810
6.873 -0.44457
6.8745 -0.44104
6.876 -0.43751
6.8775 -0.43397
6.8790000000000004 -0.43043
6.8805000000000005 -0.42688
6.882000000000001 -0.42333
6.8835 -0.41977
6.885 -0.41622
6.8865 -0.41265
6.888 -0.40909
6.8895 -0.40551
6.891 -0.40194
6.8925 -0.39836
6.894 -0.39478
6.8955 -0.39119
6.897 -0.38760
6.8985 -0.38400
6.9 -0.38040
6.9015 -0.37680
6.9030000000000005 -0.37320
6.9045000000000005 -0.36959
6.906000000000001 -0.36597
6.9075 -0.36235
6.909 -0.35873
6.9105 -0.35511
6.912 -0.35148
6.9135 -0.34785
6.915 -0.34421
6.9165 -0.34057
6.918 -0.33693
6.9195 -0.33328
6.921 -0.32963
6.9225 -0.32598
6.924 -0.32232
6.9255 -0.31866
6.9270000000000005 -0.31500
6.9285000000000005 -0.31133
6.93 -0.30766
6.9315 -0.30399
6.933 -0.30031
6.9345 -0.29663
6.936 -0.29294
6.9375 -0.28926
6.939 -0.28557
6.9405 -0.28188
6.942 -0.27818
6.9435 -0.27448
6.945 -0.27078
6.9465 -0.26708
6.948 -0.26337
6.9495000000000005 -0.25966
6.9510000000000005 -0.25595
6.952500000000001 -0.25223
6.954 -0.24851
6.9555 -0.24479
6.957 -0.24107
6.9585 -0.23734
6.96 -0.23361
6.9615 -0.22988
6.963 -0.22614
6.9645 -0.22241
6.966 -0.21867
6.9675 -0.21493
6.969 -0.21118
6.9705 -0.20744
6.972 -0.20369
6.9735000000000005 -0.19994
6.9750000000000005 -0.19618
6.9765 -0.19243
6.978 -0.18867
6.9795 -0.18491
6.981 -0.18115
6.9825 -0.17738
6.984 -0.17362
6.9855 -0.16985
6.987 -0.16608
6.9885 -0.16231
6.99 -0.15853
6.9915 -0.15476
6.993 -0.15098
6.9945 -0.14720
6.996 -0.14342
6.9975000000000005 -0.13964
