x y
0.0 0.0
0.0015 0.0016484
0.003 0.0032968
0.0045000000000000005 0.0049451
0.006 0.0065932
0.0075 0.0082410
0.009000000000000001 0.0098885
0.0105 0.011536
0.012 0.013182
0.0135 0.014829
0.015 0.016474
0.0165 0.018119
0.018000000000000002 0.019763
0.0195 0.021407
0.021 0.023049
0.0225 0.024691
0.024 0.026331
0.025500000000000002 0.027971
0.027 0.029609
0.0285 0.031247
0.03 0.032883
0.0315 0.034517
0.033 0.036151
0.0345 0.037783
0.036000000000000004 0.039413
0.0375 0.041042
0.039 0.042669
0.0405 0.044294
0.042 0.045918
0.043500000000000004 0.047540
0.045 0.049160
0.0465 0.050778
0.048 0.052394
0.0495 0.054008
0.051000000000000004 0.055620
0.0525 0.057230
0.054 0.058838
0.0555 0.060443
0.057 0.062046
0.0585 0.063647
0.06 0.065245
0.0615 0.066841
0.063 0.068434
0.0645 0.070025
0.066 0.071613
0.0675 0.073199
0.069 0.074782
0.07050000000000001 0.076362
0.07200000000000001 0.077939
0.0735 0.079513
0.075 0.081084
0.0765 0.082653
0.078 0.084218
0.0795 0.085781
0.081 0.087340
0.0825 0.088896
0.084 0.090450
0.0855 0.092000
0.08700000000000001 0.093546
0.0885 0.095090
0.09 0.096630
0.0915 0.098167
0.093 0.099700
0.0945 0.10123
0.096 0.10276
0.0975 0.10428
0.099 0.10580
0.1005 0.10732
0.10200000000000001 0.10883
0.10350000000000001 0.11034
0.105 0.11184
0.1065 0.11334
0.108 0.11484
0.1095 0.11634
0.111 0.11783
0.1125 0.11932
0.114 0.12080
0.1155 0.12228
0.117 0.12375
0.11850000000000001 0.12523
0.12 0.12669
0.1215 0.12816
0.123 0.12962
0.1245 0.13107
0.126 0.13253
0.1275 0.13397
0.129 0.13542
0.1305 0.13686
0.132 0.13830
0.1335 0.13973
0.135 0.14116
0.1365 0.14258
0.138 0.14400
0.1395 0.14542
0.14100000000000001 0.14683
0.14250000000000002 0.14824
0.14400000000000002 0.14964
0.1455 0.15104
0.147 0.15244
0.1485 0.15383
0.15 0.15522
0.1515 0.15660
0.153 0.15798
0.1545 0.15936
0.156 0.16073
0.1575 0.16209
0.159 0.16346
0.1605 0.16482
0.162 0.16617
0.1635 0.16752
0.165 0.16887
0.1665 0.17021
0.168 0.17154
0.1695 0.17288
0.171 0.17421
0.17250000000000001 0.17553
0.17400000000000002 0.17685
0.17550000000000002 0.17817
0.177 0.17948
0.1785 0.18079
0.18 0.18209
0.1815 0.18339
0.183 0.18469
0.1845 0.18598
0.186 0.18726
0.1875 0.18855
0.189 0.18983
0.1905 0.19110
0.192 0.19237
0.1935 0.19363
0.195 0.19490
0.1965 0.19615
0.198 0.19741
0.1995 0.19865
0.201 0.19990
0.2025 0.20114
0.20400000000000001 0.20237
0.20550000000000002 0.20361
0.20700000000000002 0.20483
0.2085 0.20606
0.21 0.20728
0.2115 0.20849
0.213 0.20970
0.2145 0.21091
0.216 0.21211
0.2175 0.21331
0.219 0.21450
0.2205 0.21569
0.222 0.21688
0.2235 0.21806
0.225 0.21924
0.2265 0.22041
0.228 0.22158
0.2295 0.22274
0.231 0.22390
0.2325 0.22506
0.234 0.22621
0.23550000000000001 0.22736
0.23700000000000002 0.22850
0.23850000000000002 0.22964
0.24 0.23078
0.2415 0.23191
0.243 0.23303
0.2445 0.23416
0.246 0.23527
0.2475 0.23639
0.249 0.23750
0.2505 0.23861
0.252 0.23971
0.2535 0.24081
0.255 0.24190
0.2565 0.24299
0.258 0.24408
0.2595 0.24516
0.261 0.24623
0.2625 0.24731
0.264 0.24838
0.2655 0.24944
0.267 0.25050
0.2685 0.25156
0.27 0.25261
0.2715 0.25366
0.273 0.25471
0.2745 0.25575
0.276 0.25678
0.2775 0.25782
0.279 0.25885
0.2805 0.25987
0.28200000000000003 0.26089
0.28350000000000003 0.26191
0.28500000000000003 0.26292
0.28650000000000003 0.26393
0.28800000000000003 0.26493
0.2895 0.26593
0.291 0.26693
0.2925 0.26792
0.294 0.26891
0.2955 0.26989
0.297 0.27087
0.2985 0.27185
0.3 0.27282
0.3015 0.27379
0.303 0.27475
0.3045 0.27571
0.306 0.27667
0.3075 0.27762
0.309 0.27856
0.3105 0.27951
0.312 0.28045
0.3135 0.28138
0.315 0.28232
0.3165 0.28324
0.318 0.28417
0.3195 0.28509
0.321 0.28600
0.3225 0.28691
0.324 0.28782
0.3255 0.28872
0.327 0.28962
0.3285 0.29052
0.33 0.29141
0.3315 0.29230
0.333 0.29318
0.3345 0.29406
0.336 0.29494
0.3375 0.29581
0.339 0.29668
0.3405 0.29754
0.342 0.29840
0.3435 0.29925
0.34500000000000003 0.30011
0.34650000000000003 0.30095
0.34800000000000003 0.30180
0.34950000000000003 0.30264
0.35100000000000003 0.30347
0.3525 0.30430
0.354 0.30513
0.3555 0.30595
0.357 0.30677
0.3585 0.30759
0.36 0.30840
0.3615 0.30921
0.363 0.31001
0.3645 0.31081
0.366 0.31160
0.3675 0.31239
0.369 0.31318
0.3705 0.31396
0.372 0.31474
0.3735 0.31552
0.375 0.31629
0.3765 0.31706
0.378 0.31782
0.3795 0.31858
0.381 0.31933
0.3825 0.32008
0.384 0.32083
0.3855 0.32157
0.387 0.32231
0.3885 0.32304
0.39 0.32377
0.3915 0.32450
0.393 0.32522
0.3945 0.32594
0.396 0.32665
0.3975 0.32736
0.399 0.32807
0.4005 0.32877
0.402 0.32947
0.4035 0.33016
0.405 0.33085
0.40650000000000003 0.33153
0.40800000000000003 0.33222
0.40950000000000003 0.33289
0.41100000000000003 0.33356
0.41250000000000003 0.33423
0.41400000000000003 0.33490
0.41550000000000004 0.33556
0.417 0.33621
0.4185 0.33686
0.42 0.33751
0.4215 0.33816
0.423 0.33879
0.4245 0.33943
0.426 0.34006
0.4275 0.34069
0.429 0.34131
0.4305 0.34193
0.432 0.34254
0.4335 0.34315
0.435 0.34376
0.4365 0.34436
0.438 0.34495
0.4395 0.34555
0.441 0.34613
0.4425 0.34672
0.444 0.34730
0.4455 0.34787
0.447 0.34844
0.4485 0.34901
0.45 0.34957
0.4515 0.35013
0.453 0.35069
0.4545 0.35124
0.456 0.35178
0.4575 0.35232
0.459 0.35286
0.4605 0.35339
0.462 0.35392
0.4635 0.35444
0.465 0.35496
0.4665 0.35547
0.468 0.35598
0.46950000000000003 0.35649
0.47100000000000003 0.35699
0.47250000000000003 0.35749
0.47400000000000003 0.35798
0.47550000000000003 0.35847
0.47700000000000004 0.35895
0.47850000000000004 0.35943
0.48 0.35991
0.4815 0.36038
0.483 0.36084
0.4845 0.36130
0.486 0.36176
0.4875 0.36221
0.489 0.36266
0.4905 0.36310
0.492 0.36354
0.4935 0.36398
0.495 0.36440
0.4965 0.36483
0.498 0.36525
0.4995 0.36567
0.501 0.36608
0.5025000000000001 0.36648
0.504 0.36689
0.5055000000000001 0.36728
0.507 0.36768
0.5085000000000001 0.36807
0.51 0.36845
0.5115000000000001 0.36883
0.513 0.36920
0.5145 0.36957
0.516 0.36994
0.5175 0.37030
0.519 0.37065
0.5205 0.37101
0.522 0.37135
0.5235 0.37169
0.525 0.37203
0.5265 0.37236
0.528 0.37269
0.5295 0.37301
0.531 0.37333
0.5325 0.37365
0.534 0.37396
0.5355 0.37426
0.537 0.37456
0.5385 0.37485
0.54 0.37514
0.5415 0.37543
0.543 0.37571
0.5445 0.37598
0.546 0.37626
0.5475 0.37652
0.549 0.37678
0.5505 0.37704
0.552 0.37729
0.5535 0.37754
0.555 0.37778
0.5565 0.37802
0.558 0.37825
0.5595 0.37848
0.561 0.37870
0.5625 0.37892
0.5640000000000001 0.37913
0.5655 0.37934
0.5670000000000001 0.37954
0.5685 0.37974
0.5700000000000001 0.37993
0.5715 0.38012
0.5730000000000001 0.38030
0.5745 0.38048
0.5760000000000001 0.38066
0.5775 0.38082
0.579 0.38099
0.5805 0.38115
0.582 0.38130
0.5835 0.38145
0.585 0.38159
0.5865 0.38173
0.588 0.38187
0.5895 0.38200
0.591 0.38212
0.5925 0.38224
0.594 0.38236
0.5955 0.38247
0.597 0.38257
0.5985 0.38267
0.6 0.38276
0.6015 0.38285
0.603 0.38294
0.6045 0.38302
0.606 0.38309
0.6075 0.38316
0.609 0.38323
0.6105 0.38329
0.612 0.38334
0.6135 0.38339
0.615 0.38344
0.6165 0.38348
0.618 0.38351
0.6195 0.38354
0.621 0.38357
0.6225 0.38359
0.624 0.38361
0.6255000000000001 0.38362
0.627 0.38362
0.6285000000000001 0.38362
0.63 0.38362
0.6315000000000001 0.38361
0.633 0.38359
0.6345000000000001 0.38357
0.636 0.38355
0.6375000000000001 0.38352
0.639 0.38348
0.6405 0.38344
0.642 0.38340
0.6435 0.38335
0.645 0.38330
0.6465 0.38324
0.648 0.38317
0.6495 0.38310
0.651 0.38303
0.6525 0.38295
0.654 0.38286
0.6555 0.38278
0.657 0.38268
0.6585 0.38258
0.66 0.38248
0.6615 0.38237
0.663 0.38226
0.6645 0.38214
0.666 0.38201
0.6675 0.38188
0.669 0.38175
0.6705 0.38161
0.672 0.38147
0.6735 0.38132
0.675 0.38117
0.6765 0.38101
0.678 0.38085
0.6795 0.38068
0.681 0.38050
0.6825 0.38033
0.684 0.38014
0.6855 0.37996
0.687 0.37976
0.6885 0.37957
0.6900000000000001 0.37936
0.6915 0.37916
0.6930000000000001 0.37894
0.6945 0.37873
0.6960000000000001 0.37851
0.6975 0.37828
0.6990000000000001 0.37805
0.7005 0.37781
0.7020000000000001 0.37757
0.7035 0.37732
0.705 0.37707
0.7065 0.37682
0.708 0.37656
0.7095 0.37629
0.711 0.37602
0.7125 0.37575
0.714 0.37547
0.7155 0.37518
0.717 0.37490
0.7185 0.37460
0.72 0.37430
0.7215 0.37400
0.723 0.37369
0.7245 0.37338
0.726 0.37306
0.7275 0.37274
0.729 0.37241
0.7305 0.37208
0.732 0.37175
0.7335 0.37141
0.735 0.37106
0.7365 0.37071
0.738 0.37036
0.7395 0.37000
0.741 0.36963
0.7425 0.36926
0.744 0.36889
0.7455 0.36851
0.747 0.36813
0.7485 0.36774
0.75 0.36735
0.7515000000000001 0.36696
0.753 0.36655
0.7545000000000001 0.36615
0.756 0.36574
0.7575000000000001 0.36532
0.759 0.36491
0.7605000000000001 0.36448
0.762 0.36405
0.7635000000000001 0.36362
0.765 0.36318
0.7665000000000001 0.36274
0.768 0.36230
0.7695 0.36185
0.771 0.36139
0.7725 0.36093
0.774 0.36047
0.7755 0.36000
0.777 0.35953
0.7785 0.35905
0.78 0.35857
0.7815 0.35808
0.783 0.35759
0.7845 0.35709
0.786 0.35660
0.7875 0.35609
0.789 0.35558
0.7905 0.35507
0.792 0.35455
0.7935 0.35403
0.795 0.35351
0.7965 0.35298
0.798 0.35244
0.7995 0.35190
0.801 0.35136
0.8025 0.35081
0.804 0.35026
0.8055 0.34970
0.807 0.34914
0.8085 0.34858
0.81 0.34801
0.8115 0.34744
0.8130000000000001 0.34686
0.8145 0.34628
0.8160000000000001 0.34569
0.8175 0.34510
0.8190000000000001 0.34451
0.8205 0.34391
0.8220000000000001 0.34331
0.8235 0.34270
0.8250000000000001 0.34209
0.8265 0.34147
0.8280000000000001 0.34085
0.8295 0.34023
0.8310000000000001 0.33960
0.8325 0.33897
0.834 0.33833
0.8355 0.33769
0.837 0.33705
0.8385 0.33640
0.84 0.33574
0.8415 0.33509
0.843 0.33443
0.8445 0.33376
0.846 0.33309
0.8475 0.33242
0.849 0.33174
0.8505 0.33106
0.852 0.33037
0.8535 0.32968
0.855 0.32899
0.8565 0.32829
0.858 0.32759
0.8595 0.32688
0.861 0.32617
0.8625 0.32546
0.864 0.32474
0.8655 0.32401
0.867 0.32329
0.8685 0.32256
0.87 0.32182
0.8715 0.32108
0.873 0.32034
0.8745 0.31959
0.876 0.31884
0.8775000000000001 0.31809
0.879 0.31733
0.8805000000000001 0.31656
0.882 0.31580
0.8835000000000001 0.31503
0.885 0.31425
0.8865000000000001 0.31347
0.888 0.31269
0.8895000000000001 0.31190
0.891 0.31111
0.8925000000000001 0.31031
0.894 0.30951
0.8955000000000001 0.30871
0.897 0.30790
0.8985 0.30709
0.9 0.30628
0.9015 0.30546
0.903 0.30464
0.9045 0.30381
0.906 0.30298
0.9075 0.30214
0.909 0.30130
0.9105 0.30046
0.912 0.29961
0.9135 0.29876
0.915 0.29791
0.9165 0.29705
0.918 0.29619
0.9195 0.29532
0.921 0.29445
0.9225 0.29357
0.924 0.29269
0.9255 0.29181
0.927 0.29093
0.9285 0.29003
0.93 0.28914
0.9315 0.28824
0.933 0.28734
0.9345 0.28643
0.936 0.28552
0.9375 0.28461
0.9390000000000001 0.28369
0.9405 0.28277
0.9420000000000001 0.28184
0.9435 0.28091
0.9450000000000001 0.27998
0.9465 0.27904
0.9480000000000001 0.27810
0.9495 0.27715
0.9510000000000001 0.27620
0.9525 0.27524
0.9540000000000001 0.27429
0.9555 0.27332
0.9570000000000001 0.27236
0.9585 0.27139
0.96 0.27041
0.9615 0.26944
0.963 0.26845
0.9645 0.26747
0.966 0.26648
0.9675 0.26548
0.969 0.26449
0.9705 0.26348
0.972 0.26248
0.9735 0.26147
0.975 0.26045
0.9765 0.25944
0.978 0.25841
0.9795 0.25739
0.981 0.25636
0.9825 0.25532
0.984 0.25429
0.9855 0.25324
0.987 0.25220
0.9885 0.25115
0.99 0.25009
0.9915 0.24903
0.993 0.24797
0.9945 0.24690
0.996 0.24583
0.9975 0.24476
0.999 0.24368
1.0005 0.24260
1.002 0.24151
1.0035 0.24042
1.0050000000000001 0.23933
1.0065 0.23823
1.008 0.23712
1.0095 0.23602
1.0110000000000001 0.23491
1.0125 0.23379
1.014 0.23267
1.0155 0.23155
1.0170000000000001 0.23042
1.0185 0.22929
1.02 0.22815
1.0215 0.22701
1.0230000000000001 0.22587
1.0245 0.22472
1.026 0.22357
1.0275 0.22241
1.029 0.22125
1.0305 0.22009
1.032 0.21892
1.0335 0.21775
1.035 0.21657
1.0365 0.21539
1.038 0.21420
1.0395 0.21301
1.041 0.21182
1.0425 0.21062
1.044 0.20942
1.0455 0.20821
1.047 0.20700
1.0485 0.20579
1.05 0.20457
1.0515 0.20335
1.053 0.20212
1.0545 0.20089
1.056 0.19965
1.0575 0.19842
1.059 0.19717
1.0605 0.19592
1.062 0.19467
1.0635000000000001 0.19342
1.065 0.19216
1.0665 0.19089
1.068 0.18962
1.0695000000000001 0.18835
1.071 0.18707
1.0725 0.18579
1.074 0.18450
1.0755000000000001 0.18322
1.077 0.18192
1.0785 0.18062
1.08 0.17932
1.0815000000000001 0.17801
1.083 0.17670
1.0845 0.17539
1.086 0.17407
1.0875000000000001 0.17275
1.089 0.17142
1.0905 0.17009
1.092 0.16875
1.0935 0.16741
1.095 0.16607
1.0965 0.16472
1.098 0.16337
1.0995 0.16201
1.101 0.16065
1.1025 0.15929
1.104 0.15792
1.1055 0.15655
1.107 0.15517
1.1085 0.15379
1.11 0.15240
1.1115 0.15101
1.113 0.14962
1.1145 0.14822
1.116 0.14682
1.1175 0.14542
1.119 0.14401
1.1205 0.14259
1.122 0.14118
1.1235 0.13976
1.125 0.13833
1.1265 0.13690
1.1280000000000001 0.13547
1.1295 0.13403
1.131 0.13259
1.1325 0.13114
1.1340000000000001 0.12969
1.1355 0.12824
1.137 0.12678
1.1385 0.12532
1.1400000000000001 0.12386
1.1415 0.12239
1.143 0.12092
1.1445 0.11944
1.1460000000000001 0.11796
1.1475 0.11648
1.149 0.11499
1.1505 0.11350
1.1520000000000001 0.11201
1.1535 0.11051
1.155 0.10901
1.1565 0.10750
1.158 0.10600
1.1595 0.10448
1.161 0.10297
1.1625 0.10145
1.164 0.099927
1.1655 0.098402
1.167 0.096873
1.1685 0.095340
1.17 0.093804
1.1715 0.092265
1.173 0.090723
1.1745 0.089178
1.176 0.087629
1.1775 0.086078
1.179 0.084523
1.1805 0.082965
1.182 0.081404
1.1835 0.079841
1.185 0.078274
1.1865 0.076705
1.188 0.075133
1.1895 0.073558
1.191 0.071980
1.1925000000000001 0.070399
1.194 0.068816
1.1955 0.067231
1.197 0.065642
1.1985000000000001 0.064052
1.2 0.062458
1.2015 0.060863
1.203 0.059265
1.2045000000000001 0.057665
1.206 0.056062
1.2075 0.054458
1.209 0.052851
1.2105000000000001 0.051242
1.212 0.049631
1.2135 0.048019
1.215 0.046404
1.2165 0.044787
1.218 0.043169
1.2195 0.041549
1.221 0.039927
1.2225 0.038304
1.224 0.036679
1.2255 0.035052
1.227 0.033425
1.2285 0.031795
1.23 0.030165
1.2315 0.028533
1.233 0.026900
1.2345 0.025266
1.236 0.023631
1.2375 0.021995
1.239 0.020358
1.2405 0.018720
1.242 0.017081
1.2435 0.015442
1.245 0.013802
1.2465 0.012161
1.248 0.010520
1.2495 0.0088784
1.2510000000000001 0.0072364
1.2525 0.0055941
1.254 0.0039515
1.2555 0.0023087
1.2570000000000001 0.00066583
1.2585 -0.00097712
1.26 -0.0026201
1.2615 -0.0042629
1.2630000000000001 -0.0059056
1.2645 -0.0075481
1.266 -0.0091903
1.2675 -0.010832
1.2690000000000001 -0.012474
1.2705 -0.014114
1.272 -0.015755
1.2735 -0.017395
1.2750000000000001 -0.019034
1.2765 -0.020672
1.278 -0.022310
1.2795 -0.023946
1.281 -0.025582
1.2825 -0.027216
1.284 -0.028850
1.2855 -0.030482
1.287 -0.032114
1.2885 -0.033744
1.29 -0.035372
1.2915 -0.036999
1.293 -0.038625
1.2945 -0.040249
1.296 -0.041872
1.2975 -0.043493
1.299 -0.045112
1.3005 -0.046730
1.302 -0.048345
1.3035 -0.049959
1.305 -0.051571
1.3065 -0.053181
1.308 -0.054789
1.3095 -0.056395
1.311 -0.057998
1.3125 -0.059599
1.314 -0.061199
1.3155000000000001 -0.062795
1.317 -0.064390
1.3185 -0.065982
1.32 -0.067571
1.3215000000000001 -0.069158
1.323 -0.070743
1.3245 -0.072324
1.326 -0.073904
1.3275000000000001 -0.075480
1.329 -0.077054
1.3305 -0.078624
1.332 -0.080192
1.3335000000000001 -0.081758
1.335 -0.083320
1.3365 -0.084879
1.338 -0.086435
1.3395000000000001 -0.087988
1.341 -0.089538
1.3425 -0.091085
1.344 -0.092629
1.3455 -0.094170
1.347 -0.095707
1.3485 -0.097241
1.35 -0.098772
1.3515 -0.10030
1.353 -0.10182
1.3545 -0.10334
1.356 -0.10486
1.3575 -0.10637
1.359 -0.10788
1.3605 -0.10939
1.362 -0.11089
1.3635 -0.11239
1.365 -0.11389
1.3665 -0.11538
1.368 -0.11687
1.3695 -0.11836
1.371 -0.11984
1.3725 -0.12131
1.374 -0.12279
1.3755 -0.12426
1.377 -0.12572
1.3785 -0.12719
1.3800000000000001 -0.12865
1.3815 -0.13010
1.383 -0.13155
1.3845 -0.13300
1.3860000000000001 -0.13444
1.3875 -0.13588
1.389 -0.13731
1.3905 -0.13875
1.3920000000000001 -0.14017
1.3935 -0.14160
1.395 -0.14302
1.3965 -0.14443
1.3980000000000001 -0.14584
1.3995 -0.14725
1.401 -0.14865
1.4025 -0.15005
1.4040000000000001 -0.15145
1.4055 -0.15284
1.407 -0.15422
1.4085 -0.15561
1.41 -0.15699
1.4115 -0.15836
1.413 -0.15973
1.4145 -0.16110
1.416 -0.16246
1.4175 -0.16382
1.419 -0.16517
1.4205 -0.16652
1.422 -0.16787
1.4235 -0.16921
1.425 -0.17054
1.4265 -0.17188
1.428 -0.17321
1.4295 -0.17453
1.431 -0.17585
1.4325 -0.17717
1.434 -0.17848
1.4355 -0.17979
1.437 -0.18109
1.4385000000000001 -0.18239
1.44 -0.18369
1.4415 -0.18498
1.443 -0.18626
1.4445000000000001 -0.18755
1.446 -0.18883
1.4475 -0.19010
1.449 -0.19137
1.4505000000000001 -0.19264
1.452 -0.19390
1.4535 -0.19516
1.455 -0.19641
1.4565000000000001 -0.19766
1.458 -0.19891
1.4595 -0.20015
1.461 -0.20138
1.4625000000000001 -0.20262
1.464 -0.20384
1.4655 -0.20507
1.467 -0.20629
1.4685000000000001 -0.20750
1.47 -0.20872
1.4715 -0.20992
1.473 -0.21113
1.4745 -0.21233
1.476 -0.21352
1.4775 -0.21471
1.479 -0.21590
1.4805 -0.21708
1.482 -0.21826
1.4835 -0.21944
1.485 -0.22061
1.4865 -0.22177
1.488 -0.22293
1.4895 -0.22409
1.491 -0.22525
1.4925 -0.22639
1.494 -0.22754
1.4955 -0.22868
1.497 -0.22982
1.4985 -0.23095
1.5 -0.23208
1.5015 -0.23321
1.5030000000000001 -0.23433
1.5045 -0.23544
1.506 -0.23656
1.5075 -0.23767
1.5090000000000001 -0.23877
1.5105 -0.23987
1.512 -0.24097
1.5135 -0.24206
1.5150000000000001 -0.24315
1.5165 -0.24423
1.518 -0.24531
1.5195 -0.24639
1.5210000000000001 -0.24746
1.5225 -0.24853
1.524 -0.24959
1.5255 -0.25065
1.5270000000000001 -0.25171
1.5285 -0.25276
1.53 -0.25381
1.5315 -0.25485
1.5330000000000001 -0.25589
1.5345 -0.25693
1.536 -0.25796
1.5375 -0.25899
1.539 -0.26001
1.5405 -0.26103
1.542 -0.26205
1.5435 -0.26306
1.545 -0.26407
1.5465 -0.26507
1.548 -0.26607
1.5495 -0.26707
1.551 -0.26806
1.5525 -0.26905
1.554 -0.27003
1.5555 -0.27101
1.557 -0.27199
1.5585 -0.27296
1.56 -0.27393
1.5615 -0.27489
1.563 -0.27585
1.5645 -0.27681
1.566 -0.27776
1.5675000000000001 -0.27871
1.569 -0.27965
1.5705 -0.28059
1.572 -0.28153
1.5735000000000001 -0.28246
1.575 -0.28339
1.5765 -0.28431
1.578 -0.28523
1.5795000000000001 -0.28615
1.581 -0.28706
1.5825 -0.28797
1.584 -0.28888
1.5855000000000001 -0.28978
1.587 -0.29067
1.5885 -0.29157
1.59 -0.29246
1.5915000000000001 -0.29334
1.593 -0.29422
1.5945 -0.29510
1.596 -0.29597
1.5975000000000001 -0.29684
1.599 -0.29771
1.6005 -0.29857
1.602 -0.29943
1.6035 -0.30028
1.605 -0.30113
1.6065 -0.30198
1.608 -0.30282
1.6095 -0.30365
1.611 -0.30449
1.6125 -0.30532
1.614 -0.30614
1.6155 -0.30697
1.617 -0.30778
1.6185 -0.30860
1.62 -0.30941
1.6215 -0.31021
1.623 -0.31102
1.6245 -0.31181
1.6260000000000001 -0.31261
1.6275 -0.31340
1.629 -0.31419
1.6305 -0.31497
1.6320000000000001 -0.31575
1.6335 -0.31652
1.635 -0.31729
1.6365 -0.31806
1.6380000000000001 -0.31882
1.6395 -0.31958
1.641 -0.32033
1.6425 -0.32108
1.6440000000000001 -0.32183
1.6455 -0.32257
1.647 -0.32331
1.6485 -0.32405
1.6500000000000001 -0.32478
1.6515 -0.32550
1.653 -0.32622
1.6545 -0.32694
1.6560000000000001 -0.32766
1.6575 -0.32837
1.659 -0.32907
1.6605 -0.32978
1.6620000000000001 -0.33047
1.6635 -0.33117
1.665 -0.33186
1.6665 -0.33254
1.668 -0.33323
1.6695 -0.33390
1.671 -0.33458
1.6725 -0.33525
1.674 -0.33591
1.6755 -0.33658
1.677 -0.33723
1.6785 -0.33789
1.68 -0.33854
1.6815 -0.33918
1.683 -0.33982
1.6845 -0.34046
1.686 -0.34109
1.6875 -0.34172
1.689 -0.34234
1.6905000000000001 -0.34297
1.692 -0.34358
1.6935 -0.34419
1.695 -0.34480
1.6965000000000001 -0.34541
1.698 -0.34600
1.6995 -0.34660
1.701 -0.34719
1.7025000000000001 -0.34778
1.704 -0.34836
1.7055 -0.34894
1.707 -0.34951
1.7085000000000001 -0.35008
1.71 -0.35065
1.7115 -0.35121
1.713 -0.35177
1.7145000000000001 -0.35232
1.716 -0.35287
1.7175 -0.35342
1.719 -0.35396
1.7205000000000001 -0.35449
1.722 -0.35503
1.7235 -0.35555
1.725 -0.35608
1.7265000000000001 -0.35660
1.728 -0.35711
1.7295 -0.35762
1.731 -0.35813
1.7325 -0.35863
1.734 -0.35913
1.7355 -0.35962
1.737 -0.36011
1.7385 -0.36059
1.74 -0.36107
1.7415 -0.36155
1.743 -0.36202
1.7445 -0.36249
1.746 -0.36295
1.7475 -0.36341
1.749 -0.36386
1.7505 -0.36431
1.752 -0.36475
1.7535 -0.36519
1.7550000000000001 -0.36563
1.7565 -0.36606
1.758 -0.36649
1.7595 -0.36691
1.7610000000000001 -0.36733
1.7625 -0.36774
1.764 -0.36815
1.7655 -0.36856
1.7670000000000001 -0.36896
1.7685 -0.36935
1.77 -0.36974
1.7715 -0.37013
1.7730000000000001 -0.37051
1.7745 -0.37089
1.776 -0.37126
1.7775 -0.37163
1.7790000000000001 -0.37199
1.7805 -0.37235
1.782 -0.37271
1.7835 -0.37306
1.7850000000000001 -0.37340
1.7865 -0.37374
1.788 -0.37408
1.7895 -0.37441
1.7910000000000001 -0.37474
1.7925 -0.37506
1.794 -0.37538
1.7955 -0.37569
1.797 -0.37600
1.7985 -0.37630
1.8 -0.37660
1.8015 -0.37689
1.803 -0.37718
1.8045 -0.37747
1.806 -0.37775
1.8075 -0.37803
1.809 -0.37830
1.8105 -0.37856
1.812 -0.37882
1.8135000000000001 -0.37908
1.815 -0.37933
1.8165 -0.37958
1.818 -0.37982
1.8195000000000001 -0.38006
1.821 -0.38029
1.8225 -0.38052
1.824 -0.38075
1.8255000000000001 -0.38096
1.827 -0.38118
1.8285 -0.38139
1.83 -0.38159
1.8315000000000001 -0.38179
1.833 -0.38199
1.8345 -0.38218
1.836 -0.38236
1.8375000000000001 -0.38254
1.839 -0.38272
1.8405 -0.38289
1.842 -0.38305
1.8435000000000001 -0.38321
1.845 -0.38337
1.8465 -0.38352
1.848 -0.38367
1.8495000000000001 -0.38381
1.851 -0.38395
1.8525 -0.38408
1.854 -0.38421
1.8555000000000001 -0.38433
1.857 -0.38445
1.8585 -0.38456
1.86 -0.38467
1.8615 -0.38477
1.863 -0.38487
1.8645 -0.38496
1.866 -0.38505
1.8675 -0.38513
1.869 -0.38521
1.8705 -0.38528
1.872 -0.38535
1.8735 -0.38542
1.875 -0.38548
1.8765 -0.38553
1.8780000000000001 -0.38558
1.8795 -0.38562
1.881 -0.38566
1.8825 -0.38570
1.8840000000000001 -0.38573
1.8855 -0.38575
1.887 -0.38577
1.8885 -0.38579
1.8900000000000001 -0.38580
1.8915 -0.38580
1.893 -0.38580
1.8945 -0.38580
1.8960000000000001 -0.38579
1.8975 -0.38577
1.899 -0.38575
1.9005 -0.38573
1.9020000000000001 -0.38570
1.9035 -0.38567
1.905 -0.38563
1.9065 -0.38558
1.9080000000000001 -0.38553
1.9095 -0.38548
1.911 -0.38542
1.9125 -0.38536
1.9140000000000001 -0.38529
1.9155 -0.38522
1.917 -0.38514
1.9185 -0.38506
1.92 -0.38497
1.9215 -0.38488
1.923 -0.38478
1.9245 -0.38468
1.926 -0.38457
1.9275 -0.38446
1.929 -0.38434
1.9305 -0.38422
1.932 -0.38409
1.9335 -0.38396
1.935 -0.38382
1.9365 -0.38368
1.938 -0.38353
1.9395 -0.38338
1.941 -0.38323
1.9425000000000001 -0.38307
1.944 -0.38290
1.9455 -0.38273
1.947 -0.38256
1.9485000000000001 -0.38238
1.95 -0.38219
1.9515 -0.38200
1.953 -0.38181
1.9545000000000001 -0.38161
1.956 -0.38141
1.9575 -0.38120
1.959 -0.38098
1.9605000000000001 -0.38077
1.962 -0.38054
1.9635 -0.38032
1.965 -0.38008
1.9665000000000001 -0.37985
1.968 -0.37961
1.9695 -0.37936
1.971 -0.37911
1.9725000000000001 -0.37885
1.974 -0.37859
1.9755 -0.37833
1.977 -0.37806
1.9785000000000001 -0.37778
1.98 -0.37750
1.9815 -0.37722
1.983 -0.37693
1.9845 -0.37663
1.986 -0.37634
1.9875 -0.37603
1.989 -0.37573
1.9905 -0.37541
1.992 -0.37510
1.9935 -0.37478
1.995 -0.37445
1.9965 -0.37412
1.998 -0.37378
1.9995 -0.37344
2.001 -0.37310
2.0025 -0.37275
2.004 -0.37240
2.0055 -0.37204
2.007 -0.37168
2.0085 -0.37131
2.0100000000000002 -0.37094
2.0115 -0.37056
2.013 -0.37018
2.0145 -0.36979
2.016 -0.36940
2.0175 -0.36901
2.019 -0.36861
2.0205 -0.36821
2.0220000000000002 -0.36780
2.0235 -0.36739
2.025 -0.36697
2.0265 -0.36655
2.028 -0.36612
2.0295 -0.36569
2.031 -0.36526
2.0325 -0.36482
2.0340000000000003 -0.36438
2.0355 -0.36393
2.037 -0.36348
2.0385 -0.36302
2.04 -0.36256
2.0415 -0.36209
2.043 -0.36162
2.0445 -0.36115
2.0460000000000003 -0.36067
2.0475 -0.36019
2.049 -0.35970
2.0505 -0.35921
2.052 -0.35871
2.0535 -0.35821
2.055 -0.35771
2.0565 -0.35720
2.058 -0.35669
2.0595 -0.35617
2.061 -0.35565
2.0625 -0.35512
2.064 -0.35459
2.0655 -0.35406
2.067 -0.35352
2.0685000000000002 -0.35298
2.07 -0.35243
2.0715 -0.35188
2.073 -0.35132
2.0745 -0.35076
2.076 -0.35020
2.0775 -0.34963
2.079 -0.34906
2.0805000000000002 -0.34848
2.082 -0.34790
2.0835 -0.34732
2.085 -0.34673
2.0865 -0.34613
2.088 -0.34554
2.0895 -0.34493
2.091 -0.34433
2.0925000000000002 -0.34372
2.094 -0.34310
2.0955 -0.34249
2.097 -0.34186
2.0985 -0.34124
2.1 -0.34061
2.1015 -0.33997
2.103 -0.33933
2.1045000000000003 -0.33869
2.106 -0.33805
2.1075 -0.33739
2.109 -0.33674
2.1105 -0.33608
2.112 -0.33542
2.1135 -0.33475
2.115 -0.33408
2.1165 -0.33340
2.118 -0.33273
2.1195 -0.33204
2.121 -0.33136
2.1225 -0.33066
2.124 -0.32997
2.1255 -0.32927
2.1270000000000002 -0.32857
2.1285 -0.32786
2.13 -0.32715
2.1315 -0.32643
2.133 -0.32571
2.1345 -0.32499
2.136 -0.32426
2.1375 -0.32353
2.1390000000000002 -0.32279
2.1405 -0.32206
2.142 -0.32131
2.1435 -0.32057
2.145 -0.31981
2.1465 -0.31906
2.148 -0.31830
2.1495 -0.31754
2.1510000000000002 -0.31677
2.1525 -0.31600
2.154 -0.31522
2.1555 -0.31445
2.157 -0.31366
2.1585 -0.31288
2.16 -0.31209
2.1615 -0.31129
2.1630000000000003 -0.31049
2.1645 -0.30969
2.166 -0.30888
2.1675 -0.30807
2.169 -0.30726
2.1705 -0.30644
2.172 -0.30562
2.1735 -0.30479
2.1750000000000003 -0.30397
2.1765 -0.30313
2.178 -0.30229
2.1795 -0.30145
2.181 -0.30061
2.1825 -0.29976
2.184 -0.29890
2.1855 -0.29805
2.187 -0.29719
2.1885 -0.29632
2.19 -0.29545
2.1915 -0.29458
2.193 -0.29370
2.1945 -0.29282
2.196 -0.29194
2.1975000000000002 -0.29105
2.199 -0.29016
2.2005 -0.28926
2.202 -0.28836
2.2035 -0.28746
2.205 -0.28655
2.2065 -0.28564
2.208 -0.28472
2.2095000000000002 -0.28380
2.211 -0.28288
2.2125 -0.28195
2.214 -0.28102
2.2155 -0.28009
2.217 -0.27915
2.2185 -0.27820
2.22 -0.27726
2.2215000000000003 -0.27631
2.223 -0.27535
2.2245 -0.27439
2.226 -0.27343
2.2275 -0.27246
2.229 -0.27149
2.2305 -0.27052
2.232 -0.26954
2.2335000000000003 -0.26856
2.235 -0.26757
2.2365 -0.26658
2.238 -0.26559
2.2395 -0.26459
2.241 -0.26359
2.2425 -0.26258
2.244 -0.26157
2.2455 -0.26056
2.247 -0.25954
2.2485 -0.25852
2.25 -0.25749
2.2515 -0.25647
2.253 -0.25543
2.2545 -0.25439
2.2560000000000002 -0.25335
2.2575 -0.25231
2.259 -0.25126
2.2605 -0.25021
2.262 -0.24915
2.2635 -0.24809
2.265 -0.24702
2.2665 -0.24595
2.2680000000000002 -0.24488
2.2695 -0.24380
2.271 -0.24272
2.2725 -0.24163
2.274 -0.24054
2.2755 -0.23945
2.277 -0.23835
2.2785 -0.23725
2.2800000000000002 -0.23615
2.2815 -0.23504
2.283 -0.23392
2.2845 -0.23281
2.286 -0.23168
2.2875 -0.23056
2.289 -0.22943
2.2905 -0.22830
2.2920000000000003 -0.22716
2.2935 -0.22602
2.295 -0.22487
2.2965 -0.22372
2.298 -0.22257
2.2995 -0.22141
2.301 -0.22024
2.3025 -0.21908
2.3040000000000003 -0.21791
2.3055 -0.21673
2.307 -0.21555
2.3085 -0.21437
2.31 -0.21319
2.3115 -0.21199
2.313 -0.21080
2.3145000000000002 -0.20960
2.316 -0.20840
2.3175 -0.20719
2.319 -0.20598
2.3205 -0.20476
2.322 -0.20354
2.3235 -0.20232
2.325 -0.20109
2.3265000000000002 -0.19986
2.328 -0.19862
2.3295 -0.19738
2.331 -0.19614
2.3325 -0.19489
2.334 -0.19364
2.3355 -0.19238
2.337 -0.19112
2.3385000000000002 -0.18985
2.34 -0.18858
2.3415 -0.18731
2.343 -0.18603
2.3445 -0.18475
2.346 -0.18346
2.3475 -0.18217
2.349 -0.18088
2.3505000000000003 -0.17958
2.352 -0.17828
2.3535 -0.17697
2.355 -0.17566
2.3565 -0.17435
2.358 -0.17303
2.3595 -0.17171
2.361 -0.17038
2.3625000000000003 -0.16905
2.364 -0.16771
2.3655 -0.16637
2.367 -0.16503
2.3685 -0.16368
2.37 -0.16233
2.3715 -0.16097
2.373 -0.15961
2.3745 -0.15825
2.376 -0.15688
2.3775 -0.15551
2.379 -0.15413
2.3805 -0.15275
2.382 -0.15137
2.3835 -0.14998
2.3850000000000002 -0.14858
2.3865 -0.14719
2.388 -0.14579
2.3895 -0.14438
2.391 -0.14297
2.3925 -0.14156
2.394 -0.14015
2.3955 -0.13873
2.3970000000000002 -0.13730
2.3985 -0.13587
2.4 -0.13444
2.4015 -0.13300
2.403 -0.13157
2.4045 -0.13012
2.406 -0.12867
2.4075 -0.12722
2.4090000000000003 -0.12577
2.4105 -0.12431
2.412 -0.12284
2.4135 -0.12138
2.415 -0.11991
2.4165 -0.11843
2.418 -0.11696
2.4195 -0.11548
2.4210000000000003 -0.11399
2.4225 -0.11250
2.424 -0.11101
2.4255 -0.10951
2.427 -0.10801
2.4285 -0.10651
2.43 -0.10501
2.4315 -0.10350
2.433 -0.10198
2.4345 -0.10047
2.436 -0.098946
2.4375 -0.097423
2.439 -0.095896
2.4405 -0.094366
2.442 -0.092833
2.4435000000000002 -0.091297
2.445 -0.089757
2.4465 -0.088215
2.448 -0.086669
2.4495 -0.085121
2.451 -0.083569
2.4525 -0.082014
2.454 -0.080456
2.4555000000000002 -0.078896
2.457 -0.077332
2.4585 -0.075766
2.46 -0.074197
2.4615 -0.072626
2.463 -0.071051
2.4645 -0.069474
2.466 -0.067895
2.4675000000000002 -0.066313
2.469 -0.064728
2.4705 -0.063141
2.472 -0.061551
2.4735 -0.059960
2.475 -0.058365
2.4765 -0.056769
2.478 -0.055171
2.4795000000000003 -0.053570
2.481 -0.051967
2.4825 -0.050362
2.484 -0.048756
2.4855 -0.047147
2.487 -0.045536
2.4885 -0.043924
2.49 -0.042310
2.4915000000000003 -0.040694
2.493 -0.039077
2.4945 -0.037458
2.496 -0.035837
2.4975 -0.034216
2.499 -0.032592
2.5005 -0.030968
2.5020000000000002 -0.029342
2.5035 -0.027715
2.505 -0.026086
2.5065 -0.024457
2.508 -0.022827
2.5095 -0.021196
2.511 -0.019563
2.5125 -0.017930
2.5140000000000002 -0.016297
2.5155 -0.014662
2.517 -0.013027
2.5185 -0.011392
2.52 -0.0097557
2.5215 -0.0081193
2.523 -0.0064824
2.5245 -0.0048453
2.5260000000000002 -0.0032079
2.5275 -0.0015704
2.529 0.000067163
2.5305 0.0017048
2.532 0.0033424
2.5335 0.0049798
2.535 0.0066171
2.5365 0.0082541
2.5380000000000003 0.0098908
2.5395 0.011527
2.541 0.013163
2.5425 0.014798
2.544 0.016433
2.5455 0.018067
2.547 0.019701
2.5485 0.021334
2.5500000000000003 0.022965
2.5515 0.024596
2.553 0.026226
2.5545 0.027855
2.556 0.029483
2.5575 0.031110
2.559 0.032735
2.5605 0.034359
2.562 0.035982
2.5635 0.037604
2.565 0.039224
2.5665 0.040842
2.568 0.042459
2.5695 0.044074
2.571 0.045688
2.5725000000000002 0.047299
2.574 0.048909
2.5755 0.050517
2.577 0.052123
2.5785 0.053727
2.58 0.055329
2.5815 0.056929
2.583 0.058527
2.5845000000000002 0.060123
2.586 0.061716
2.5875 0.063307
2.589 0.064895
2.5905 0.066482
2.592 0.068065
2.5935 0.069646
2.595 0.071225
2.5965000000000003 0.072801
2.598 0.074375
2.5995 0.075945
2.601 0.077513
2.6025 0.079078
2.604 0.080641
2.6055 0.082200
2.607 0.083757
2.6085000000000003 0.085310
2.61 0.086861
2.6115 0.088408
2.613 0.089953
2.6145 0.091494
2.616 0.093032
2.6175 0.094567
2.619 0.096099
2.6205000000000003 0.097628
2.622 0.099153
2.6235 0.10067
2.625 0.10219
2.6265 0.10371
2.628 0.10522
2.6295 0.10673
2.6310000000000002 0.10823
2.6325 0.10973
2.634 0.11123
2.6355 0.11273
2.637 0.11422
2.6385 0.11570
2.64 0.11719
2.6415 0.11867
2.6430000000000002 0.12014
2.6445 0.12162
2.646 0.12309
2.6475 0.12455
2.649 0.12601
2.6505 0.12747
2.652 0.12892
2.6535 0.13037
2.6550000000000002 0.13182
2.6565 0.13326
2.658 0.13470
2.6595 0.13613
2.661 0.13756
2.6625 0.13899
2.664 0.14041
2.6655 0.14183
2.6670000000000003 0.14324
2.6685 0.14466
2.67 0.14606
2.6715 0.14746
2.673 0.14886
2.6745 0.15026
2.676 0.15165
2.6775 0.15304
2.6790000000000003 0.15442
2.6805 0.15580
2.682 0.15717
2.6835 0.15854
2.685 0.15991
2.6865 0.16127
2.688 0.16263
2.6895000000000002 0.16398
2.691 0.16533
2.6925 0.16668
2.694 0.16802
2.6955 0.16936
2.697 0.17069
2.6985 0.17202
2.7 0.17335
2.7015000000000002 0.17467
2.703 0.17598
2.7045 0.17730
2.706 0.17860
2.7075 0.17991
2.709 0.18121
2.7105 0.18251
2.712 0.18380
2.7135000000000002 0.18509
2.715 0.18637
2.7165 0.18765
2.718 0.18892
2.7195 0.19020
2.721 0.19146
2.7225 0.19273
2.724 0.19399
2.7255000000000003 0.19524
2.727 0.19649
2.7285 0.19774
2.73 0.19898
2.7315 0.20022
2.733 0.20145
2.7345 0.20268
2.736 0.20391
2.7375000000000003 0.20513
2.739 0.20635
2.7405 0.20756
2.742 0.20877
2.7435 0.20998
2.745 0.21118
2.7465 0.21237
2.748 0.21357
2.7495000000000003 0.21476
2.751 0.21594
2.7525 0.21712
2.754 0.21830
2.7555 0.21947
2.757 0.22064
2.7585 0.22180
2.7600000000000002 0.22296
2.7615 0.22412
2.763 0.22527
2.7645 0.22642
2.766 0.22756
2.7675 0.22870
2.769 0.22984
2.7705 0.23097
2.7720000000000002 0.23210
2.7735 0.23322
2.775 0.23434
2.7765 0.23546
2.778 0.23657
2.7795 0.23767
2.781 0.23878
2.7825 0.23988
2.7840000000000003 0.24097
2.7855 0.24206
2.787 0.24315
2.7885 0.24424
2.79 0.24531
2.7915 0.24639
2.793 0.24746
2.7945 0.24853
2.7960000000000003 0.24959
2.7975 0.25065
2.799 0.25171
2.8005 0.25276
2.802 0.25381
2.8035 0.25485
2.805 0.25589
2.8065 0.25692
2.8080000000000003 0.25796
2.8095 0.25898
2.811 0.26001
2.8125 0.26103
2.814 0.26204
2.8155 0.26305
2.817 0.26406
2.8185000000000002 0.26507
2.82 0.26607
2.8215 0.26706
2.823 0.26806
2.8245 0.26904
2.826 0.27003
2.8275 0.27101
2.829 0.27199
2.8305000000000002 0.27296
2.832 0.27393
2.8335 0.27489
2.835 0.27585
2.8365 0.27681
2.838 0.27776
2.8395 0.27871
2.841 0.27966
2.8425000000000002 0.28060
2.844 0.28154
2.8455 0.28247
2.847 0.28340
2.8485 0.28433
2.85 0.28525
2.8515 0.28617
2.853 0.28708
2.8545000000000003 0.28799
2.856 0.28890
2.8575 0.28980
2.859 0.29070
2.8605 0.29159
2.862 0.29248
2.8635 0.29337
2.865 0.29425
2.8665000000000003 0.29513
2.868 0.29601
2.8695 0.29688
2.871 0.29775
2.8725 0.29861
2.874 0.29947
2.8755 0.30033
2.8770000000000002 0.30118
2.8785000000000003 0.30203
2.88 0.30287
2.8815 0.30371
2.883 0.30455
2.8845 0.30538
2.886 0.30621
2.8875 0.30704
2.8890000000000002 0.30786
2.8905 0.30867
2.892 0.30949
2.8935 0.31030
2.895 0.31110
2.8965 0.31190
2.898 0.31270
2.8995 0.31350
2.9010000000000002 0.31429
2.9025 0.31507
2.904 0.31585
2.9055 0.31663
2.907 0.31741
2.9085 0.31818
2.91 0.31894
2.9115 0.31971
2.9130000000000003 0.32046
2.9145 0.32122
2.916 0.32197
2.9175 0.32272
2.919 0.32346
2.9205 0.32420
2.922 0.32493
2.9235 0.32567
2.9250000000000003 0.32639
2.9265 0.32712
2.928 0.32784
2.9295 0.32855
2.931 0.32926
2.9325 0.32997
2.934 0.33067
2.9355 0.33137
2.9370000000000003 0.33207
2.9385 0.33276
2.94 0.33345
2.9415 0.33413
2.943 0.33481
2.9445 0.33549
2.946 0.33616
2.9475000000000002 0.33683
2.949 0.33749
2.9505 0.33815
2.952 0.33880
2.9535 0.33946
2.955 0.34010
2.9565 0.34075
2.958 0.34139
2.9595000000000002 0.34202
2.961 0.34265
2.9625 0.34328
2.964 0.34390
2.9655 0.34452
2.967 0.34514
2.9685 0.34575
2.97 0.34636
2.9715000000000003 0.34696
2.973 0.34756
2.9745 0.34815
2.976 0.34874
2.9775 0.34933
2.979 0.34991
2.9805 0.35049
2.982 0.35106
2.9835000000000003 0.35163
2.985 0.35220
2.9865 0.35276
2.988 0.35332
2.9895 0.35387
2.991 0.35442
2.9925 0.35497
2.994 0.35551
2.9955000000000003 0.35604
2.997 0.35658
2.9985 0.35710
3.0 0.35763
3.0015 0.35815
3.003 0.35866
3.0045 0.35917
3.0060000000000002 0.35968
3.0075000000000003 0.36018
3.009 0.36068
3.0105 0.36118
3.012 0.36167
3.0135 0.36215
3.015 0.36263
3.0165 0.36311
3.0180000000000002 0.36358
3.0195 0.36405
3.021 0.36451
3.0225 0.36497
3.024 0.36543
3.0255 0.36588
3.027 0.36633
3.0285 0.36677
3.0300000000000002 0.36721
3.0315 0.36764
3.033 0.36807
3.0345 0.36850
3.036 0.36892
3.0375 0.36933
3.039 0.36974
3.0405 0.37015
3.0420000000000003 0.37055
3.0435 0.37095
3.045 0.37135
3.0465 0.37174
3.048 0.37212
3.0495 0.37250
3.051 0.37288
3.0525 0.37325
3.0540000000000003 0.37362
3.0555 0.37398
3.057 0.37434
3.0585 0.37469
3.06 0.37504
3.0615 0.37539
3.063 0.37573
3.0645000000000002 0.37606
3.0660000000000003 0.37639
3.0675 0.37672
3.069 0.37704
3.0705 0.37736
3.072 0.37767
3.0735 0.37798
3.075 0.37828
3.0765000000000002 0.37858
3.078 0.37888
3.0795 0.37917
3.081 0.37945
3.0825 0.37973
3.084 0.38001
3.0855 0.38028
3.087 0.38055
3.0885000000000002 0.38081
3.09 0.38107
3.0915 0.38132
3.093 0.38157
3.0945 0.38181
3.096 0.38205
3.0975 0.38229
3.099 0.38252
3.1005000000000003 0.38274
3.102 0.38296
3.1035 0.38318
3.105 0.38339
3.1065 0.38359
3.108 0.38380
3.1095 0.38399
3.111 0.38418
3.1125000000000003 0.38437
3.114 0.38455
3.1155 0.38473
3.117 0.38491
3.1185 0.38507
3.12 0.38524
3.1215 0.38540
3.123 0.38555
3.1245000000000003 0.38570
3.126 0.38584
3.1275 0.38598
3.129 0.38612
3.1305 0.38625
3.132 0.38637
3.1335 0.38650
3.1350000000000002 0.38661
3.1365 0.38672
3.138 0.38683
3.1395 0.38693
3.141 0.38703
3.1425 0.38712
3.144 0.38721
3.1455 0.38729
3.1470000000000002 0.38737
3.1485 0.38744
3.15 0.38751
3.1515 0.38757
3.153 0.38763
3.1545 0.38768
3.156 0.38773
3.1575 0.38778
3.1590000000000003 0.38781
3.1605 0.38785
3.162 0.38788
3.1635 0.38790
3.165 0.38792
3.1665 0.38794
3.168 0.38795
3.1695 0.38796
3.1710000000000003 0.38796
3.1725 0.38795
3.174 0.38794
3.1755 0.38793
3.177 0.38791
3.1785 0.38789
3.18 0.38786
3.1815 0.38783
3.1830000000000003 0.38779
3.1845 0.38775
3.186 0.38770
3.1875 0.38765
3.189 0.38759
3.1905 0.38753
3.192 0.38746
3.1935000000000002 0.38739
3.1950000000000003 0.38731
3.1965 0.38723
3.198 0.38714
3.1995 0.38705
3.201 0.38696
3.2025 0.38686
3.204 0.38675
3.2055000000000002 0.38664
3.207 0.38653
3.2085 0.38641
3.21 0.38629
3.2115 0.38616
3.213 0.38602
3.2145 0.38589
3.216 0.38574
3.2175000000000002 0.38559
3.219 0.38544
3.2205 0.38528
3.222 0.38512
3.2235 0.38496
3.225 0.38478
3.2265 0.38461
3.228 0.38443
3.2295000000000003 0.38424
3.231 0.38405
3.2325 0.38385
3.234 0.38366
3.2355 0.38345
3.237 0.38324
3.2385 0.38303
3.24 0.38281
3.2415000000000003 0.38258
3.243 0.38236
3.2445 0.38212
3.246 0.38189
3.2475 0.38164
3.249 0.38140
3.2505 0.38115
3.2520000000000002 0.38089
3.2535000000000003 0.38063
3.255 0.38036
3.2565 0.38009
3.258 0.37982
3.2595 0.37954
3.261 0.37926
3.2625 0.37897
3.2640000000000002 0.37868
3.2655 0.37838
3.267 0.37808
3.2685 0.37777
3.27 0.37746
3.2715 0.37714
3.273 0.37682
3.2745 0.37650
3.2760000000000002 0.37617
3.2775 0.37583
3.279 0.37550
3.2805 0.37515
3.282 0.37481
3.2835 0.37445
3.285 0.37410
3.2865 0.37374
3.2880000000000003 0.37337
3.2895 0.37300
3.291 0.37263
3.2925 0.37225
3.294 0.37187
3.2955 0.37148
3.297 0.37109
3.2985 0.37069
3.3000000000000003 0.37029
3.3015 0.36988
3.303 0.36947
3.3045 0.36906
3.306 0.36864
3.3075 0.36822
3.309 0.36779
3.3105 0.36736
3.3120000000000003 0.36693
3.3135 0.36649
3.315 0.36604
3.3165 0.36559
3.318 0.36514
3.3195 0.36468
3.321 0.36422
3.3225000000000002 0.36375
3.3240000000000003 0.36328
3.3255 0.36281
3.327 0.36233
3.3285 0.36185
3.33 0.36136
3.3315 0.36087
3.333 0.36037
3.3345000000000002 0.35987
3.336 0.35937
3.3375 0.35886
3.339 0.35835
3.3405 0.35783
3.342 0.35731
3.3435 0.35678
3.345 0.35625
3.3465000000000003 0.35572
3.348 0.35518
3.3495 0.35464
3.351 0.35409
3.3525 0.35354
3.354 0.35299
3.3555 0.35243
3.357 0.35187
3.3585000000000003 0.35130
3.36 0.35073
3.3615 0.35015
3.363 0.34957
3.3645 0.34899
3.366 0.34840
3.3675 0.34781
3.369 0.34722
3.3705000000000003 0.34662
3.372 0.34601
3.3735 0.34540
3.375 0.34479
3.3765 0.34418
3.378 0.34356
3.3795 0.34293
3.3810000000000002 0.34230
3.3825000000000003 0.34167
3.384 0.34104
3.3855 0.34040
3.387 0.33975
3.3885 0.33910
3.39 0.33845
3.3915 0.33779
3.3930000000000002 0.33713
3.3945 0.33647
3.396 0.33580
3.3975 0.33513
3.399 0.33445
3.4005 0.33377
3.402 0.33309
3.4035 0.33240
3.4050000000000002 0.33171
3.4065 0.33102
3.408 0.33032
3.4095 0.32961
3.411 0.32890
3.4125 0.32819
3.414 0.32748
3.4155 0.32676
3.4170000000000003 0.32603
3.4185 0.32531
3.42 0.32458
3.4215 0.32384
3.423 0.32310
3.4245 0.32236
3.426 0.32161
3.4275 0.32086
3.4290000000000003 0.32011
3.4305 0.31935
3.432 0.31859
3.4335 0.31782
3.435 0.31705
3.4365 0.31628
3.438 0.31550
3.4395000000000002 0.31472
3.4410000000000003 0.31393
3.4425 0.31314
3.444 0.31235
3.4455 0.31155
3.447 0.31075
3.4485 0.30995
3.45 0.30914
3.4515000000000002 0.30833
3.4530000000000003 0.30751
3.4545 0.30669
3.456 0.30587
3.4575 0.30504
3.459 0.30421
3.4605 0.30337
3.462 0.30253
3.4635000000000002 0.30169
3.465 0.30084
3.4665 0.29999
3.468 0.29914
3.4695 0.29828
3.471 0.29741
3.4725 0.29655
3.474 0.29568
3.4755000000000003 0.29480
3.477 0.29393
3.4785 0.29304
3.48 0.29216
3.4815 0.29127
3.483 0.29038
3.4845 0.28948
3.486 0.28858
3.4875000000000003 0.28767
3.489 0.28677
3.4905 0.28585
3.492 0.28494
3.4935 0.28402
3.495 0.28309
3.4965 0.28217
3.498 0.28123
3.4995000000000003 0.28030
3.501 0.27936
3.5025 0.27842
3.504 0.27747
3.5055 0.27652
3.507 0.27556
3.5085 0.27460
3.5100000000000002 0.27364
3.5115000000000003 0.27268
3.513 0.27171
3.5145 0.27073
3.516 0.26975
3.5175 0.26877
3.519 0.26779
3.5205 0.26680
3.5220000000000002 0.26580
3.5235 0.26481
3.525 0.26380
3.5265 0.26280
3.528 0.26179
3.5295 0.26078
3.531 0.25976
3.5325 0.25874
3.5340000000000003 0.25771
3.5355 0.25669
3.537 0.25565
3.5385 0.25462
3.54 0.25358
3.5415 0.25253
3.543 0.25148
3.5445 0.25043
3.5460000000000003 0.24938
3.5475 0.24832
3.549 0.24725
3.5505 0.24619
3.552 0.24511
3.5535 0.24404
3.555 0.24296
3.5565 0.24187
3.5580000000000003 0.24079
3.5595 0.23970
3.561 0.23860
3.5625 0.23750
3.564 0.23640
3.5655 0.23529
3.567 0.23418
3.5685000000000002 0.23306
3.5700000000000003 0.23194
3.5715 0.23082
3.573 0.22969
3.5745 0.22856
3.576 0.22743
3.5775 0.22629
3.579 0.22514
3.5805000000000002 0.22400
3.5820000000000003 0.22284
3.5835 0.22169
3.585 0.22053
3.5865 0.21937
3.588 0.21820
3.5895 0.21703
3.591 0.21585
3.5925000000000002 0.21467
3.594 0.21349
3.5955 0.21230
3.597 0.21111
3.5985 0.20991
3.6 0.20871
3.6015 0.20751
3.603 0.20630
3.6045000000000003 0.20509
3.606 0.20387
3.6075 0.20265
3.609 0.20143
3.6105 0.20020
3.612 0.19896
3.6135 0.19773
3.615 0.19649
3.6165000000000003 0.19524
3.618 0.19399
3.6195 0.19274
3.621 0.19148
3.6225 0.19022
3.624 0.18896
3.6255 0.18769
3.6270000000000002 0.18641
3.6285000000000003 0.18513
3.63 0.18385
3.6315 0.18257
3.633 0.18128
3.6345 0.17998
3.636 0.17868
3.6375 0.17738
3.6390000000000002 0.17608
3.6405000000000003 0.17477
3.642 0.17345
3.6435 0.17213
3.645 0.17081
3.6465 0.16948
3.648 0.16815
3.6495 0.16682
3.6510000000000002 0.16548
3.6525 0.16413
3.654 0.16279
3.6555 0.16144
3.657 0.16008
3.6585 0.15872
3.66 0.15736
3.6615 0.15599
3.6630000000000003 0.15462
3.6645 0.15324
3.666 0.15187
3.6675 0.15048
3.669 0.14909
3.6705 0.14770
3.672 0.14631
3.6735 0.14491
3.6750000000000003 0.14351
3.6765 0.14210
3.678 0.14069
3.6795 0.13927
3.681 0.13785
3.6825 0.13643
3.684 0.13500
3.6855 0.13357
3.6870000000000003 0.13214
3.6885 0.13070
3.69 0.12926
3.6915 0.12781
3.693 0.12636
3.6945 0.12491
3.696 0.12345
3.6975000000000002 0.12199
3.6990000000000003 0.12053
3.7005 0.11906
3.702 0.11759
3.7035 0.11611
3.705 0.11463
3.7065 0.11315
3.708 0.11166
3.7095000000000002 0.11017
3.7110000000000003 0.10868
3.7125 0.10718
3.714 0.10568
3.7155 0.10418
3.717 0.10267
3.7185 0.10116
3.72 0.099649
3.7215000000000003 0.098131
3.723 0.096611
3.7245 0.095087
3.726 0.093560
3.7275 0.092030
3.729 0.090497
3.7305 0.088960
3.732 0.087421
3.7335000000000003 0.085878
3.735 0.084333
3.7365 0.082784
3.738 0.081233
3.7395 0.079678
3.741 0.078121
3.7425 0.076561
3.744 0.074998
3.7455000000000003 0.073433
3.747 0.071865
3.7485 0.070294
3.75 0.068720
3.7515 0.067145
3.753 0.065566
3.7545 0.063985
3.7560000000000002 0.062402
3.7575000000000003 0.060816
3.759 0.059228
3.7605 0.057638
3.762 0.056046
3.7635 0.054451
3.765 0.052854
3.7665 0.051256
3.7680000000000002 0.049655
3.7695000000000003 0.048053
3.771 0.046448
3.7725 0.044842
3.774 0.043234
3.7755 0.041624
3.777 0.040013
3.7785 0.038400
3.7800000000000002 0.036785
3.7815 0.035169
3.783 0.033552
3.7845 0.031933
3.786 0.030313
3.7875 0.028692
3.789 0.027069
3.7905 0.025445
3.7920000000000003 0.023821
3.7935 0.022195
3.795 0.020569
3.7965 0.018941
3.798 0.017313
3.7995 0.015684
3.801 0.014055
3.8025 0.012425
3.8040000000000003 0.010794
3.8055 0.0091631
3.807 0.0075316
3.8085 0.0058998
3.81 0.0042677
3.8115 0.0026355
3.813 0.0010030
3.8145000000000002 -0.00062945
3.8160000000000003 -0.0022619
3.8175 -0.0038943
3.819 -0.0055266
3.8205 -0.0071587
3.822 -0.0087905
3.8235 -0.010422
3.825 -0.012053
3.8265000000000002 -0.013684
3.8280000000000003 -0.015314
3.8295 -0.016943
3.831 -0.018572
3.8325 -0.020200
3.834 -0.021827
3.8355 -0.023454
3.837 -0.025080
3.8385000000000002 -0.026704
3.84 -0.028328
3.8415 -0.029950
3.843 -0.031571
3.8445 -0.033191
3.846 -0.034810
3.8475 -0.036427
3.849 -0.038043
3.8505000000000003 -0.039658
3.852 -0.041271
3.8535 -0.042882
3.855 -0.044492
3.8565 -0.046100
3.858 -0.047706
3.8595 -0.049311
3.861 -0.050913
3.8625000000000003 -0.052514
3.864 -0.054112
3.8655 -0.055709
3.867 -0.057304
3.8685 -0.058896
3.87 -0.060486
3.8715 -0.062074
3.873 -0.063659
3.8745000000000003 -0.065243
3.876 -0.066823
3.8775 -0.068402
3.879 -0.069978
3.8805 -0.071551
3.882 -0.073122
3.8835 -0.074690
3.8850000000000002 -0.076255
3.8865000000000003 -0.077818
3.888 -0.079378
3.8895 -0.080935
3.891 -0.082489
3.8925 -0.084040
3.894 -0.085588
3.8955 -0.087134
3.8970000000000002 -0.088676
3.8985000000000003 -0.090215
3.9 -0.091751
3.9015 -0.093284
3.903 -0.094814
3.9045 -0.096341
3.906 -0.097865
3.9075 -0.099385
3.9090000000000003 -0.10090
3.9105 -0.10242
3.912 -0.10393
3.9135 -0.10543
3.915 -0.10694
3.9165 -0.10844
3.918 -0.10993
3.9195 -0.11143
3.9210000000000003 -0.11291
3.9225 -0.11440
3.924 -0.11588
3.9255 -0.11736
3.927 -0.11884
3.9285 -0.12031
3.93 -0.12178
3.9315 -0.12324
3.9330000000000003 -0.12470
3.9345 -0.12616
3.936 -0.12761
3.9375 -0.12906
3.939 -0.13051
3.9405 -0.13195
3.942 -0.13338
3.9435000000000002 -0.13482
3.9450000000000003 -0.13625
3.9465 -0.13767
3.948 -0.13910
3.9495 -0.14051
3.951 -0.14193
3.9525 -0.14334
3.954 -0.14475
3.9555000000000002 -0.14615
3.9570000000000003 -0.14755
3.9585 -0.14894
3.96 -0.15033
3.9615 -0.15172
3.963 -0.15310
3.9645 -0.15448
3.966 -0.15586
3.9675000000000002 -0.15723
3.969 -0.15859
3.9705 -0.15996
3.972 -0.16131
3.9735 -0.16267
3.975 -0.16402
3.9765 -0.16537
3.978 -0.16671
3.9795000000000003 -0.16805
3.981 -0.16938
3.9825 -0.17071
3.984 -0.17204
3.9855 -0.17336
3.987 -0.17468
3.9885 -0.17599
3.99 -0.17730
3.9915000000000003 -0.17861
3.993 -0.17991
3.9945 -0.18120
3.996 -0.18250
3.9975 -0.18379
3.999 -0.18507
4.0005 -0.18635
4.002 -0.18763
4.0035 -0.18890
4.005 -0.19017
4.0065 -0.19144
4.008 -0.19270
4.0095 -0.19395
4.011 -0.19521
4.0125 -0.19645
4.014 -0.19770
4.0155 -0.19894
4.017 -0.20017
4.0185 -0.20141
4.0200000000000005 -0.20263
4.0215000000000005 -0.20386
4.023 -0.20508
4.0245 -0.20629
4.026 -0.20750
4.0275 -0.20871
4.029 -0.20991
4.0305 -0.21111
4.032 -0.21231
4.0335 -0.21350
4.035 -0.21469
4.0365 -0.21587
4.038 -0.21705
4.0395 -0.21822
4.041 -0.21939
4.0425 -0.22056
4.0440000000000005 -0.22172
4.0455 -0.22288
4.047 -0.22404
4.0485 -0.22519
4.05 -0.22634
4.0515 -0.22748
4.053 -0.22862
4.0545 -0.22975
4.056 -0.23088
4.0575 -0.23201
4.059 -0.23313
4.0605 -0.23425
4.062 -0.23536
4.0635 -0.23647
4.065 -0.23758
4.0665000000000004 -0.23868
4.0680000000000005 -0.23978
4.0695 -0.24088
4.071 -0.24197
4.0725 -0.24305
4.074 -0.24414
4.0755 -0.24522
4.077 -0.24629
4.0785 -0.24736
4.08 -0.24843
4.0815 -0.24949
4.083 -0.25055
4.0845 -0.25161
4.086 -0.25266
4.0875 -0.25371
4.089 -0.25475
4.0905000000000005 -0.25579
4.0920000000000005 -0.25682
4.0935 -0.25786
4.095 -0.25888
4.0965 -0.25991
4.098 -0.26093
4.0995 -0.26194
4.101 -0.26296
4.1025 -0.26397
4.104 -0.26497
4.1055 -0.26597
4.107 -0.26697
4.1085 -0.26796
4.11 -0.26895
4.1115 -0.26993
4.113 -0.27092
4.1145000000000005 -0.27189
4.116 -0.27287
4.1175 -0.27384
4.119 -0.27480
4.1205 -0.27576
4.122 -0.27672
4.1235 -0.27768
4.125 -0.27863
4.1265 -0.27957
4.128 -0.28052
4.1295 -0.28146
4.131 -0.28239
4.1325 -0.28332
4.134 -0.28425
4.1355 -0.28517
4.1370000000000005 -0.28609
4.1385000000000005 -0.28701
4.14 -0.28792
4.1415 -0.28883
4.143 -0.28973
4.1445 -0.29063
4.146 -0.29153
4.1475 -0.29242
4.149 -0.29331
4.1505 -0.29420
4.152 -0.29508
4.1535 -0.29596
4.155 -0.29683
4.1565 -0.29770
4.158 -0.29857
4.1595 -0.29943
4.1610000000000005 -0.30029
4.1625 -0.30115
4.164 -0.30200
4.1655 -0.30284
4.167 -0.30369
4.1685 -0.30453
4.17 -0.30536
4.1715 -0.30620
4.173 -0.30702
4.1745 -0.30785
4.176 -0.30867
4.1775 -0.30949
4.179 -0.31030
4.1805 -0.31111
4.182 -0.31191
4.1835 -0.31271
4.1850000000000005 -0.31351
4.1865 -0.31431
4.188 -0.31510
4.1895 -0.31588
4.191 -0.31667
4.1925 -0.31744
4.194 -0.31822
4.1955 -0.31899
4.197 -0.31976
4.1985 -0.32052
4.2 -0.32128
4.2015 -0.32203
4.203 -0.32278
4.2045 -0.32353
4.206 -0.32428
4.2075000000000005 -0.32502
4.2090000000000005 -0.32575
4.2105 -0.32648
4.212 -0.32721
4.2135 -0.32794
4.215 -0.32866
4.2165 -0.32937
4.218 -0.33009
4.2195 -0.33080
4.221 -0.33150
4.2225 -0.33220
4.224 -0.33290
4.2255 -0.33359
4.227 -0.33428
4.2285 -0.33497
4.23 -0.33565
4.2315000000000005 -0.33633
4.233 -0.33700
4.2345 -0.33767
4.236 -0.33834
4.2375 -0.33900
4.239 -0.33966
4.2405 -0.34031
4.242 -0.34096
4.2435 -0.34161
4.245 -0.34225
4.2465 -0.34289
4.248 -0.34352
4.2495 -0.34415
4.251 -0.34478
4.2525 -0.34540
4.2540000000000004 -0.34602
4.2555000000000005 -0.34663
4.257 -0.34724
4.2585 -0.34785
4.26 -0.34845
4.2615 -0.34905
4.263 -0.34965
4.2645 -0.35024
4.266 -0.35082
4.2675 -0.35140
4.269 -0.35198
4.2705 -0.35256
4.272 -0.35313
4.2735 -0.35369
4.275 -0.35425
4.2765 -0.35481
4.2780000000000005 -0.35536
4.2795000000000005 -0.35591
4.281 -0.35646
4.2825 -0.35700
4.284 -0.35754
4.2855 -0.35807
4.287 -0.35860
4.2885 -0.35913
4.29 -0.35965
4.2915 -0.36016
4.293 -0.36067
4.2945 -0.36118
4.296 -0.36169
4.2975 -0.36219
4.299 -0.36268
4.3005 -0.36317
4.3020000000000005 -0.36366
4.3035 -0.36414
4.305 -0.36462
4.3065 -0.36510
4.308 -0.36557
4.3095 -0.36603
4.311 -0.36650
4.3125 -0.36695
4.314 -0.36741
4.3155 -0.36786
4.317 -0.36830
4.3185 -0.36874
4.32 -0.36918
4.3215 -0.36961
4.323 -0.37004
4.3245000000000005 -0.37046
4.3260000000000005 -0.37088
4.3275 -0.37129
4.329 -0.37171
4.3305 -0.37211
4.332 -0.37251
4.3335 -0.37291
4.335 -0.37330
4.3365 -0.37369
4.338 -0.37408
4.3395 -0.37446
4.341 -0.37483
4.3425 -0.37520
4.344 -0.37557
4.3455 -0.37593
4.347 -0.37629
4.3485000000000005 -0.37664
4.3500000000000005 -0.37699
4.3515 -0.37734
4.353 -0.37768
4.3545 -0.37801
4.356 -0.37834
4.3575 -0.37867
4.359 -0.37899
4.3605 -0.37931
4.362 -0.37962
4.3635 -0.37993
4.365 -0.38024
4.3665 -0.38054
4.368 -0.38083
4.3695 -0.38112
4.371 -0.38141
4.3725000000000005 -0.38169
4.374 -0.38197
4.3755 -0.38224
4.377 -0.38251
4.3785 -0.38277
4.38 -0.38303
4.3815 -0.38329
4.383 -0.38354
4.3845 -0.38378
4.386 -0.38402
4.3875 -0.38426
4.389 -0.38449
4.3905 -0.38472
4.392 -0.38494
4.3935 -0.38516
4.3950000000000005 -0.38537
4.3965000000000005 -0.38558
4.398 -0.38578
4.3995 -0.38598
4.401 -0.38618
4.4025 -0.38637
4.404 -0.38655
4.4055 -0.38673
4.407 -0.38691
4.4085 -0.38708
4.41 -0.38725
4.4115 -0.38741
4.413 -0.38757
4.4145 -0.38772
4.416 -0.38787
4.4175 -0.38801
4.4190000000000005 -0.38815
4.4205 -0.38828
4.422 -0.38841
4.4235 -0.38854
4.425 -0.38866
4.4265 -0.38877
4.428 -0.38888
4.4295 -0.38899
4.431 -0.38909
4.4325 -0.38919
4.434 -0.38928
4.4355 -0.38936
4.437 -0.38945
4.4385 -0.38952
4.44 -0.38960
4.4415000000000004 -0.38966
4.4430000000000005 -0.38973
4.4445 -0.38979
4.446 -0.38984
4.4475 -0.38989
4.449 -0.38993
4.4505 -0.38997
4.452 -0.39001
4.4535 -0.39004
4.455 -0.39006
4.4565 -0.39008
4.458 -0.39010
4.4595 -0.39011
4.461 -0.39012
4.4625 -0.39012
4.464 -0.39012
4.4655000000000005 -0.39011
4.4670000000000005 -0.39010
4.4685 -0.39008
4.47 -0.39006
4.4715 -0.39003
4.473 -0.39000
4.4745 -0.38996
4.476 -0.38992
4.4775 -0.38988
4.479 -0.38983
4.4805 -0.38977
4.482 -0.38971
4.4835 -0.38965
4.485 -0.38958
4.4865 -0.38950
4.488 -0.38942
4.4895000000000005 -0.38934
4.491 -0.38925
4.4925 -0.38916
4.494 -0.38906
4.4955 -0.38896
4.497 -0.38885
4.4985 -0.38874
4.5 -0.38863
4.5015 -0.38850
4.503 -0.38838
4.5045 -0.38825
4.506 -0.38811
4.5075 -0.38797
4.509 -0.38783
4.5105 -0.38768
4.5120000000000005 -0.38753
4.5135000000000005 -0.38737
4.515 -0.38720
4.5165 -0.38704
4.518 -0.38686
4.5195 -0.38669
4.521 -0.38651
4.5225 -0.38632
4.524 -0.38613
4.5255 -0.38593
4.527 -0.38573
4.5285 -0.38553
4.53 -0.38532
4.5315 -0.38510
4.533 -0.38488
4.5345 -0.38466
4.5360000000000005 -0.38443
4.5375000000000005 -0.38420
4.539 -0.38396
4.5405 -0.38372
4.542 -0.38348
4.5435 -0.38322
4.545 -0.38297
4.5465 -0.38271
4.548 -0.38245
4.5495 -0.38218
4.551 -0.38190
4.5525 -0.38162
4.554 -0.38134
4.5555 -0.38105
4.557 -0.38076
4.5585 -0.38047
4.5600000000000005 -0.38017
4.5615 -0.37986
4.563 -0.37955
4.5645 -0.37924
4.566 -0.37892
4.5675 -0.37860
4.569 -0.37827
4.5705 -0.37794
4.572 -0.37760
4.5735 -0.37726
4.575 -0.37691
4.5765 -0.37657
4.578 -0.37621
4.5795 -0.37585
4.581 -0.37549
4.5825000000000005 -0.37512
4.5840000000000005 -0.37475
4.5855 -0.37438
4.587 -0.37400
4.5885 -0.37361
4.59 -0.37322
4.5915 -0.37283
4.593 -0.37243
4.5945 -0.37203
4.596 -0.37162
4.5975 -0.37121
4.599 -0.37080
4.6005 -0.37038
4.602 -0.36995
4.6035 -0.36953
4.605 -0.36909
4.6065000000000005 -0.36866
4.6080000000000005 -0.36822
4.6095 -0.36777
4.611 -0.36732
4.6125 -0.36687
4.614 -0.36641
4.6155 -0.36595
4.617 -0.36548
4.6185 -0.36501
4.62 -0.36454
4.6215 -0.36406
4.623 -0.36358
4.6245 -0.36309
4.626 -0.36260
4.6275 -0.36210
4.6290000000000004 -0.36160
4.6305000000000005 -0.36110
4.632 -0.36059
4.6335 -0.36008
4.635 -0.35956
4.6365 -0.35904
4.638 -0.35852
4.6395 -0.35799
4.641 -0.35746
4.6425 -0.35692
4.644 -0.35638
4.6455 -0.35584
4.647 -0.35529
4.6485 -0.35473
4.65 -0.35418
4.6515 -0.35362
4.6530000000000005 -0.35305
4.6545000000000005 -0.35248
4.656 -0.35191
4.6575 -0.35133
4.659 -0.35075
4.6605 -0.35016
4.662 -0.34957
4.6635 -0.34898
4.665 -0.34838
4.6665 -0.34778
4.668 -0.34718
4.6695 -0.34657
4.671 -0.34595
4.6725 -0.34534
4.674 -0.34471
4.6755 -0.34409
4.6770000000000005 -0.34346
4.6785 -0.34283
4.68 -0.34219
4.6815 -0.34155
4.683 -0.34090
4.6845 -0.34025
4.686 -0.33960
4.6875 -0.33895
4.689 -0.33828
4.6905 -0.33762
4.692 -0.33695
4.6935 -0.33628
4.695 -0.33560
4.6965 -0.33492
4.698 -0.33424
4.6995000000000005 -0.33355
4.7010000000000005 -0.33286
4.7025 -0.33216
4.704 -0.33146
4.7055 -0.33076
4.707 -0.33005
4.7085 -0.32934
4.71 -0.32863
4.7115 -0.32791
4.713 -0.32719
4.7145 -0.32646
4.716 -0.32573
4.7175 -0.32499
4.719 -0.32426
4.7205 -0.32351
4.722 -0.32277
4.7235000000000005 -0.32202
4.7250000000000005 -0.32126
4.7265 -0.32051
4.728 -0.31975
4.7295 -0.31898
4.731 -0.31821
4.7325 -0.31744
4.734 -0.31666
4.7355 -0.31588
4.737 -0.31510
4.7385 -0.31431
4.74 -0.31352
4.7415 -0.31273
4.743 -0.31193
4.7445 -0.31112
4.746 -0.31032
4.7475000000000005 -0.30951
4.749 -0.30869
4.7505 -0.30788
4.752 -0.30705
4.7535 -0.30623
4.755 -0.30540
4.7565 -0.30457
4.758 -0.30373
4.7595 -0.30289
4.761 -0.30204
4.7625 -0.30120
4.764 -0.30034
4.7655 -0.29949
4.767 -0.29863
4.7685 -0.29777
4.7700000000000005 -0.29690
4.7715000000000005 -0.29603
4.773 -0.29515
4.7745 -0.29427
4.776 -0.29339
4.7775 -0.29251
4.779 -0.29162
4.7805 -0.29072
4.782 -0.28983
4.7835 -0.28892
4.785 -0.28802
4.7865 -0.28711
4.788 -0.28620
4.7895 -0.28528
4.791 -0.28436
4.7925 -0.28344
4.7940000000000005 -0.28251
4.7955000000000005 -0.28158
4.797 -0.28065
4.7985 -0.27971
4.8 -0.27876
4.8015 -0.27782
4.803 -0.27687
4.8045 -0.27591
4.806 -0.27496
4.8075 -0.27399
4.809 -0.27303
4.8105 -0.27206
4.812 -0.27109
4.8135 -0.27011
4.815 -0.26913
4.8165000000000004 -0.26814
4.8180000000000005 -0.26715
4.8195 -0.26616
4.821 -0.26517
4.8225 -0.26417
4.824 -0.26316
4.8255 -0.26215
4.827 -0.26114
4.8285 -0.26013
4.83 -0.25911
4.8315 -0.25809
4.833 -0.25706
4.8345 -0.25603
4.836 -0.25499
4.8375 -0.25396
4.839 -0.25291
4.8405000000000005 -0.25187
4.8420000000000005 -0.25082
4.8435 -0.24976
4.845 -0.24870
4.8465 -0.24764
4.848 -0.24658
4.8495 -0.24551
4.851 -0.24443
4.8525 -0.24336
4.854 -0.24228
4.8555 -0.24119
4.857 -0.24010
4.8585 -0.23901
4.86 -0.23791
4.8615 -0.23681
4.863 -0.23571
4.8645000000000005 -0.23460
4.866 -0.23348
4.8675 -0.23237
4.869 -0.23125
4.8705 -0.23012
4.872 -0.22900
4.8735 -0.22786
4.875 -0.22673
4.8765 -0.22559
4.878 -0.22444
4.8795 -0.22329
4.881 -0.22214
4.8825 -0.22098
4.884 -0.21982
4.8855 -0.21866
4.8870000000000005 -0.21749
4.8885000000000005 -0.21632
4.89 -0.21514
4.8915 -0.21396
4.893 -0.21278
4.8945 -0.21159
4.896 -0.21040
4.8975 -0.20920
4.899 -0.20800
4.9005 -0.20680
4.902 -0.20559
4.9035 -0.20438
4.905 -0.20316
4.9065 -0.20194
4.908 -0.20072
4.9095 -0.19949
4.9110000000000005 -0.19825
4.9125000000000005 -0.19702
4.914 -0.19578
4.9155 -0.19453
4.917 -0.19328
4.9185 -0.19203
4.92 -0.19077
4.9215 -0.18951
4.923 -0.18825
4.9245 -0.18698
4.926 -0.18571
4.9275 -0.18443
4.929 -0.18315
4.9305 -0.18186
4.932 -0.18057
4.9335 -0.17928
4.9350000000000005 -0.17798
4.9365 -0.17668
4.938 -0.17537
4.9395 -0.17406
4.941 -0.17275
4.9425 -0.17143
4.944 -0.17011
4.9455 -0.16879
4.947 -0.16746
4.9485 -0.16612
4.95 -0.16478
4.9515 -0.16344
4.953 -0.16210
4.9545 -0.16075
4.956 -0.15939
4.9575000000000005 -0.15804
4.9590000000000005 -0.15667
4.9605 -0.15531
4.962 -0.15394
4.9635 -0.15256
4.965 -0.15119
4.9665 -0.14980
4.968 -0.14842
4.9695 -0.14703
4.971 -0.14564
4.9725 -0.14424
4.974 -0.14284
4.9755 -0.14143
4.977 -0.14002
4.9785 -0.13861
4.98 -0.13719
4.9815000000000005 -0.13577
4.9830000000000005 -0.13435
4.9845 -0.13292
4.986 -0.13149
4.9875 -0.13005
4.989 -0.12861
4.9905 -0.12717
4.992 -0.12572
4.9935 -0.12427
4.995 -0.12281
4.9965 -0.12136
4.998 -0.11989
4.9995 -0.11843
5.001 -0.11696
5.0025 -0.11549
5.0040000000000004 -0.11401
5.0055000000000005 -0.11253
5.007 -0.11105
5.0085 -0.10956
5.01 -0.10807
5.0115 -0.10657
5.013 -0.10508
5.0145 -0.10358
5.016 -0.10207
5.0175 -0.10057
5.019 -0.099055
5.0205 -0.097540
5.022 -0.096023
5.0235 -0.094503
5.025 -0.092979
5.0265 -0.091452
5.0280000000000005 -0.089922
5.0295000000000005 -0.088389
5.031 -0.086853
5.0325 -0.085314
5.034 -0.083772
5.0355 -0.082227
5.037 -0.080679
5.0385 -0.079128
5.04 -0.077575
5.0415 -0.076019
5.043 -0.074460
5.0445 -0.072898
5.046 -0.071333
5.0475 -0.069766
5.049 -0.068197
5.0505 -0.066625
5.0520000000000005 -0.065050
5.0535000000000005 -0.063473
5.055 -0.061894
5.0565 -0.060313
5.058 -0.058729
5.0595 -0.057143
5.061 -0.055555
5.0625 -0.053964
5.064 -0.052372
5.0655 -0.050777
5.067 -0.049181
5.0685 -0.047583
5.07 -0.045983
5.0715 -0.044381
5.073 -0.042777
5.0745000000000005 -0.041172
5.0760000000000005 -0.039565
5.0775 -0.037957
5.079 -0.036347
5.0805 -0.034735
5.082 -0.033122
5.0835 -0.031508
5.085 -0.029893
5.0865 -0.028276
5.088 -0.026659
5.0895 -0.025040
5.091 -0.023420
5.0925 -0.021799
5.094 -0.020178
5.0955 -0.018555
5.097 -0.016932
5.0985000000000005 -0.015308
5.1000000000000005 -0.013683
5.1015 -0.012058
5.103 -0.010432
5.1045 -0.0088063
5.106 -0.0071798
5.1075 -0.0055529
5.109 -0.0039258
5.1105 -0.0022986
5.112 -0.00067119
5.1135 0.00095624
5.115 0.0025837
5.1165 0.0042110
5.118 0.0058382
5.1195 0.0074652
5.121 0.0090919
5.1225000000000005 0.010718
5.124 0.012344
5.1255 0.013970
5.127 0.015595
5.1285 0.017219
5.13 0.018843
5.1315 0.020466
5.133 0.022088
5.1345 0.023709
5.136 0.025330
5.1375 0.026949
5.139 0.028568
5.1405 0.030185
5.142 0.031801
5.1435 0.033416
5.1450000000000005 0.035030
5.1465000000000005 0.036642
5.148 0.038253
5.1495 0.039862
5.151 0.041470
5.1525 0.043076
5.154 0.044681
5.1555 0.046284
5.157 0.047885
5.1585 0.049484
5.16 0.051082
5.1615 0.052677
5.163 0.054271
5.1645 0.055862
5.166 0.057452
5.1675 0.059039
5.1690000000000005 0.060624
5.1705000000000005 0.062207
5.172 0.063788
5.1735 0.065366
5.175 0.066942
5.1765 0.068515
5.178 0.070086
5.1795 0.071655
5.181 0.073220
5.1825 0.074784
5.184 0.076344
5.1855 0.077902
5.187 0.079457
5.1885 0.081009
5.19 0.082559
5.1915000000000004 0.084105
5.1930000000000005 0.085649
5.1945 0.087190
5.196 0.088727
5.1975 0.090262
5.199 0.091794
5.2005 0.093322
5.202 0.094848
5.2035 0.096370
5.205 0.097889
5.2065 0.099404
5.208 0.10092
5.2095 0.10243
5.211 0.10393
5.2125 0.10543
5.214 0.10693
5.2155000000000005 0.10843
5.2170000000000005 0.10992
5.2185 0.11141
5.22 0.11290
5.2215 0.11438
5.223 0.11586
5.2245 0.11733
5.226 0.11880
5.2275 0.12027
5.229 0.12173
5.2305 0.12319
5.232 0.12465
5.2335 0.12610
5.235 0.12755
5.2365 0.12900
5.238 0.13044
5.2395000000000005 0.13188
5.2410000000000005 0.13331
5.2425 0.13474
5.244 0.13617
5.2455 0.13759
5.247 0.13901
5.2485 0.14042
5.25 0.14183
5.2515 0.14324
5.253 0.14464
5.2545 0.14604
5.256 0.14744
5.2575 0.14883
5.259 0.15022
5.2605 0.15160
5.2620000000000005 0.15298
5.2635000000000005 0.15436
5.265 0.15573
5.2665 0.15710
5.268 0.15846
5.2695 0.15982
5.271 0.16117
5.2725 0.16253
5.274 0.16387
5.2755 0.16522
5.277 0.16656
5.2785 0.16789
5.28 0.16922
5.2815 0.17055
5.283 0.17188
5.2845 0.17319
5.2860000000000005 0.17451
5.2875000000000005 0.17582
5.289 0.17713
5.2905 0.17843
5.292 0.17973
5.2935 0.18103
5.295 0.18232
5.2965 0.18360
5.298 0.18489
5.2995 0.18617
5.301 0.18744
5.3025 0.18871
5.304 0.18998
5.3055 0.19124
5.307 0.19250
5.3085 0.19375
5.3100000000000005 0.19500
5.3115000000000006 0.19625
5.313 0.19749
5.3145 0.19873
5.316 0.19996
5.3175 0.20119
5.319 0.20242
5.3205 0.20364
5.322 0.20486
5.3235 0.20608
5.325 0.20729
5.3265 0.20849
5.328 0.20969
5.3295 0.21089
5.331 0.21208
5.3325000000000005 0.21327
5.3340000000000005 0.21446
5.3355 0.21564
5.337 0.21682
5.3385 0.21799
5.34 0.21916
5.3415 0.22033
5.343 0.22149
5.3445 0.22265
5.346 0.22380
5.3475 0.22495
5.349 0.22610
5.3505 0.22724
5.352 0.22838
5.3535 0.22951
5.355 0.23064
5.3565000000000005 0.23177
5.3580000000000005 0.23289
5.3595 0.23401
5.361 0.23512
5.3625 0.23623
5.364 0.23734
5.3655 0.23844
5.367 0.23954
5.3685 0.24063
5.37 0.24172
5.3715 0.24281
5.373 0.24389
5.3745 0.24497
5.376 0.24605
5.3775 0.24712
5.3790000000000004 0.24819
5.3805000000000005 0.24925
5.382 0.25031
5.3835 0.25136
5.385 0.25242
5.3865 0.25346
5.388 0.25451
5.3895 0.25555
5.391 0.25658
5.3925 0.25762
5.394 0.25864
5.3955 0.25967
5.397 0.26069
5.3985 0.26171
5.4 0.26272
5.4015 0.26373
5.4030000000000005 0.26474
5.4045000000000005 0.26574
5.406 0.26674
5.4075 0.26773
5.409 0.26872
5.4105 0.26971
5.412 0.27069
5.4135 0.27167
5.415 0.27264
5.4165 0.27361
5.418 0.27458
5.4195 0.27554
5.421 0.27650
5.4225 0.27746
5.424 0.27841
5.4255 0.27936
5.4270000000000005 0.28031
5.4285000000000005 0.28125
5.43 0.28218
5.4315 0.28312
5.433 0.28405
5.4345 0.28497
5.436 0.28589
5.4375 0.28681
5.439 0.28773
5.4405 0.28864
5.442 0.28954
5.4435 0.29045
5.445 0.29135
5.4465 0.29224
5.448 0.29313
5.4495000000000005 0.29402
5.4510000000000005 0.29491
5.4525 0.29579
5.454 0.29666
5.4555 0.29754
5.457 0.29841
5.4585 0.29927
5.46 0.30013
5.4615 0.30099
5.463 0.30184
5.4645 0.30269
5.466 0.30354
5.4675 0.30438
5.469 0.30522
5.4705 0.30606
5.472 0.30689
5.4735000000000005 0.30772
5.4750000000000005 0.30854
5.4765 0.30936
5.478 0.31018
5.4795 0.31099
5.481 0.31180
5.4825 0.31261
5.484 0.31341
5.4855 0.31421
5.487 0.31500
5.4885 0.31579
5.49 0.31658
5.4915 0.31736
5.493 0.31814
5.4945 0.31892
5.496 0.31969
5.4975000000000005 0.32045
5.4990000000000006 0.32122
5.5005 0.32198
5.502 0.32273
5.5035 0.32349
5.505 0.32424
5.5065 0.32498
5.508 0.32572
5.5095 0.32646
5.511 0.32719
5.5125 0.32792
5.514 0.32865
5.5155 0.32937
5.517 0.33009
5.5185 0.33080
5.5200000000000005 0.33152
5.5215000000000005 0.33222
5.523 0.33293
5.5245 0.33363
5.526 0.33432
5.5275 0.33501
5.529 0.33570
5.5305 0.33638
5.532 0.33706
5.5335 0.33774
5.535 0.33841
5.5365 0.33908
5.538 0.33975
5.5395 0.34041
5.541 0.34106
5.5425 0.34172
5.5440000000000005 0.34237
5.5455000000000005 0.34301
5.547 0.34365
5.5485 0.34429
5.55 0.34492
5.5515 0.34555
5.553 0.34618
5.5545 0.34680
5.556 0.34742
5.5575 0.34803
5.559 0.34864
5.5605 0.34925
5.562 0.34985
5.5635 0.35045
5.565 0.35104
5.5665000000000004 0.35163
5.5680000000000005 0.35222
5.5695 0.35280
5.571 0.35338
5.5725 0.35396
5.574 0.35453
5.5755 0.35509
5.577 0.35565
5.5785 0.35621
5.58 0.35677
5.5815 0.35732
5.583 0.35786
5.5845 0.35841
5.586 0.35894
5.5875 0.35948
5.589 0.36001
5.5905000000000005 0.36054
5.5920000000000005 0.36106
5.5935 0.36158
5.595 0.36209
5.5965 0.36260
5.598 0.36310
5.5995 0.36361
5.601 0.36410
5.6025 0.36460
5.604 0.36509
5.6055 0.36557
5.607 0.36605
5.6085 0.36653
5.61 0.36700
5.6115 0.36747
5.613 0.36793
5.6145000000000005 0.36839
5.6160000000000005 0.36885
5.6175 0.36930
5.619 0.36975
5.6205 0.37019
5.622 0.37063
5.6235 0.37107
5.625 0.37150
5.6265 0.37192
5.628 0.37235
5.6295 0.37277
5.631 0.37318
5.6325 0.37359
5.634 0.37399
5.6355 0.37440
5.6370000000000005 0.37479
5.6385000000000005 0.37518
5.64 0.37557
5.6415 0.37596
5.643 0.37634
5.6445 0.37671
5.646 0.37708
5.6475 0.37745
5.649 0.37781
5.6505 0.37817
5.652 0.37852
5.6535 0.37887
5.655 0.37922
5.6565 0.37956
5.658 0.37989
5.6595 0.38023
5.6610000000000005 0.38055
5.6625000000000005 0.38088
5.664 0.38119
5.6655 0.38151
5.667 0.38182
5.6685 0.38212
5.67 0.38242
5.6715 0.38272
5.673 0.38301
5.6745 0.38330
5.676 0.38358
5.6775 0.38386
5.679 0.38414
5.6805 0.38441
5.682 0.38467
5.6835 0.38493
5.6850000000000005 0.38519
5.6865000000000006 0.38544
5.688 0.38569
5.6895 0.38593
5.691 0.38617
5.6925 0.38640
5.694 0.38663
5.6955 0.38686
5.697 0.38708
5.6985 0.38729
5.7 0.38750
5.7015 0.38771
5.703 0.38791
5.7045 0.38811
5.706 0.38830
5.7075000000000005 0.38849
5.7090000000000005 0.38868
5.7105 0.38885
5.712 0.38903
5.7135 0.38920
5.715 0.38936
5.7165 0.38953
5.718 0.38968
5.7195 0.38983
5.721 0.38998
5.7225 0.39012
5.724 0.39026
5.7255 0.39039
5.727 0.39052
5.7285 0.39065
5.73 0.39077
5.7315000000000005 0.39088
5.7330000000000005 0.39099
5.7345 0.39110
5.736 0.39120
5.7375 0.39129
5.739 0.39139
5.7405 0.39147
5.742 0.39155
5.7435 0.39163
5.745 0.39171
5.7465 0.39177
5.748 0.39184
5.7495 0.39190
5.751 0.39195
5.7525 0.39200
5.7540000000000004 0.39205
5.7555000000000005 0.39209
5.757000000000001 0.39212
5.7585 0.39215
5.76 0.39218
5.7615 0.39220
5.763 0.39222
5.7645 0.39223
5.766 0.39224
5.7675 0.39224
5.769 0.39224
5.7705 0.39223
5.772 0.39222
5.7735 0.39221
5.775 0.39219
5.7765 0.39216
5.7780000000000005 0.39213
5.7795000000000005 0.39210
5.781 0.39206
5.7825 0.39202
5.784 0.39197
5.7855 0.39192
5.787 0.39186
5.7885 0.39180
5.79 0.39173
5.7915 0.39166
5.793 0.39158
5.7945 0.39150
5.796 0.39142
5.7975 0.39133
5.799 0.39123
5.8005 0.39114
5.8020000000000005 0.39103
5.8035000000000005 0.39092
5.805 0.39081
5.8065 0.39069
5.808 0.39057
5.8095 0.39044
5.811 0.39031
5.8125 0.39018
5.814 0.39004
5.8155 0.38989
5.817 0.38974
5.8185 0.38959
5.82 0.38943
5.8215 0.38926
5.823 0.38909
5.8245000000000005 0.38892
5.8260000000000005 0.38874
5.8275 0.38856
5.829 0.38838
5.8305 0.38819
5.832 0.38799
5.8335 0.38779
5.835 0.38758
5.8365 0.38738
5.838 0.38716
5.8395 0.38694
5.841 0.38672
5.8425 0.38649
5.844 0.38626
5.8455 0.38602
5.847 0.38578
5.8485000000000005 0.38554
5.8500000000000005 0.38529
5.8515 0.38504
5.853 0.38478
5.8545 0.38451
5.856 0.38425
5.8575 0.38397
5.859 0.38370
5.8605 0.38342
5.862 0.38313
5.8635 0.38284
5.865 0.38255
5.8665 0.38225
5.868 0.38194
5.8695 0.38164
5.871 0.38132
5.8725000000000005 0.38101
5.8740000000000006 0.38069
5.8755 0.38036
5.877 0.38003
5.8785 0.37970
5.88 0.37936
5.8815 0.37902
5.883 0.37867
5.8845 0.37832
5.886 0.37796
5.8875 0.37760
5.889 0.37724
5.8905 0.37687
5.892 0.37650
5.8935 0.37612
5.8950000000000005 0.37574
5.8965000000000005 0.37535
5.898 0.37496
5.8995 0.37457
5.901 0.37417
5.9025 0.37377
5.904 0.37336
5.9055 0.37295
5.907 0.37253
5.9085 0.37211
5.91 0.37169
5.9115 0.37126
5.913 0.37083
5.9145 0.37039
5.916 0.36995
5.9175 0.36951
5.9190000000000005 0.36906
5.9205000000000005 0.36860
5.922 0.36815
5.9235 0.36768
5.925 0.36722
5.9265 0.36675
5.928 0.36627
5.9295 0.36580
5.931 0.36531
5.9325 0.36483
5.934 0.36434
5.9355 0.36384
5.937 0.36334
5.9385 0.36284
5.94 0.36233
5.9415000000000004 0.36182
5.9430000000000005 0.36131
5.944500000000001 0.36079
5.946 0.36027
5.9475 0.35974
5.949 0.35921
5.9505 0.35867
5.952 0.35813
5.9535 0.35759
5.955 0.35704
5.9565 0.35649
5.958 0.35594
5.9595 0.35538
5.961 0.35481
5.9625 0.35425
5.964 0.35367
5.9655000000000005 0.35310
5.9670000000000005 0.35252
5.9685 0.35194
5.97 0.35135
5.9715 0.35076
5.973 0.35016
5.9745 0.34957
5.976 0.34896
5.9775 0.34836
5.979 0.34775
5.9805 0.34713
5.982 0.34651
5.9835 0.34589
5.985 0.34526
5.9865 0.34463
5.988 0.34400
5.9895000000000005 0.34336
5.9910000000000005 0.34272
5.9925 0.34208
5.994 0.34143
5.9955 0.34077
5.997 0.34012
5.9985 0.33946
6.0 0.33879
6.0015 0.33812
6.003 0.33745
6.0045 0.33677
6.006 0.33609
6.0075 0.33541
6.009 0.33472
6.0105 0.33403
6.0120000000000005 0.33334
6.0135000000000005 0.33264
6.015000000000001 0.33193
6.0165 0.33123
6.018 0.33052
6.0195 0.32980
6.021 0.32908
6.0225 0.32836
6.024 0.32764
6.0255 0.32691
6.027 0.32617
6.0285 0.32544
6.03 0.32470
6.0315 0.32395
6.033 0.32320
6.0345 0.32245
6.0360000000000005 0.32170
6.0375000000000005 0.32094
6.039 0.32017
6.0405 0.31941
6.042 0.31864
6.0435 0.31786
6.045 0.31708
6.0465 0.31630
6.048 0.31552
6.0495 0.31473
6.051 0.31393
6.0525 0.31314
6.054 0.31234
6.0555 0.31153
6.057 0.31072
6.0585 0.30991
6.0600000000000005 0.30910
6.0615000000000006 0.30828
6.063 0.30746
6.0645 0.30663
6.066 0.30580
6.0675 0.30497
6.069 0.30413
6.0705 0.30329
6.072 0.30244
6.0735 0.30159
6.075 0.30074
6.0765 0.29988
6.078 0.29902
6.0795 0.29816
6.081 0.29729
6.0825000000000005 0.29642
6.0840000000000005 0.29555
6.0855 0.29467
6.087 0.29378
6.0885 0.29290
6.09 0.29201
6.0915 0.29112
6.093 0.29022
6.0945 0.28932
6.096 0.28841
6.0975 0.28750
6.099 0.28659
6.1005 0.28568
6.102 0.28476
6.1035 0.28383
6.105 0.28291
6.1065000000000005 0.28198
6.1080000000000005 0.28104
6.1095 0.28010
6.111 0.27916
6.1125 0.27821
6.114 0.27727
6.1155 0.27631
6.117 0.27535
6.1185 0.27439
6.12 0.27343
6.1215 0.27246
6.123 0.27149
6.1245 0.27051
6.126 0.26953
6.1275 0.26855
6.1290000000000004 0.26756
6.1305000000000005 0.26657
6.132000000000001 0.26558
6.1335 0.26458
6.135 0.26358
6.1365 0.26257
6.138 0.26156
6.1395 0.26055
6.141 0.25953
6.1425 0.25851
6.144 0.25748
6.1455 0.25645
6.147 0.25542
6.1485 0.25438
6.15 0.25334
6.1515 0.25230
6.1530000000000005 0.25125
6.1545000000000005 0.25020
6.156 0.24914
6.1575 0.24809
6.159 0.24702
6.1605 0.24595
6.162 0.24488
6.1635 0.24381
6.165 0.24273
6.1665 0.24165
6.168 0.24056
6.1695 0.23947
6.171 0.23838
6.1725 0.23728
6.174 0.23618
6.1755 0.23507
6.1770000000000005 0.23396
6.1785000000000005 0.23285
6.18 0.23173
6.1815 0.23061
6.183 0.22948
6.1845 0.22835
6.186 0.22722
6.1875 0.22608
6.189 0.22494
6.1905 0.22380
6.192 0.22265
6.1935 0.22150
6.195 0.22034
6.1965 0.21918
6.198 0.21801
6.1995000000000005 0.21685
6.2010000000000005 0.21567
6.202500000000001 0.21450
6.204 0.21332
6.2055 0.21213
6.207 0.21094
6.2085 0.20975
6.21 0.20856
6.2115 0.20735
6.213 0.20615
6.2145 0.20494
6.216 0.20373
6.2175 0.20251
6.219 0.20129
6.2205 0.20007
6.222 0.19884
6.2235000000000005 0.19761
6.2250000000000005 0.19637
6.2265 0.19513
6.228 0.19389
6.2295 0.19264
6.231 0.19139
6.2325 0.19013
6.234 0.18887
6.2355 0.18761
6.237 0.18634
6.2385 0.18506
6.24 0.18379
6.2415 0.18251
6.243 0.18122
6.2445 0.17993
6.246 0.17864
6.2475000000000005 0.17735
6.2490000000000006 0.17605
6.2505 0.17474
6.252 0.17343
6.2535 0.17212
6.255 0.17080
6.2565 0.16948
6.258 0.16816
6.2595 0.16683
6.261 0.16550
6.2625 0.16416
6.264 0.16282
6.2655 0.16148
6.267 0.16013
6.2685 0.15878
6.2700000000000005 0.15742
6.2715000000000005 0.15606
6.273 0.15469
6.2745 0.15333
6.276 0.15195
6.2775 0.15058
6.279 0.14920
6.2805 0.14781
6.282 0.14643
6.2835 0.14503
6.285 0.14364
6.2865 0.14224
6.288 0.14084
6.2895 0.13943
6.291 0.13802
6.2925 0.13660
6.2940000000000005 0.13518
6.2955000000000005 0.13376
6.297 0.13234
6.2985 0.13091
6.3 0.12947
6.3015 0.12804
6.303 0.12659
6.3045 0.12515
6.306 0.12370
6.3075 0.12225
6.309 0.12079
6.3105 0.11933
6.312 0.11787
6.3135 0.11640
6.315 0.11493
6.3165000000000004 0.11346
6.3180000000000005 0.11198
6.319500000000001 0.11050
6.321 0.10902
6.3225 0.10753
6.324 0.10604
6.3255 0.10454
6.327 0.10305
6.3285 0.10155
6.33 0.10004
6.3315 0.098534
6.333 0.097023
6.3345 0.095509
6.336 0.093992
6.3375 0.092471
6.339 0.090948
6.3405000000000005 0.089421
6.3420000000000005 0.087891
6.3435 0.086359
6.345 0.084823
6.3465 0.083285
6.348 0.081743
6.3495 0.080199
6.351 0.078652
6.3525 0.077102
6.354 0.075549
6.3555 0.073994
6.357 0.072436
6.3585 0.070875
6.36 0.069312
6.3615 0.067746
6.363 0.066178
6.3645000000000005 0.064608
6.3660000000000005 0.063035
6.3675 0.061459
6.369 0.059882
6.3705 0.058302
6.372 0.056720
6.3735 0.055136
6.375 0.053550
6.3765 0.051961
6.378 0.050371
6.3795 0.048779
6.381 0.047185
6.3825 0.045589
6.384 0.043992
6.3855 0.042392
6.3870000000000005 0.040792
6.3885000000000005 0.039189
6.390000000000001 0.037585
6.3915 0.035979
6.393 0.034372
6.3945 0.032764
6.396 0.031155
6.3975 0.029544
6.399 0.027932
6.4005 0.026318
6.402 0.024704
6.4035 0.023089
6.405 0.021473
6.4065 0.019856
6.408 0.018238
6.4095 0.016620
6.4110000000000005 0.015000
6.4125000000000005 0.013380
6.414 0.011760
6.4155 0.010139
6.417 0.0085177
6.4185 0.0068960
6.42 0.0052740
6.4215 0.0036517
6.423 0.0020293
6.4245 0.00040678
6.426 -0.0012158
6.4275 -0.0028383
6.429 -0.0044607
6.4305 -0.0060830
6.432 -0.0077051
6.4335 -0.0093269
6.4350000000000005 -0.010948
6.4365000000000006 -0.012569
6.438 -0.014190
6.4395 -0.015810
6.441 -0.017429
6.4425 -0.019048
6.444 -0.020666
6.4455 -0.022283
6.447 -0.023900
6.4485 -0.025515
6.45 -0.027129
6.4515 -0.028743
6.453 -0.030355
6.4545 -0.031966
6.456 -0.033576
6.4575000000000005 -0.035185
6.4590000000000005 -0.036792
6.460500000000001 -0.038398
6.462 -0.040003
6.4635 -0.041605
6.465 -0.043207
6.4665 -0.044806
6.468 -0.046404
6.4695 -0.048001
6.471 -0.049595
6.4725 -0.051188
6.474 -0.052778
6.4755 -0.054367
6.477 -0.055954
6.4785 -0.057538
6.48 -0.059121
6.4815000000000005 -0.060701
6.4830000000000005 -0.062279
6.4845 -0.063855
6.486 -0.065428
6.4875 -0.067000
6.489 -0.068568
6.4905 -0.070134
6.492 -0.071698
6.4935 -0.073259
6.495 -0.074818
6.4965 -0.076374
6.498 -0.077927
6.4995 -0.079477
6.501 -0.081025
6.5025 -0.082570
6.5040000000000004 -0.084112
6.5055000000000005 -0.085651
6.507000000000001 -0.087187
6.5085 -0.088721
6.51 -0.090251
6.5115 -0.091778
6.513 -0.093302
6.5145 -0.094823
6.516 -0.096341
6.5175 -0.097856
6.519 -0.099367
6.5205 -0.10088
6.522 -0.10238
6.5235 -0.10388
6.525 -0.10538
6.5265 -0.10688
6.5280000000000005 -0.10837
6.5295000000000005 -0.10986
6.531 -0.11134
6.5325 -0.11282
6.534 -0.11430
6.5355 -0.11577
6.537 -0.11724
6.5385 -0.11871
6.54 -0.12018
6.5415 -0.12164
6.543 -0.12309
6.5445 -0.12454
6.546 -0.12599
6.5475 -0.12744
6.549 -0.12888
6.5505 -0.13032
6.5520000000000005 -0.13175
6.5535000000000005 -0.13318
6.555 -0.13461
6.5565 -0.13603
6.558 -0.13745
6.5595 -0.13887
6.561 -0.14028
6.5625 -0.14169
6.564 -0.14309
6.5655 -0.14449
6.567 -0.14589
6.5685 -0.14728
6.57 -0.14867
6.5715 -0.15005
6.573 -0.15143
6.5745000000000005 -0.15281
6.5760000000000005 -0.15418
6.577500000000001 -0.15555
6.579 -0.15691
6.5805 -0.15827
6.582 -0.15963
6.5835 -0.16098
6.585 -0.16233
6.5865 -0.16368
6.588 -0.16502
6.5895 -0.16636
6.591 -0.16769
6.5925 -0.16902
6.594 -0.17034
6.5955 -0.17166
6.597 -0.17298
6.5985000000000005 -0.17429
6.6000000000000005 -0.17560
6.6015 -0.17691
6.603 -0.17821
6.6045 -0.17950
6.606 -0.18080
6.6075 -0.18209
6.609 -0.18337
6.6105 -0.18465
6.612 -0.18593
6.6135 -0.18720
6.615 -0.18847
6.6165 -0.18974
6.618 -0.19100
6.6195 -0.19225
6.621 -0.19351
6.6225000000000005 -0.19475
6.6240000000000006 -0.19600
6.6255 -0.19724
6.627 -0.19848
6.6285 -0.19971
6.63 -0.20094
6.6315 -0.20216
6.633 -0.20338
6.6345 -0.20460
6.636 -0.20581
6.6375 -0.20702
6.639 -0.20822
6.6405 -0.20942
6.642 -0.21062
6.6435 -0.21181
6.6450000000000005 -0.21300
6.6465000000000005 -0.21419
6.648000000000001 -0.21537
6.6495 -0.21654
6.651 -0.21772
6.6525 -0.21889
6.654 -0.22005
6.6555 -0.22121
6.657 -0.22237
6.6585 -0.22352
6.66 -0.22467
6.6615 -0.22582
6.663 -0.22696
6.6645 -0.22810
6.666 -0.22923
6.6675 -0.23036
6.6690000000000005 -0.23148
6.6705000000000005 -0.23261
6.672 -0.23372
6.6735 -0.23484
6.675 -0.23595
6.6765 -0.23705
6.678 -0.23816
6.6795 -0.23925
6.681 -0.24035
6.6825 -0.24144
6.684 -0.24253
6.6855 -0.24361
6.687 -0.24469
6.6885 -0.24576
6.69 -0.24683
6.6915000000000004 -0.24790
6.6930000000000005 -0.24896
6.694500000000001 -0.25002
6.696 -0.25108
6.6975 -0.25213
6.699 -0.25318
6.7005 -0.25422
6.702 -0.25526
6.7035 -0.25630
6.705 -0.25733
6.7065 -0.25836
6.708 -0.25939
6.7095 -0.26041
6.711 -0.26143
6.7125 -0.26244
6.714 -0.26345
6.7155000000000005 -0.26446
6.7170000000000005 -0.26546
6.718500000000001 -0.26646
6.72 -0.26746
6.7215 -0.26845
6.723 -0.26943
6.7245 -0.27042
6.726 -0.27140
6.7275 -0.27237
6.729 -0.27335
6.7305 -0.27432
6.732 -0.27528
6.7335 -0.27624
6.735 -0.27720
6.7365 -0.27815
6.738 -0.27910
6.7395000000000005 -0.28005
6.7410000000000005 -0.28099
6.7425 -0.28193
6.744 -0.28287
6.7455 -0.28380
6.747 -0.28473
6.7485 -0.28565
6.75 -0.28657
6.7515 -0.28749
6.753 -0.28840
6.7545 -0.28931
6.756 -0.29021
6.7575 -0.29112
6.759 -0.29201
6.7605 -0.29291
6.7620000000000005 -0.29380
6.7635000000000005 -0.29469
6.765000000000001 -0.29557
6.7665 -0.29645
6.768 -0.29732
6.7695 -0.29820
6.771 -0.29907
6.7725 -0.29993
6.774 -0.30079
6.7755 -0.30165
6.777 -0.30250
6.7785 -0.30335
6.78 -0.30420
6.7815 -0.30504
6.783 -0.30588
6.7845 -0.30672
6.7860000000000005 -0.30755
6.7875000000000005 -0.30837
6.789 -0.30920
6.7905 -0.31002
6.792 -0.31084
6.7935 -0.31165
6.795 -0.31246
6.7965 -0.31326
6.798 -0.31407
6.7995 -0.31486
6.801 -0.31566
6.8025 -0.31645
6.804 -0.31724
6.8055 -0.31802
6.807 -0.31880
6.8085 -0.31958
6.8100000000000005 -0.32035
6.8115000000000006 -0.32112
6.813 -0.32188
6.8145 -0.32264
6.816 -0.32340
6.8175 -0.32415
6.819 -0.32490
6.8205 -0.32565
6.822 -0.32639
6.8235 -0.32713
6.825 -0.32787
6.8265 -0.32860
6.828 -0.32933
6.8295 -0.33005
6.831 -0.33077
6.8325000000000005 -0.33149
6.8340000000000005 -0.33220
6.835500000000001 -0.33291
6.837 -0.33361
6.8385 -0.33431
6.84 -0.33501
6.8415 -0.33571
6.843 -0.33640
6.8445 -0.33708
6.846 -0.33776
6.8475 -0.33844
6.849 -0.33912
6.8505 -0.33979
6.852 -0.34046
6.8535 -0.34112
6.855 -0.34178
6.8565000000000005 -0.34244
6.8580000000000005 -0.34309
6.8595 -0.34374
6.861 -0.34438
6.8625 -0.34502
6.864 -0.34566
6.8655 -0.34629
6.867 -0.34692
6.8685 -0.34755
6.87 -0.34817
6.8715 -0.34879
6.873 -0.34940
6.8745 -0.35001
6.876 -0.35062
6.8775 -0.35122
6.8790000000000004 -0.35182
6.8805000000000005 -0.35241
6.882000000000001 -0.35300
6.8835 -0.35359
6.885 -0.35417
6.8865 -0.35475
6.888 -0.35533
6.8895 -0.35590
6.891 -0.35646
6.8925 -0.35703
6.894 -0.35759
6.8955 -0.35814
6.897 -0.35869
6.8985 -0.35924
6.9 -0.35978
6.9015 -0.36032
6.9030000000000005 -0.36086
6.9045000000000005 -0.36139
6.906000000000001 -0.36192
6.9075 -0.36244
6.909 -0.36296
6.9105 -0.36348
6.912 -0.36399
6.9135 -0.36449
6.915 -0.36500
6.9165 -0.36550
6.918 -0.36599
6.9195 -0.36648
6.921 -0.36697
6.9225 -0.36745
6.924 -0.36793
6.9255 -0.36841
6.9270000000000005 -0.36888
6.9285000000000005 -0.36935
6.93 -0.36981
6.9315 -0.37027
6.933 -0.37072
6.9345 -0.37117
6.936 -0.37162
6.9375 -0.37206
6.939 -0.37250
6.9405 -0.37293
6.942 -0.37336
6.9435 -0.37379
6.945 -0.37421
6.9465 -0.37463
6.948 -0.37504
6.9495000000000005 -0.37545
6.9510000000000005 -0.37585
6.952500000000001 -0.37626
6.954 -0.37665
6.9555 -0.37704
6.957 -0.37743
6.9585 -0.37782
6.96 -0.37819
6.9615 -0.37857
6.963 -0.37894
6.9645 -0.37931
6.966 -0.37967
6.9675 -0.38003
6.969 -0.38038
6.9705 -0.38073
6.972 -0.38108
6.9735000000000005 -0.38142
6.9750000000000005 -0.38175
6.9765 -0.38209
6.978 -0.38241
6.9795 -0.38274
6.981 -0.38306
6.9825 -0.38337
6.984 -0.38368
6.9855 -0.38399
6.987 -0.38429
6.9885 -0.38459
6.99 -0.38488
6.9915 -0.38517
6.993 -0.38546
6.9945 -0.38574
6.996 -0.38601
6.9975000000000005 -0.38629
