x y
0.0 0.0
0.0015 -0.0016508
0.003 -0.0033016
0.0045000000000000005 -0.0049523
0.006 -0.0066028
0.0075 -0.0082530
0.009000000000000001 -0.0099030
0.0105 -0.011552
0.012 -0.013202
0.0135 -0.014850
0.015 -0.016498
0.0165 -0.018145
0.018000000000000002 -0.019792
0.0195 -0.021438
0.021 -0.023083
0.0225 -0.024727
0.024 -0.026370
0.025500000000000002 -0.028012
0.027 -0.029652
0.0285 -0.031292
0.03 -0.032930
0.0315 -0.034567
0.033 -0.036203
0.0345 -0.037837
0.036000000000000004 -0.039470
0.0375 -0.041101
0.039 -0.042730
0.0405 -0.044358
0.042 -0.045984
0.043500000000000004 -0.047608
0.045 -0.049231
0.0465 -0.050851
0.048 -0.052469
0.0495 -0.054086
0.051000000000000004 -0.055700
0.0525 -0.057312
0.054 -0.058922
0.0555 -0.060529
0.057 -0.062135
0.0585 -0.063738
0.06 -0.065338
0.0615 -0.066936
0.063 -0.068531
0.0645 -0.070124
0.066 -0.071714
0.0675 -0.073302
0.069 -0.074886
0.07050000000000001 -0.076468
0.07200000000000001 -0.078048
0.0735 -0.079624
0.075 -0.081197
0.0765 -0.082768
0.078 -0.084335
0.0795 -0.085899
0.081 -0.087461
0.0825 -0.089019
0.084 -0.090574
0.0855 -0.092126
0.08700000000000001 -0.093674
0.0885 -0.095220
0.09 -0.096762
0.0915 -0.098300
0.093 -0.099836
0.0945 -0.10137
0.096 -0.10290
0.0975 -0.10442
0.099 -0.10594
0.1005 -0.10746
0.10200000000000001 -0.10897
0.10350000000000001 -0.11049
0.105 -0.11199
0.1065 -0.11350
0.108 -0.11500
0.1095 -0.11649
0.111 -0.11798
0.1125 -0.11947
0.114 -0.12096
0.1155 -0.12244
0.117 -0.12392
0.11850000000000001 -0.12539
0.12 -0.12686
0.1215 -0.12832
0.123 -0.12979
0.1245 -0.13124
0.126 -0.13270
0.1275 -0.13415
0.129 -0.13559
0.1305 -0.13703
0.132 -0.13847
0.1335 -0.13991
0.135 -0.14134
0.1365 -0.14276
0.138 -0.14418
0.1395 -0.14560
0.14100000000000001 -0.14701
0.14250000000000002 -0.14842
0.14400000000000002 -0.14983
0.1455 -0.15123
0.147 -0.15263
0.1485 -0.15402
0.15 -0.15541
0.1515 -0.15679
0.153 -0.15817
0.1545 -0.15955
0.156 -0.16092
0.1575 -0.16229
0.159 -0.16365
0.1605 -0.16501
0.162 -0.16637
0.1635 -0.16772
0.165 -0.16907
0.1665 -0.17041
0.168 -0.17175
0.1695 -0.17308
0.171 -0.17441
0.17250000000000001 -0.17574
0.17400000000000002 -0.17706
0.17550000000000002 -0.17837
0.177 -0.17969
0.1785 -0.18100
0.18 -0.18230
0.1815 -0.18360
0.183 -0.18490
0.1845 -0.18619
0.186 -0.18747
0.1875 -0.18876
0.189 -0.19004
0.1905 -0.19131
0.192 -0.19258
0.1935 -0.19385
0.195 -0.19511
0.1965 -0.19637
0.198 -0.19762
0.1995 -0.19887
0.201 -0.20011
0.2025 -0.20135
0.20400000000000001 -0.20259
0.20550000000000002 -0.20382
0.20700000000000002 -0.20505
0.2085 -0.20627
0.21 -0.20749
0.2115 -0.20871
0.213 -0.20992
0.2145 -0.21113
0.216 -0.21233
0.2175 -0.21353
0.219 -0.21472
0.2205 -0.21591
0.222 -0.21710
0.2235 -0.21828
0.225 -0.21945
0.2265 -0.22063
0.228 -0.22179
0.2295 -0.22296
0.231 -0.22412
0.2325 -0.22528
0.234 -0.22643
0.23550000000000001 -0.22758
0.23700000000000002 -0.22872
0.23850000000000002 -0.22986
0.24 -0.23099
0.2415 -0.23212
0.243 -0.23325
0.2445 -0.23437
0.246 -0.23549
0.2475 -0.23661
0.249 -0.23772
0.2505 -0.23882
0.252 -0.23992
0.2535 -0.24102
0.255 -0.24211
0.2565 -0.24320
0.258 -0.24429
0.2595 -0.24537
0.261 -0.24645
0.2625 -0.24752
0.264 -0.24859
0.2655 -0.24965
0.267 -0.25071
0.2685 -0.25177
0.27 -0.25282
0.2715 -0.25387
0.273 -0.25491
0.2745 -0.25595
0.276 -0.25699
0.2775 -0.25802
0.279 -0.25905
0.2805 -0.26007
0.28200000000000003 -0.26109
0.28350000000000003 -0.26211
0.28500000000000003 -0.26312
0.28650000000000003 -0.26413
0.28800000000000003 -0.26513
0.2895 -0.26613
0.291 -0.26712
0.2925 -0.26812
0.294 -0.26910
0.2955 -0.27009
0.297 -0.27106
0.2985 -0.27204
0.3 -0.27301
0.3015 -0.27398
0.303 -0.27494
0.3045 -0.27590
0.306 -0.27685
0.3075 -0.27780
0.309 -0.27875
0.3105 -0.27969
0.312 -0.28063
0.3135 -0.28156
0.315 -0.28249
0.3165 -0.28342
0.318 -0.28434
0.3195 -0.28526
0.321 -0.28617
0.3225 -0.28708
0.324 -0.28799
0.3255 -0.28889
0.327 -0.28979
0.3285 -0.29068
0.33 -0.29157
0.3315 -0.29246
0.333 -0.29334
0.3345 -0.29422
0.336 -0.29509
0.3375 -0.29596
0.339 -0.29683
0.3405 -0.29769
0.342 -0.29855
0.3435 -0.29940
0.34500000000000003 -0.30025
0.34650000000000003 -0.30110
0.34800000000000003 -0.30194
0.34950000000000003 -0.30277
0.35100000000000003 -0.30361
0.3525 -0.30444
0.354 -0.30526
0.3555 -0.30608
0.357 -0.30690
0.3585 -0.30771
0.36 -0.30852
0.3615 -0.30933
0.363 -0.31013
0.3645 -0.31092
0.366 -0.31172
0.3675 -0.31250
0.369 -0.31329
0.3705 -0.31407
0.372 -0.31485
0.3735 -0.31562
0.375 -0.31639
0.3765 -0.31715
0.378 -0.31791
0.3795 -0.31867
0.381 -0.31942
0.3825 -0.32017
0.384 -0.32091
0.3855 -0.32165
0.387 -0.32238
0.3885 -0.32311
0.39 -0.32384
0.3915 -0.32456
0.393 -0.32528
0.3945 -0.32600
0.396 -0.32671
0.3975 -0.32742
0.399 -0.32812
0.4005 -0.32882
0.402 -0.32951
0.4035 -0.33020
0.405 -0.33089
0.40650000000000003 -0.33157
0.40800000000000003 -0.33224
0.40950000000000003 -0.33292
0.41100000000000003 -0.33359
0.41250000000000003 -0.33425
0.41400000000000003 -0.33491
0.41550000000000004 -0.33557
0.417 -0.33622
0.4185 -0.33687
0.42 -0.33751
0.4215 -0.33815
0.423 -0.33879
0.4245 -0.33942
0.426 -0.34004
0.4275 -0.34067
0.429 -0.34128
0.4305 -0.34190
0.432 -0.34251
0.4335 -0.34311
0.435 -0.34371
0.4365 -0.34431
0.438 -0.34490
0.4395 -0.34549
0.441 -0.34608
0.4425 -0.34666
0.444 -0.34723
0.4455 -0.34780
0.447 -0.34837
0.4485 -0.34893
0.45 -0.34949
0.4515 -0.35004
0.453 -0.35059
0.4545 -0.35114
0.456 -0.35168
0.4575 -0.35221
0.459 -0.35274
0.4605 -0.35327
0.462 -0.35379
0.4635 -0.35431
0.465 -0.35483
0.4665 -0.35533
0.468 -0.35584
0.46950000000000003 -0.35634
0.47100000000000003 -0.35684
0.47250000000000003 -0.35733
0.47400000000000003 -0.35781
0.47550000000000003 -0.35830
0.47700000000000004 -0.35878
0.47850000000000004 -0.35925
0.48 -0.35972
0.4815 -0.36018
0.483 -0.36064
0.4845 -0.36110
0.486 -0.36155
0.4875 -0.36200
0.489 -0.36244
0.4905 -0.36287
0.492 -0.36331
0.4935 -0.36374
0.495 -0.36416
0.4965 -0.36458
0.498 -0.36499
0.4995 -0.36540
0.501 -0.36581
0.5025000000000001 -0.36621
0.504 -0.36660
0.5055000000000001 -0.36700
0.507 -0.36738
0.5085000000000001 -0.36776
0.51 -0.36814
0.5115000000000001 -0.36851
0.513 -0.36888
0.5145 -0.36925
0.516 -0.36960
0.5175 -0.36996
0.519 -0.37031
0.5205 -0.37065
0.522 -0.37099
0.5235 -0.37133
0.525 -0.37166
0.5265 -0.37198
0.528 -0.37230
0.5295 -0.37262
0.531 -0.37293
0.5325 -0.37324
0.534 -0.37354
0.5355 -0.37384
0.537 -0.37413
0.5385 -0.37441
0.54 -0.37470
0.5415 -0.37497
0.543 -0.37525
0.5445 -0.37551
0.546 -0.37578
0.5475 -0.37604
0.549 -0.37629
0.5505 -0.37654
0.552 -0.37678
0.5535 -0.37702
0.555 -0.37725
0.5565 -0.37748
0.558 -0.37771
0.5595 -0.37793
0.561 -0.37814
0.5625 -0.37835
0.5640000000000001 -0.37856
0.5655 -0.37876
0.5670000000000001 -0.37895
0.5685 -0.37914
0.5700000000000001 -0.37932
0.5715 -0.37950
0.5730000000000001 -0.37968
0.5745 -0.37985
0.5760000000000001 -0.38001
0.5775 -0.38018
0.579 -0.38033
0.5805 -0.38048
0.582 -0.38063
0.5835 -0.38077
0.585 -0.38090
0.5865 -0.38103
0.588 -0.38116
0.5895 -0.38128
0.591 -0.38139
0.5925 -0.38150
0.594 -0.38161
0.5955 -0.38171
0.597 -0.38181
0.5985 -0.38190
0.6 -0.38198
0.6015 -0.38206
0.603 -0.38214
0.6045 -0.38221
0.606 -0.38227
0.6075 -0.38233
0.609 -0.38239
0.6105 -0.38244
0.612 -0.38249
0.6135 -0.38253
0.615 -0.38256
0.6165 -0.38259
0.618 -0.38262
0.6195 -0.38264
0.621 -0.38265
0.6225 -0.38266
0.624 -0.38267
0.6255000000000001 -0.38267
0.627 -0.38266
0.6285000000000001 -0.38265
0.63 -0.38264
0.6315000000000001 -0.38262
0.633 -0.38260
0.6345000000000001 -0.38257
0.636 -0.38253
0.6375000000000001 -0.38249
0.639 -0.38245
0.6405 -0.38240
0.642 -0.38234
0.6435 -0.38228
0.645 -0.38222
0.6465 -0.38215
0.648 -0.38207
0.6495 -0.38199
0.651 -0.38191
0.6525 -0.38182
0.654 -0.38172
0.6555 -0.38162
0.657 -0.38152
0.6585 -0.38141
0.66 -0.38129
0.6615 -0.38117
0.663 -0.38105
0.6645 -0.38092
0.666 -0.38078
0.6675 -0.38064
0.669 -0.38050
0.6705 -0.38035
0.672 -0.38020
0.6735 -0.38004
0.675 -0.37987
0.6765 -0.37970
0.678 -0.37953
0.6795 -0.37935
0.681 -0.37917
0.6825 -0.37898
0.684 -0.37878
0.6855 -0.37858
0.687 -0.37838
0.6885 -0.37817
0.6900000000000001 -0.37796
0.6915 -0.37774
0.6930000000000001 -0.37752
0.6945 -0.37729
0.6960000000000001 -0.37705
0.6975 -0.37682
0.6990000000000001 -0.37657
0.7005 -0.37633
0.7020000000000001 -0.37607
0.7035 -0.37582
0.705 -0.37555
0.7065 -0.37529
0.708 -0.37502
0.7095 -0.37474
0.711 -0.37446
0.7125 -0.37417
0.714 -0.37388
0.7155 -0.37358
0.717 -0.37328
0.7185 -0.37298
0.72 -0.37267
0.7215 -0.37235
0.723 -0.37204
0.7245 -0.37171
0.726 -0.37138
0.7275 -0.37105
0.729 -0.37071
0.7305 -0.37037
0.732 -0.37002
0.7335 -0.36967
0.735 -0.36931
0.7365 -0.36895
0.738 -0.36858
0.7395 -0.36821
0.741 -0.36783
0.7425 -0.36745
0.744 -0.36707
0.7455 -0.36668
0.747 -0.36628
0.7485 -0.36588
0.75 -0.36548
0.7515000000000001 -0.36507
0.753 -0.36466
0.7545000000000001 -0.36424
0.756 -0.36382
0.7575000000000001 -0.36339
0.759 -0.36296
0.7605000000000001 -0.36252
0.762 -0.36208
0.7635000000000001 -0.36164
0.765 -0.36119
0.7665000000000001 -0.36074
0.768 -0.36028
0.7695 -0.35982
0.771 -0.35935
0.7725 -0.35888
0.774 -0.35840
0.7755 -0.35792
0.777 -0.35743
0.7785 -0.35694
0.78 -0.35645
0.7815 -0.35595
0.783 -0.35545
0.7845 -0.35494
0.786 -0.35443
0.7875 -0.35391
0.789 -0.35339
0.7905 -0.35287
0.792 -0.35234
0.7935 -0.35180
0.795 -0.35126
0.7965 -0.35072
0.798 -0.35018
0.7995 -0.34962
0.801 -0.34907
0.8025 -0.34851
0.804 -0.34794
0.8055 -0.34738
0.807 -0.34680
0.8085 -0.34623
0.81 -0.34565
0.8115 -0.34506
0.8130000000000001 -0.34447
0.8145 -0.34388
0.8160000000000001 -0.34328
0.8175 -0.34267
0.8190000000000001 -0.34207
0.8205 -0.34146
0.8220000000000001 -0.34084
0.8235 -0.34022
0.8250000000000001 -0.33960
0.8265 -0.33897
0.8280000000000001 -0.33834
0.8295 -0.33770
0.8310000000000001 -0.33706
0.8325 -0.33641
0.834 -0.33576
0.8355 -0.33511
0.837 -0.33445
0.8385 -0.33379
0.84 -0.33313
0.8415 -0.33246
0.843 -0.33178
0.8445 -0.33110
0.846 -0.33042
0.8475 -0.32973
0.849 -0.32904
0.8505 -0.32835
0.852 -0.32765
0.8535 -0.32695
0.855 -0.32624
0.8565 -0.32553
0.858 -0.32481
0.8595 -0.32409
0.861 -0.32337
0.8625 -0.32264
0.864 -0.32191
0.8655 -0.32117
0.867 -0.32043
0.8685 -0.31969
0.87 -0.31894
0.8715 -0.31819
0.873 -0.31743
0.8745 -0.31667
0.876 -0.31591
0.8775000000000001 -0.31514
0.879 -0.31436
0.8805000000000001 -0.31359
0.882 -0.31281
0.8835000000000001 -0.31202
0.885 -0.31123
0.8865000000000001 -0.31044
0.888 -0.30964
0.8895000000000001 -0.30884
0.891 -0.30804
0.8925000000000001 -0.30723
0.894 -0.30642
0.8955000000000001 -0.30560
0.897 -0.30478
0.8985 -0.30396
0.9 -0.30313
0.9015 -0.30229
0.903 -0.30146
0.9045 -0.30062
0.906 -0.29977
0.9075 -0.29892
0.909 -0.29807
0.9105 -0.29721
0.912 -0.29635
0.9135 -0.29549
0.915 -0.29462
0.9165 -0.29374
0.918 -0.29287
0.9195 -0.29199
0.921 -0.29110
0.9225 -0.29021
0.924 -0.28932
0.9255 -0.28842
0.927 -0.28752
0.9285 -0.28662
0.93 -0.28571
0.9315 -0.28480
0.933 -0.28388
0.9345 -0.28296
0.936 -0.28203
0.9375 -0.28110
0.9390000000000001 -0.28017
0.9405 -0.27923
0.9420000000000001 -0.27829
0.9435 -0.27735
0.9450000000000001 -0.27640
0.9465 -0.27545
0.9480000000000001 -0.27449
0.9495 -0.27353
0.9510000000000001 -0.27256
0.9525 -0.27159
0.9540000000000001 -0.27062
0.9555 -0.26964
0.9570000000000001 -0.26866
0.9585 -0.26768
0.96 -0.26669
0.9615 -0.26570
0.963 -0.26470
0.9645 -0.26370
0.966 -0.26269
0.9675 -0.26168
0.969 -0.26067
0.9705 -0.25965
0.972 -0.25863
0.9735 -0.25761
0.975 -0.25658
0.9765 -0.25555
0.978 -0.25451
0.9795 -0.25347
0.981 -0.25242
0.9825 -0.25137
0.984 -0.25032
0.9855 -0.24926
0.987 -0.24820
0.9885 -0.24713
0.99 -0.24606
0.9915 -0.24499
0.993 -0.24391
0.9945 -0.24283
0.996 -0.24174
0.9975 -0.24065
0.999 -0.23956
1.0005 -0.23846
1.002 -0.23736
1.0035 -0.23625
1.0050000000000001 -0.23514
1.0065 -0.23402
1.008 -0.23290
1.0095 -0.23178
1.0110000000000001 -0.23065
1.0125 -0.22952
1.014 -0.22839
1.0155 -0.22725
1.0170000000000001 -0.22610
1.0185 -0.22496
1.02 -0.22380
1.0215 -0.22265
1.0230000000000001 -0.22149
1.0245 -0.22032
1.026 -0.21915
1.0275 -0.21798
1.029 -0.21680
1.0305 -0.21562
1.032 -0.21444
1.0335 -0.21325
1.035 -0.21205
1.0365 -0.21086
1.038 -0.20965
1.0395 -0.20845
1.041 -0.20724
1.0425 -0.20602
1.044 -0.20480
1.0455 -0.20358
1.047 -0.20235
1.0485 -0.20112
1.05 -0.19989
1.0515 -0.19865
1.053 -0.19740
1.0545 -0.19616
1.056 -0.19490
1.0575 -0.19365
1.059 -0.19239
1.0605 -0.19112
1.062 -0.18985
1.0635000000000001 -0.18858
1.065 -0.18730
1.0665 -0.18602
1.068 -0.18473
1.0695000000000001 -0.18344
1.071 -0.18215
1.0725 -0.18085
1.074 -0.17955
1.0755000000000001 -0.17824
1.077 -0.17693
1.0785 -0.17561
1.08 -0.17429
1.0815000000000001 -0.17297
1.083 -0.17164
1.0845 -0.17031
1.086 -0.16897
1.0875000000000001 -0.16763
1.089 -0.16629
1.0905 -0.16494
1.092 -0.16359
1.0935 -0.16223
1.095 -0.16087
1.0965 -0.15950
1.098 -0.15813
1.0995 -0.15676
1.101 -0.15538
1.1025 -0.15400
1.104 -0.15261
1.1055 -0.15122
1.107 -0.14983
1.1085 -0.14843
1.11 -0.14703
1.1115 -0.14562
1.113 -0.14421
1.1145 -0.14280
1.116 -0.14138
1.1175 -0.13996
1.119 -0.13853
1.1205 -0.13710
1.122 -0.13566
1.1235 -0.13422
1.125 -0.13278
1.1265 -0.13134
1.1280000000000001 -0.12989
1.1295 -0.12843
1.131 -0.12697
1.1325 -0.12551
1.1340000000000001 -0.12404
1.1355 -0.12258
1.137 -0.12110
1.1385 -0.11962
1.1400000000000001 -0.11814
1.1415 -0.11666
1.143 -0.11517
1.1445 -0.11368
1.1460000000000001 -0.11218
1.1475 -0.11068
1.149 -0.10918
1.1505 -0.10767
1.1520000000000001 -0.10616
1.1535 -0.10465
1.155 -0.10313
1.1565 -0.10161
1.158 -0.10009
1.1595 -0.098560
1.161 -0.097030
1.1625 -0.095495
1.164 -0.093958
1.1655 -0.092417
1.167 -0.090873
1.1685 -0.089326
1.17 -0.087776
1.1715 -0.086222
1.173 -0.084666
1.1745 -0.083106
1.176 -0.081543
1.1775 -0.079978
1.179 -0.078409
1.1805 -0.076838
1.182 -0.075264
1.1835 -0.073687
1.185 -0.072107
1.1865 -0.070525
1.188 -0.068940
1.1895 -0.067352
1.191 -0.065762
1.1925000000000001 -0.064169
1.194 -0.062574
1.1955 -0.060976
1.197 -0.059376
1.1985000000000001 -0.057774
1.2 -0.056169
1.2015 -0.054562
1.203 -0.052953
1.2045000000000001 -0.051342
1.206 -0.049729
1.2075 -0.048114
1.209 -0.046498
1.2105000000000001 -0.044879
1.212 -0.043258
1.2135 -0.041636
1.215 -0.040012
1.2165 -0.038386
1.218 -0.036759
1.2195 -0.035131
1.221 -0.033500
1.2225 -0.031869
1.224 -0.030236
1.2255 -0.028602
1.227 -0.026967
1.2285 -0.025330
1.23 -0.023693
1.2315 -0.022055
1.233 -0.020415
1.2345 -0.018775
1.236 -0.017134
1.2375 -0.015492
1.239 -0.013850
1.2405 -0.012207
1.242 -0.010563
1.2435 -0.0089194
1.245 -0.0072750
1.2465 -0.0056303
1.248 -0.0039853
1.2495 -0.0023402
1.2510000000000001 -0.00069490
1.2525 0.00095043
1.254 0.0025957
1.2555 0.0042410
1.2570000000000001 0.0058861
1.2585 0.0075309
1.26 0.0091755
1.2615 0.010820
1.2630000000000001 0.012464
1.2645 0.014107
1.266 0.015750
1.2675 0.017392
1.2690000000000001 0.019033
1.2705 0.020674
1.272 0.022314
1.2735 0.023953
1.2750000000000001 0.025591
1.2765 0.027228
1.278 0.028864
1.2795 0.030498
1.281 0.032132
1.2825 0.033764
1.284 0.035395
1.2855 0.037025
1.287 0.038653
1.2885 0.040279
1.29 0.041904
1.2915 0.043527
1.293 0.045149
1.2945 0.046769
1.296 0.048387
1.2975 0.050003
1.299 0.051617
1.3005 0.053229
1.302 0.054839
1.3035 0.056447
1.305 0.058053
1.3065 0.059656
1.308 0.061258
1.3095 0.062857
1.311 0.064453
1.3125 0.066047
1.314 0.067639
1.3155000000000001 0.069228
1.317 0.070815
1.3185 0.072399
1.32 0.073980
1.3215000000000001 0.075558
1.323 0.077134
1.3245 0.078707
1.326 0.080277
1.3275000000000001 0.081844
1.329 0.083408
1.3305 0.084969
1.332 0.086528
1.3335000000000001 0.088083
1.335 0.089635
1.3365 0.091184
1.338 0.092729
1.3395000000000001 0.094272
1.341 0.095811
1.3425 0.097347
1.344 0.098879
1.3455 0.10041
1.347 0.10193
1.3485 0.10346
1.35 0.10498
1.3515 0.10649
1.353 0.10800
1.3545 0.10951
1.356 0.11102
1.3575 0.11252
1.359 0.11402
1.3605 0.11551
1.362 0.11700
1.3635 0.11849
1.365 0.11997
1.3665 0.12145
1.368 0.12292
1.3695 0.12439
1.371 0.12586
1.3725 0.12733
1.374 0.12879
1.3755 0.13024
1.377 0.13169
1.3785 0.13314
1.3800000000000001 0.13459
1.3815 0.13603
1.383 0.13746
1.3845 0.13890
1.3860000000000001 0.14033
1.3875 0.14175
1.389 0.14317
1.3905 0.14459
1.3920000000000001 0.14600
1.3935 0.14741
1.395 0.14881
1.3965 0.15021
1.3980000000000001 0.15161
1.3995 0.15300
1.401 0.15439
1.4025 0.15577
1.4040000000000001 0.15715
1.4055 0.15853
1.407 0.15990
1.4085 0.16127
1.41 0.16263
1.4115 0.16399
1.413 0.16534
1.4145 0.16669
1.416 0.16804
1.4175 0.16938
1.419 0.17072
1.4205 0.17206
1.422 0.17338
1.4235 0.17471
1.425 0.17603
1.4265 0.17735
1.428 0.17866
1.4295 0.17997
1.431 0.18128
1.4325 0.18258
1.434 0.18387
1.4355 0.18516
1.437 0.18645
1.4385000000000001 0.18774
1.44 0.18901
1.4415 0.19029
1.443 0.19156
1.4445000000000001 0.19283
1.446 0.19409
1.4475 0.19535
1.449 0.19660
1.4505000000000001 0.19785
1.452 0.19910
1.4535 0.20034
1.455 0.20158
1.4565000000000001 0.20281
1.458 0.20404
1.4595 0.20526
1.461 0.20648
1.4625000000000001 0.20770
1.464 0.20891
1.4655 0.21012
1.467 0.21132
1.4685000000000001 0.21252
1.47 0.21372
1.4715 0.21491
1.473 0.21610
1.4745 0.21728
1.476 0.21846
1.4775 0.21963
1.479 0.22080
1.4805 0.22197
1.482 0.22313
1.4835 0.22429
1.485 0.22544
1.4865 0.22659
1.488 0.22774
1.4895 0.22888
1.491 0.23002
1.4925 0.23115
1.494 0.23228
1.4955 0.23340
1.497 0.23452
1.4985 0.23564
1.5 0.23675
1.5015 0.23786
1.5030000000000001 0.23897
1.5045 0.24007
1.506 0.24116
1.5075 0.24225
1.5090000000000001 0.24334
1.5105 0.24443
1.512 0.24551
1.5135 0.24658
1.5150000000000001 0.24765
1.5165 0.24872
1.518 0.24979
1.5195 0.25084
1.5210000000000001 0.25190
1.5225 0.25295
1.524 0.25400
1.5255 0.25504
1.5270000000000001 0.25608
1.5285 0.25712
1.53 0.25815
1.5315 0.25917
1.5330000000000001 0.26020
1.5345 0.26122
1.536 0.26223
1.5375 0.26324
1.539 0.26425
1.5405 0.26525
1.542 0.26625
1.5435 0.26725
1.545 0.26824
1.5465 0.26922
1.548 0.27021
1.5495 0.27119
1.551 0.27216
1.5525 0.27313
1.554 0.27410
1.5555 0.27506
1.557 0.27602
1.5585 0.27698
1.56 0.27793
1.5615 0.27887
1.563 0.27982
1.5645 0.28076
1.566 0.28169
1.5675000000000001 0.28262
1.569 0.28355
1.5705 0.28447
1.572 0.28539
1.5735000000000001 0.28631
1.575 0.28722
1.5765 0.28813
1.578 0.28903
1.5795000000000001 0.28993
1.581 0.29082
1.5825 0.29172
1.584 0.29260
1.5855000000000001 0.29349
1.587 0.29437
1.5885 0.29524
1.59 0.29611
1.5915000000000001 0.29698
1.593 0.29784
1.5945 0.29870
1.596 0.29956
1.5975000000000001 0.30041
1.599 0.30126
1.6005 0.30210
1.602 0.30294
1.6035 0.30378
1.605 0.30461
1.6065 0.30544
1.608 0.30626
1.6095 0.30708
1.611 0.30790
1.6125 0.30871
1.614 0.30952
1.6155 0.31032
1.617 0.31112
1.6185 0.31192
1.62 0.31271
1.6215 0.31350
1.623 0.31428
1.6245 0.31506
1.6260000000000001 0.31583
1.6275 0.31661
1.629 0.31737
1.6305 0.31814
1.6320000000000001 0.31890
1.6335 0.31965
1.635 0.32041
1.6365 0.32115
1.6380000000000001 0.32190
1.6395 0.32264
1.641 0.32337
1.6425 0.32410
1.6440000000000001 0.32483
1.6455 0.32556
1.647 0.32627
1.6485 0.32699
1.6500000000000001 0.32770
1.6515 0.32841
1.653 0.32911
1.6545 0.32981
1.6560000000000001 0.33051
1.6575 0.33120
1.659 0.33188
1.6605 0.33257
1.6620000000000001 0.33325
1.6635 0.33392
1.665 0.33459
1.6665 0.33526
1.668 0.33592
1.6695 0.33658
1.671 0.33723
1.6725 0.33788
1.674 0.33853
1.6755 0.33917
1.677 0.33981
1.6785 0.34044
1.68 0.34107
1.6815 0.34169
1.683 0.34231
1.6845 0.34293
1.686 0.34354
1.6875 0.34415
1.689 0.34475
1.6905000000000001 0.34535
1.692 0.34595
1.6935 0.34654
1.695 0.34713
1.6965000000000001 0.34771
1.698 0.34829
1.6995 0.34886
1.701 0.34943
1.7025000000000001 0.35000
1.704 0.35056
1.7055 0.35112
1.707 0.35167
1.7085000000000001 0.35222
1.71 0.35276
1.7115 0.35330
1.713 0.35384
1.7145000000000001 0.35437
1.716 0.35490
1.7175 0.35542
1.719 0.35594
1.7205000000000001 0.35645
1.722 0.35696
1.7235 0.35747
1.725 0.35797
1.7265000000000001 0.35847
1.728 0.35896
1.7295 0.35945
1.731 0.35993
1.7325 0.36041
1.734 0.36088
1.7355 0.36135
1.737 0.36182
1.7385 0.36228
1.74 0.36274
1.7415 0.36319
1.743 0.36364
1.7445 0.36408
1.746 0.36452
1.7475 0.36495
1.749 0.36538
1.7505 0.36581
1.752 0.36623
1.7535 0.36665
1.7550000000000001 0.36706
1.7565 0.36747
1.758 0.36787
1.7595 0.36827
1.7610000000000001 0.36866
1.7625 0.36905
1.764 0.36944
1.7655 0.36982
1.7670000000000001 0.37019
1.7685 0.37056
1.77 0.37093
1.7715 0.37129
1.7730000000000001 0.37165
1.7745 0.37200
1.776 0.37235
1.7775 0.37269
1.7790000000000001 0.37303
1.7805 0.37336
1.782 0.37369
1.7835 0.37402
1.7850000000000001 0.37434
1.7865 0.37465
1.788 0.37496
1.7895 0.37527
1.7910000000000001 0.37557
1.7925 0.37587
1.794 0.37616
1.7955 0.37645
1.797 0.37673
1.7985 0.37701
1.8 0.37728
1.8015 0.37755
1.803 0.37781
1.8045 0.37807
1.806 0.37832
1.8075 0.37857
1.809 0.37882
1.8105 0.37905
1.812 0.37929
1.8135000000000001 0.37952
1.815 0.37974
1.8165 0.37996
1.818 0.38018
1.8195000000000001 0.38039
1.821 0.38060
1.8225 0.38080
1.824 0.38099
1.8255000000000001 0.38119
1.827 0.38137
1.8285 0.38155
1.83 0.38173
1.8315000000000001 0.38190
1.833 0.38207
1.8345 0.38223
1.836 0.38239
1.8375000000000001 0.38254
1.839 0.38269
1.8405 0.38283
1.842 0.38297
1.8435000000000001 0.38310
1.845 0.38323
1.8465 0.38335
1.848 0.38347
1.8495000000000001 0.38359
1.851 0.38369
1.8525 0.38380
1.854 0.38390
1.8555000000000001 0.38399
1.857 0.38408
1.8585 0.38416
1.86 0.38424
1.8615 0.38432
1.863 0.38439
1.8645 0.38445
1.866 0.38451
1.8675 0.38456
1.869 0.38461
1.8705 0.38466
1.872 0.38470
1.8735 0.38473
1.875 0.38476
1.8765 0.38479
1.8780000000000001 0.38481
1.8795 0.38482
1.881 0.38483
1.8825 0.38484
1.8840000000000001 0.38484
1.8855 0.38483
1.887 0.38482
1.8885 0.38481
1.8900000000000001 0.38479
1.8915 0.38476
1.893 0.38473
1.8945 0.38470
1.8960000000000001 0.38466
1.8975 0.38462
1.899 0.38457
1.9005 0.38451
1.9020000000000001 0.38445
1.9035 0.38439
1.905 0.38432
1.9065 0.38425
1.9080000000000001 0.38417
1.9095 0.38408
1.911 0.38400
1.9125 0.38390
1.9140000000000001 0.38380
1.9155 0.38370
1.917 0.38359
1.9185 0.38348
1.92 0.38336
1.9215 0.38324
1.923 0.38311
1.9245 0.38298
1.926 0.38284
1.9275 0.38270
1.929 0.38255
1.9305 0.38240
1.932 0.38224
1.9335 0.38208
1.935 0.38191
1.9365 0.38174
1.938 0.38157
1.9395 0.38138
1.941 0.38120
1.9425000000000001 0.38101
1.944 0.38081
1.9455 0.38061
1.947 0.38041
1.9485000000000001 0.38020
1.95 0.37998
1.9515 0.37976
1.953 0.37954
1.9545000000000001 0.37931
1.956 0.37907
1.9575 0.37883
1.959 0.37859
1.9605000000000001 0.37834
1.962 0.37809
1.9635 0.37783
1.965 0.37757
1.9665000000000001 0.37730
1.968 0.37703
1.9695 0.37675
1.971 0.37647
1.9725000000000001 0.37618
1.974 0.37589
1.9755 0.37560
1.977 0.37530
1.9785000000000001 0.37499
1.98 0.37468
1.9815 0.37437
1.983 0.37405
1.9845 0.37372
1.986 0.37340
1.9875 0.37306
1.989 0.37272
1.9905 0.37238
1.992 0.37204
1.9935 0.37168
1.995 0.37133
1.9965 0.37097
1.998 0.37060
1.9995 0.37023
2.001 0.36986
2.0025 0.36948
2.004 0.36909
2.0055 0.36871
2.007 0.36831
2.0085 0.36792
2.0100000000000002 0.36751
2.0115 0.36711
2.013 0.36670
2.0145 0.36628
2.016 0.36586
2.0175 0.36544
2.019 0.36501
2.0205 0.36457
2.0220000000000002 0.36414
2.0235 0.36370
2.025 0.36325
2.0265 0.36280
2.028 0.36234
2.0295 0.36188
2.031 0.36142
2.0325 0.36095
2.0340000000000003 0.36048
2.0355 0.36000
2.037 0.35952
2.0385 0.35903
2.04 0.35854
2.0415 0.35804
2.043 0.35754
2.0445 0.35704
2.0460000000000003 0.35653
2.0475 0.35602
2.049 0.35550
2.0505 0.35498
2.052 0.35446
2.0535 0.35393
2.055 0.35339
2.0565 0.35285
2.058 0.35231
2.0595 0.35176
2.061 0.35121
2.0625 0.35066
2.064 0.35010
2.0655 0.34953
2.067 0.34897
2.0685000000000002 0.34839
2.07 0.34782
2.0715 0.34724
2.073 0.34665
2.0745 0.34606
2.076 0.34547
2.0775 0.34487
2.079 0.34427
2.0805000000000002 0.34366
2.082 0.34305
2.0835 0.34244
2.085 0.34182
2.0865 0.34120
2.088 0.34057
2.0895 0.33994
2.091 0.33931
2.0925000000000002 0.33867
2.094 0.33802
2.0955 0.33738
2.097 0.33673
2.0985 0.33607
2.1 0.33541
2.1015 0.33475
2.103 0.33408
2.1045000000000003 0.33341
2.106 0.33273
2.1075 0.33205
2.109 0.33137
2.1105 0.33068
2.112 0.32999
2.1135 0.32929
2.115 0.32859
2.1165 0.32789
2.118 0.32718
2.1195 0.32646
2.121 0.32575
2.1225 0.32503
2.124 0.32430
2.1255 0.32358
2.1270000000000002 0.32284
2.1285 0.32211
2.13 0.32137
2.1315 0.32062
2.133 0.31987
2.1345 0.31912
2.136 0.31836
2.1375 0.31760
2.1390000000000002 0.31684
2.1405 0.31607
2.142 0.31530
2.1435 0.31452
2.145 0.31374
2.1465 0.31296
2.148 0.31217
2.1495 0.31138
2.1510000000000002 0.31058
2.1525 0.30978
2.154 0.30898
2.1555 0.30817
2.157 0.30736
2.1585 0.30654
2.16 0.30572
2.1615 0.30490
2.1630000000000003 0.30407
2.1645 0.30324
2.166 0.30240
2.1675 0.30156
2.169 0.30072
2.1705 0.29987
2.172 0.29902
2.1735 0.29816
2.1750000000000003 0.29731
2.1765 0.29644
2.178 0.29558
2.1795 0.29470
2.181 0.29383
2.1825 0.29295
2.184 0.29207
2.1855 0.29118
2.187 0.29029
2.1885 0.28940
2.19 0.28850
2.1915 0.28759
2.193 0.28669
2.1945 0.28578
2.196 0.28486
2.1975000000000002 0.28395
2.199 0.28302
2.2005 0.28210
2.202 0.28117
2.2035 0.28023
2.205 0.27930
2.2065 0.27835
2.208 0.27741
2.2095000000000002 0.27646
2.211 0.27550
2.2125 0.27455
2.214 0.27359
2.2155 0.27262
2.217 0.27165
2.2185 0.27068
2.22 0.26970
2.2215000000000003 0.26872
2.223 0.26773
2.2245 0.26674
2.226 0.26575
2.2275 0.26475
2.229 0.26375
2.2305 0.26275
2.232 0.26174
2.2335000000000003 0.26072
2.235 0.25971
2.2365 0.25869
2.238 0.25766
2.2395 0.25663
2.241 0.25560
2.2425 0.25456
2.244 0.25352
2.2455 0.25248
2.247 0.25143
2.2485 0.25037
2.25 0.24932
2.2515 0.24826
2.253 0.24719
2.2545 0.24612
2.2560000000000002 0.24505
2.2575 0.24397
2.259 0.24289
2.2605 0.24181
2.262 0.24072
2.2635 0.23962
2.265 0.23853
2.2665 0.23743
2.2680000000000002 0.23632
2.2695 0.23521
2.271 0.23410
2.2725 0.23298
2.274 0.23186
2.2755 0.23073
2.277 0.22960
2.2785 0.22847
2.2800000000000002 0.22733
2.2815 0.22619
2.283 0.22504
2.2845 0.22389
2.286 0.22274
2.2875 0.22158
2.289 0.22042
2.2905 0.21925
2.2920000000000003 0.21808
2.2935 0.21691
2.295 0.21573
2.2965 0.21454
2.298 0.21336
2.2995 0.21217
2.301 0.21097
2.3025 0.20977
2.3040000000000003 0.20857
2.3055 0.20736
2.307 0.20615
2.3085 0.20493
2.31 0.20371
2.3115 0.20249
2.313 0.20126
2.3145000000000002 0.20003
2.316 0.19879
2.3175 0.19755
2.319 0.19630
2.3205 0.19505
2.322 0.19380
2.3235 0.19254
2.325 0.19128
2.3265000000000002 0.19002
2.328 0.18875
2.3295 0.18747
2.331 0.18619
2.3325 0.18491
2.334 0.18362
2.3355 0.18233
2.337 0.18104
2.3385000000000002 0.17974
2.34 0.17844
2.3415 0.17713
2.343 0.17582
2.3445 0.17450
2.346 0.17318
2.3475 0.17186
2.349 0.17053
2.3505000000000003 0.16920
2.352 0.16786
2.3535 0.16652
2.355 0.16517
2.3565 0.16383
2.358 0.16247
2.3595 0.16111
2.361 0.15975
2.3625000000000003 0.15839
2.364 0.15702
2.3655 0.15565
2.367 0.15427
2.3685 0.15289
2.37 0.15150
2.3715 0.15011
2.373 0.14872
2.3745 0.14732
2.376 0.14592
2.3775 0.14451
2.379 0.14310
2.3805 0.14169
2.382 0.14027
2.3835 0.13885
2.3850000000000002 0.13742
2.3865 0.13599
2.388 0.13456
2.3895 0.13312
2.391 0.13168
2.3925 0.13023
2.394 0.12879
2.3955 0.12733
2.3970000000000002 0.12588
2.3985 0.12442
2.4 0.12295
2.4015 0.12148
2.403 0.12001
2.4045 0.11854
2.406 0.11706
2.4075 0.11557
2.4090000000000003 0.11409
2.4105 0.11260
2.412 0.11110
2.4135 0.10960
2.415 0.10810
2.4165 0.10660
2.418 0.10509
2.4195 0.10358
2.4210000000000003 0.10206
2.4225 0.10055
2.424 0.099024
2.4255 0.097499
2.427 0.095970
2.4285 0.094438
2.43 0.092903
2.4315 0.091365
2.433 0.089824
2.4345 0.088279
2.436 0.086731
2.4375 0.085181
2.439 0.083627
2.4405 0.082070
2.442 0.080510
2.4435000000000002 0.078948
2.445 0.077382
2.4465 0.075814
2.448 0.074243
2.4495 0.072669
2.451 0.071093
2.4525 0.069514
2.454 0.067932
2.4555000000000002 0.066347
2.457 0.064761
2.4585 0.063171
2.46 0.061580
2.4615 0.059986
2.463 0.058389
2.4645 0.056791
2.466 0.055190
2.4675000000000002 0.053587
2.469 0.051982
2.4705 0.050375
2.472 0.048766
2.4735 0.047155
2.475 0.045542
2.4765 0.043928
2.478 0.042311
2.4795000000000003 0.040693
2.481 0.039074
2.4825 0.037452
2.484 0.035829
2.4855 0.034205
2.487 0.032580
2.4885 0.030953
2.49 0.029324
2.4915000000000003 0.027695
2.493 0.026064
2.4945 0.024433
2.496 0.022800
2.4975 0.021166
2.499 0.019532
2.5005 0.017896
2.5020000000000002 0.016260
2.5035 0.014624
2.505 0.012986
2.5065 0.011348
2.508 0.0097098
2.5095 0.0080710
2.511 0.0064317
2.5125 0.0047922
2.5140000000000002 0.0031525
2.5155 0.0015126
2.517 -0.00012736
2.5185 -0.0017674
2.52 -0.0034073
2.5215 -0.0050471
2.523 -0.0066868
2.5245 -0.0083262
2.5260000000000002 -0.0099653
2.5275 -0.011604
2.529 -0.013242
2.5305 -0.014880
2.532 -0.016517
2.5335 -0.018154
2.535 -0.019789
2.5365 -0.021424
2.5380000000000003 -0.023059
2.5395 -0.024692
2.541 -0.026324
2.5425 -0.027955
2.544 -0.029585
2.5455 -0.031214
2.547 -0.032842
2.5485 -0.034469
2.5500000000000003 -0.036094
2.5515 -0.037717
2.553 -0.039339
2.5545 -0.040960
2.556 -0.042579
2.5575 -0.044196
2.559 -0.045812
2.5605 -0.047426
2.562 -0.049038
2.5635 -0.050648
2.565 -0.052256
2.5665 -0.053862
2.568 -0.055467
2.5695 -0.057069
2.571 -0.058668
2.5725000000000002 -0.060266
2.574 -0.061861
2.5755 -0.063454
2.577 -0.065045
2.5785 -0.066633
2.58 -0.068219
2.5815 -0.069802
2.583 -0.071383
2.5845000000000002 -0.072961
2.586 -0.074536
2.5875 -0.076109
2.589 -0.077678
2.5905 -0.079245
2.592 -0.080810
2.5935 -0.082371
2.595 -0.083929
2.5965000000000003 -0.085485
2.598 -0.087037
2.5995 -0.088586
2.601 -0.090132
2.6025 -0.091675
2.604 -0.093215
2.6055 -0.094752
2.607 -0.096286
2.6085000000000003 -0.097816
2.61 -0.099343
2.6115 -0.10087
2.613 -0.10239
2.6145 -0.10390
2.616 -0.10542
2.6175 -0.10693
2.619 -0.10843
2.6205000000000003 -0.10994
2.622 -0.11143
2.6235 -0.11293
2.625 -0.11442
2.6265 -0.11591
2.628 -0.11740
2.6295 -0.11888
2.6310000000000002 -0.12035
2.6325 -0.12183
2.634 -0.12330
2.6355 -0.12477
2.637 -0.12623
2.6385 -0.12769
2.64 -0.12914
2.6415 -0.13059
2.6430000000000002 -0.13204
2.6445 -0.13348
2.646 -0.13492
2.6475 -0.13636
2.649 -0.13779
2.6505 -0.13922
2.652 -0.14064
2.6535 -0.14206
2.6550000000000002 -0.14348
2.6565 -0.14489
2.658 -0.14630
2.6595 -0.14770
2.661 -0.14910
2.6625 -0.15049
2.664 -0.15189
2.6655 -0.15327
2.6670000000000003 -0.15466
2.6685 -0.15604
2.67 -0.15741
2.6715 -0.15878
2.673 -0.16015
2.6745 -0.16151
2.676 -0.16287
2.6775 -0.16423
2.6790000000000003 -0.16558
2.6805 -0.16692
2.682 -0.16827
2.6835 -0.16961
2.685 -0.17094
2.6865 -0.17227
2.688 -0.17359
2.6895000000000002 -0.17492
2.691 -0.17623
2.6925 -0.17755
2.694 -0.17886
2.6955 -0.18016
2.697 -0.18146
2.6985 -0.18276
2.7 -0.18405
2.7015000000000002 -0.18534
2.703 -0.18663
2.7045 -0.18791
2.706 -0.18918
2.7075 -0.19045
2.709 -0.19172
2.7105 -0.19298
2.712 -0.19424
2.7135000000000002 -0.19550
2.715 -0.19675
2.7165 -0.19800
2.718 -0.19924
2.7195 -0.20048
2.721 -0.20171
2.7225 -0.20294
2.724 -0.20417
2.7255000000000003 -0.20539
2.727 -0.20661
2.7285 -0.20782
2.73 -0.20903
2.7315 -0.21024
2.733 -0.21144
2.7345 -0.21263
2.736 -0.21383
2.7375000000000003 -0.21502
2.739 -0.21620
2.7405 -0.21738
2.742 -0.21856
2.7435 -0.21973
2.745 -0.22090
2.7465 -0.22206
2.748 -0.22322
2.7495000000000003 -0.22438
2.751 -0.22553
2.7525 -0.22668
2.754 -0.22782
2.7555 -0.22896
2.757 -0.23010
2.7585 -0.23123
2.7600000000000002 -0.23235
2.7615 -0.23348
2.763 -0.23460
2.7645 -0.23571
2.766 -0.23682
2.7675 -0.23793
2.769 -0.23903
2.7705 -0.24013
2.7720000000000002 -0.24123
2.7735 -0.24232
2.775 -0.24340
2.7765 -0.24449
2.778 -0.24557
2.7795 -0.24664
2.781 -0.24771
2.7825 -0.24878
2.7840000000000003 -0.24984
2.7855 -0.25090
2.787 -0.25195
2.7885 -0.25301
2.79 -0.25405
2.7915 -0.25510
2.793 -0.25613
2.7945 -0.25717
2.7960000000000003 -0.25820
2.7975 -0.25923
2.799 -0.26025
2.8005 -0.26127
2.802 -0.26228
2.8035 -0.26329
2.805 -0.26430
2.8065 -0.26530
2.8080000000000003 -0.26630
2.8095 -0.26730
2.811 -0.26829
2.8125 -0.26928
2.814 -0.27026
2.8155 -0.27124
2.817 -0.27221
2.8185000000000002 -0.27319
2.82 -0.27415
2.8215 -0.27512
2.823 -0.27608
2.8245 -0.27703
2.826 -0.27798
2.8275 -0.27893
2.829 -0.27988
2.8305000000000002 -0.28082
2.832 -0.28175
2.8335 -0.28268
2.835 -0.28361
2.8365 -0.28454
2.838 -0.28546
2.8395 -0.28637
2.841 -0.28729
2.8425000000000002 -0.28820
2.844 -0.28910
2.8455 -0.29000
2.847 -0.29090
2.8485 -0.29179
2.85 -0.29268
2.8515 -0.29357
2.853 -0.29445
2.8545000000000003 -0.29532
2.856 -0.29620
2.8575 -0.29707
2.859 -0.29793
2.8605 -0.29880
2.862 -0.29965
2.8635 -0.30051
2.865 -0.30136
2.8665000000000003 -0.30220
2.868 -0.30305
2.8695 -0.30388
2.871 -0.30472
2.8725 -0.30555
2.874 -0.30638
2.8755 -0.30720
2.8770000000000002 -0.30802
2.8785000000000003 -0.30883
2.88 -0.30964
2.8815 -0.31045
2.883 -0.31125
2.8845 -0.31205
2.886 -0.31285
2.8875 -0.31364
2.8890000000000002 -0.31443
2.8905 -0.31521
2.892 -0.31599
2.8935 -0.31677
2.895 -0.31754
2.8965 -0.31831
2.898 -0.31907
2.8995 -0.31983
2.9010000000000002 -0.32059
2.9025 -0.32134
2.904 -0.32209
2.9055 -0.32283
2.907 -0.32357
2.9085 -0.32431
2.91 -0.32504
2.9115 -0.32577
2.9130000000000003 -0.32649
2.9145 -0.32721
2.916 -0.32793
2.9175 -0.32864
2.919 -0.32935
2.9205 -0.33005
2.922 -0.33075
2.9235 -0.33145
2.9250000000000003 -0.33214
2.9265 -0.33283
2.928 -0.33351
2.9295 -0.33419
2.931 -0.33487
2.9325 -0.33554
2.934 -0.33621
2.9355 -0.33687
2.9370000000000003 -0.33753
2.9385 -0.33819
2.94 -0.33884
2.9415 -0.33949
2.943 -0.34013
2.9445 -0.34077
2.946 -0.34141
2.9475000000000002 -0.34204
2.949 -0.34267
2.9505 -0.34329
2.952 -0.34391
2.9535 -0.34452
2.955 -0.34514
2.9565 -0.34574
2.958 -0.34635
2.9595000000000002 -0.34694
2.961 -0.34754
2.9625 -0.34813
2.964 -0.34871
2.9655 -0.34930
2.967 -0.34987
2.9685 -0.35045
2.97 -0.35102
2.9715000000000003 -0.35158
2.973 -0.35214
2.9745 -0.35270
2.976 -0.35325
2.9775 -0.35380
2.979 -0.35435
2.9805 -0.35489
2.982 -0.35542
2.9835000000000003 -0.35596
2.985 -0.35648
2.9865 -0.35701
2.988 -0.35752
2.9895 -0.35804
2.991 -0.35855
2.9925 -0.35906
2.994 -0.35956
2.9955000000000003 -0.36005
2.997 -0.36055
2.9985 -0.36104
3.0 -0.36152
3.0015 -0.36200
3.003 -0.36248
3.0045 -0.36295
3.0060000000000002 -0.36342
3.0075000000000003 -0.36388
3.009 -0.36434
3.0105 -0.36479
3.012 -0.36524
3.0135 -0.36569
3.015 -0.36613
3.0165 -0.36656
3.0180000000000002 -0.36699
3.0195 -0.36742
3.021 -0.36785
3.0225 -0.36826
3.024 -0.36868
3.0255 -0.36909
3.027 -0.36949
3.0285 -0.36990
3.0300000000000002 -0.37029
3.0315 -0.37068
3.033 -0.37107
3.0345 -0.37146
3.036 -0.37183
3.0375 -0.37221
3.039 -0.37258
3.0405 -0.37294
3.0420000000000003 -0.37330
3.0435 -0.37366
3.045 -0.37401
3.0465 -0.37436
3.048 -0.37470
3.0495 -0.37504
3.051 -0.37537
3.0525 -0.37570
3.0540000000000003 -0.37602
3.0555 -0.37634
3.057 -0.37666
3.0585 -0.37697
3.06 -0.37727
3.0615 -0.37758
3.063 -0.37787
3.0645000000000002 -0.37816
3.0660000000000003 -0.37845
3.0675 -0.37873
3.069 -0.37901
3.0705 -0.37928
3.072 -0.37955
3.0735 -0.37982
3.075 -0.38008
3.0765000000000002 -0.38033
3.078 -0.38058
3.0795 -0.38083
3.081 -0.38107
3.0825 -0.38130
3.084 -0.38153
3.0855 -0.38176
3.087 -0.38198
3.0885000000000002 -0.38220
3.09 -0.38241
3.0915 -0.38262
3.093 -0.38282
3.0945 -0.38302
3.096 -0.38321
3.0975 -0.38340
3.099 -0.38358
3.1005000000000003 -0.38376
3.102 -0.38394
3.1035 -0.38411
3.105 -0.38427
3.1065 -0.38443
3.108 -0.38458
3.1095 -0.38474
3.111 -0.38488
3.1125000000000003 -0.38502
3.114 -0.38516
3.1155 -0.38529
3.117 -0.38541
3.1185 -0.38554
3.12 -0.38565
3.1215 -0.38576
3.123 -0.38587
3.1245000000000003 -0.38597
3.126 -0.38607
3.1275 -0.38616
3.129 -0.38625
3.1305 -0.38633
3.132 -0.38641
3.1335 -0.38648
3.1350000000000002 -0.38655
3.1365 -0.38662
3.138 -0.38667
3.1395 -0.38673
3.141 -0.38678
3.1425 -0.38682
3.144 -0.38686
3.1455 -0.38689
3.1470000000000002 -0.38692
3.1485 -0.38695
3.15 -0.38697
3.1515 -0.38698
3.153 -0.38699
3.1545 -0.38700
3.156 -0.38700
3.1575 -0.38700
3.1590000000000003 -0.38699
3.1605 -0.38697
3.162 -0.38695
3.1635 -0.38693
3.165 -0.38690
3.1665 -0.38687
3.168 -0.38683
3.1695 -0.38678
3.1710000000000003 -0.38674
3.1725 -0.38668
3.174 -0.38663
3.1755 -0.38656
3.177 -0.38650
3.1785 -0.38642
3.18 -0.38635
3.1815 -0.38626
3.1830000000000003 -0.38618
3.1845 -0.38609
3.186 -0.38599
3.1875 -0.38589
3.189 -0.38578
3.1905 -0.38567
3.192 -0.38555
3.1935000000000002 -0.38543
3.1950000000000003 -0.38531
3.1965 -0.38518
3.198 -0.38504
3.1995 -0.38490
3.201 -0.38476
3.2025 -0.38461
3.204 -0.38446
3.2055000000000002 -0.38430
3.207 -0.38413
3.2085 -0.38397
3.21 -0.38379
3.2115 -0.38361
3.213 -0.38343
3.2145 -0.38324
3.216 -0.38305
3.2175000000000002 -0.38286
3.219 -0.38265
3.2205 -0.38245
3.222 -0.38224
3.2235 -0.38202
3.225 -0.38180
3.2265 -0.38157
3.228 -0.38134
3.2295000000000003 -0.38111
3.231 -0.38087
3.2325 -0.38063
3.234 -0.38038
3.2355 -0.38012
3.237 -0.37987
3.2385 -0.37960
3.24 -0.37933
3.2415000000000003 -0.37906
3.243 -0.37879
3.2445 -0.37850
3.246 -0.37822
3.2475 -0.37793
3.249 -0.37763
3.2505 -0.37733
3.2520000000000002 -0.37703
3.2535000000000003 -0.37672
3.255 -0.37641
3.2565 -0.37609
3.258 -0.37576
3.2595 -0.37544
3.261 -0.37510
3.2625 -0.37477
3.2640000000000002 -0.37443
3.2655 -0.37408
3.267 -0.37373
3.2685 -0.37338
3.27 -0.37302
3.2715 -0.37265
3.273 -0.37229
3.2745 -0.37191
3.2760000000000002 -0.37154
3.2775 -0.37115
3.279 -0.37077
3.2805 -0.37038
3.282 -0.36998
3.2835 -0.36958
3.285 -0.36918
3.2865 -0.36877
3.2880000000000003 -0.36836
3.2895 -0.36794
3.291 -0.36752
3.2925 -0.36709
3.294 -0.36666
3.2955 -0.36623
3.297 -0.36579
3.2985 -0.36534
3.3000000000000003 -0.36490
3.3015 -0.36444
3.303 -0.36399
3.3045 -0.36353
3.306 -0.36306
3.3075 -0.36259
3.309 -0.36212
3.3105 -0.36164
3.3120000000000003 -0.36116
3.3135 -0.36067
3.315 -0.36018
3.3165 -0.35968
3.318 -0.35918
3.3195 -0.35868
3.321 -0.35817
3.3225000000000002 -0.35766
3.3240000000000003 -0.35714
3.3255 -0.35662
3.327 -0.35609
3.3285 -0.35557
3.33 -0.35503
3.3315 -0.35449
3.333 -0.35395
3.3345000000000002 -0.35341
3.336 -0.35286
3.3375 -0.35230
3.339 -0.35174
3.3405 -0.35118
3.342 -0.35061
3.3435 -0.35004
3.345 -0.34946
3.3465000000000003 -0.34889
3.348 -0.34830
3.3495 -0.34771
3.351 -0.34712
3.3525 -0.34653
3.354 -0.34593
3.3555 -0.34532
3.357 -0.34471
3.3585000000000003 -0.34410
3.36 -0.34348
3.3615 -0.34286
3.363 -0.34224
3.3645 -0.34161
3.366 -0.34098
3.3675 -0.34034
3.369 -0.33970
3.3705000000000003 -0.33905
3.372 -0.33841
3.3735 -0.33775
3.375 -0.33710
3.3765 -0.33643
3.378 -0.33577
3.3795 -0.33510
3.3810000000000002 -0.33443
3.3825000000000003 -0.33375
3.384 -0.33307
3.3855 -0.33238
3.387 -0.33169
3.3885 -0.33100
3.39 -0.33030
3.3915 -0.32960
3.3930000000000002 -0.32890
3.3945 -0.32819
3.396 -0.32748
3.3975 -0.32676
3.399 -0.32604
3.4005 -0.32531
3.402 -0.32459
3.4035 -0.32385
3.4050000000000002 -0.32312
3.4065 -0.32238
3.408 -0.32163
3.4095 -0.32088
3.411 -0.32013
3.4125 -0.31938
3.414 -0.31862
3.4155 -0.31785
3.4170000000000003 -0.31708
3.4185 -0.31631
3.42 -0.31554
3.4215 -0.31476
3.423 -0.31397
3.4245 -0.31319
3.426 -0.31240
3.4275 -0.31160
3.4290000000000003 -0.31080
3.4305 -0.31000
3.432 -0.30919
3.4335 -0.30838
3.435 -0.30757
3.4365 -0.30675
3.438 -0.30593
3.4395000000000002 -0.30510
3.4410000000000003 -0.30427
3.4425 -0.30344
3.444 -0.30260
3.4455 -0.30176
3.447 -0.30091
3.4485 -0.30006
3.45 -0.29921
3.4515000000000002 -0.29835
3.4530000000000003 -0.29749
3.4545 -0.29662
3.456 -0.29576
3.4575 -0.29488
3.459 -0.29401
3.4605 -0.29313
3.462 -0.29224
3.4635000000000002 -0.29135
3.465 -0.29046
3.4665 -0.28957
3.468 -0.28867
3.4695 -0.28776
3.471 -0.28686
3.4725 -0.28594
3.474 -0.28503
3.4755000000000003 -0.28411
3.477 -0.28319
3.4785 -0.28226
3.48 -0.28133
3.4815 -0.28040
3.483 -0.27946
3.4845 -0.27851
3.486 -0.27757
3.4875000000000003 -0.27662
3.489 -0.27566
3.4905 -0.27471
3.492 -0.27375
3.4935 -0.27278
3.495 -0.27181
3.4965 -0.27084
3.498 -0.26986
3.4995000000000003 -0.26888
3.501 -0.26789
3.5025 -0.26690
3.504 -0.26591
3.5055 -0.26491
3.507 -0.26391
3.5085 -0.26291
3.5100000000000002 -0.26190
3.5115000000000003 -0.26089
3.513 -0.25987
3.5145 -0.25885
3.516 -0.25783
3.5175 -0.25680
3.519 -0.25577
3.5205 -0.25473
3.5220000000000002 -0.25369
3.5235 -0.25265
3.525 -0.25160
3.5265 -0.25055
3.528 -0.24949
3.5295 -0.24843
3.531 -0.24737
3.5325 -0.24630
3.5340000000000003 -0.24523
3.5355 -0.24415
3.537 -0.24307
3.5385 -0.24199
3.54 -0.24090
3.5415 -0.23981
3.543 -0.23871
3.5445 -0.23762
3.5460000000000003 -0.23651
3.5475 -0.23540
3.549 -0.23429
3.5505 -0.23318
3.552 -0.23206
3.5535 -0.23093
3.555 -0.22981
3.5565 -0.22867
3.5580000000000003 -0.22754
3.5595 -0.22640
3.561 -0.22526
3.5625 -0.22411
3.564 -0.22296
3.5655 -0.22180
3.567 -0.22064
3.5685000000000002 -0.21948
3.5700000000000003 -0.21831
3.5715 -0.21714
3.573 -0.21596
3.5745 -0.21478
3.576 -0.21360
3.5775 -0.21241
3.579 -0.21121
3.5805000000000002 -0.21002
3.5820000000000003 -0.20882
3.5835 -0.20761
3.585 -0.20640
3.5865 -0.20519
3.588 -0.20397
3.5895 -0.20275
3.591 -0.20153
3.5925000000000002 -0.20030
3.594 -0.19906
3.5955 -0.19783
3.597 -0.19659
3.5985 -0.19534
3.6 -0.19409
3.6015 -0.19284
3.603 -0.19158
3.6045000000000003 -0.19032
3.606 -0.18905
3.6075 -0.18778
3.609 -0.18650
3.6105 -0.18523
3.612 -0.18394
3.6135 -0.18266
3.615 -0.18137
3.6165000000000003 -0.18007
3.618 -0.17877
3.6195 -0.17747
3.621 -0.17616
3.6225 -0.17485
3.624 -0.17353
3.6255 -0.17221
3.6270000000000002 -0.17089
3.6285000000000003 -0.16956
3.63 -0.16823
3.6315 -0.16689
3.633 -0.16555
3.6345 -0.16421
3.636 -0.16286
3.6375 -0.16151
3.6390000000000002 -0.16015
3.6405000000000003 -0.15879
3.642 -0.15743
3.6435 -0.15606
3.645 -0.15468
3.6465 -0.15331
3.648 -0.15193
3.6495 -0.15054
3.6510000000000002 -0.14915
3.6525 -0.14776
3.654 -0.14636
3.6555 -0.14496
3.657 -0.14356
3.6585 -0.14215
3.66 -0.14074
3.6615 -0.13932
3.6630000000000003 -0.13790
3.6645 -0.13647
3.666 -0.13505
3.6675 -0.13361
3.669 -0.13218
3.6705 -0.13074
3.672 -0.12929
3.6735 -0.12785
3.6750000000000003 -0.12640
3.6765 -0.12494
3.678 -0.12348
3.6795 -0.12202
3.681 -0.12055
3.6825 -0.11908
3.684 -0.11761
3.6855 -0.11613
3.6870000000000003 -0.11465
3.6885 -0.11317
3.69 -0.11168
3.6915 -0.11019
3.693 -0.10869
3.6945 -0.10719
3.696 -0.10569
3.6975000000000002 -0.10418
3.6990000000000003 -0.10267
3.7005 -0.10116
3.702 -0.099647
3.7035 -0.098127
3.705 -0.096605
3.7065 -0.095079
3.708 -0.093550
3.7095000000000002 -0.092018
3.7110000000000003 -0.090482
3.7125 -0.088944
3.714 -0.087402
3.7155 -0.085858
3.717 -0.084310
3.7185 -0.082759
3.72 -0.081206
3.7215000000000003 -0.079649
3.723 -0.078090
3.7245 -0.076527
3.726 -0.074962
3.7275 -0.073395
3.729 -0.071824
3.7305 -0.070251
3.732 -0.068676
3.7335000000000003 -0.067098
3.735 -0.065517
3.7365 -0.063934
3.738 -0.062348
3.7395 -0.060760
3.741 -0.059170
3.7425 -0.057578
3.744 -0.055983
3.7455000000000003 -0.054386
3.747 -0.052787
3.7485 -0.051186
3.75 -0.049583
3.7515 -0.047978
3.753 -0.046372
3.7545 -0.044763
3.7560000000000002 -0.043153
3.7575000000000003 -0.041541
3.759 -0.039927
3.7605 -0.038311
3.762 -0.036695
3.7635 -0.035076
3.765 -0.033456
3.7665 -0.031835
3.7680000000000002 -0.030213
3.7695000000000003 -0.028589
3.771 -0.026964
3.7725 -0.025339
3.774 -0.023712
3.7755 -0.022084
3.777 -0.020455
3.7785 -0.018825
3.7800000000000002 -0.017195
3.7815 -0.015564
3.783 -0.013932
3.7845 -0.012299
3.786 -0.010666
3.7875 -0.0090330
3.789 -0.0073992
3.7905 -0.0057651
3.7920000000000003 -0.0041307
3.7935 -0.0024961
3.795 -0.00086139
3.7965 0.00077338
3.798 0.0024081
3.7995 0.0040428
3.801 0.0056774
3.8025 0.0073117
3.8040000000000003 0.0089458
3.8055 0.010579
3.807 0.012213
3.8085 0.013846
3.81 0.015478
3.8115 0.017110
3.813 0.018741
3.8145000000000002 0.020371
3.8160000000000003 0.022001
3.8175 0.023629
3.819 0.025257
3.8205 0.026884
3.822 0.028509
3.8235 0.030134
3.825 0.031757
3.8265000000000002 0.033379
3.8280000000000003 0.035000
3.8295 0.036620
3.831 0.038238
3.8325 0.039854
3.834 0.041469
3.8355 0.043083
3.837 0.044694
3.8385000000000002 0.046304
3.84 0.047913
3.8415 0.049519
3.843 0.051124
3.8445 0.052726
3.846 0.054327
3.8475 0.055925
3.849 0.057522
3.8505000000000003 0.059116
3.852 0.060708
3.8535 0.062297
3.855 0.063885
3.8565 0.065470
3.858 0.067052
3.8595 0.068633
3.861 0.070210
3.8625000000000003 0.071785
3.864 0.073358
3.8655 0.074927
3.867 0.076494
3.8685 0.078059
3.87 0.079620
3.8715 0.081179
3.873 0.082735
3.8745000000000003 0.084288
3.876 0.085837
3.8775 0.087384
3.879 0.088928
3.8805 0.090469
3.882 0.092007
3.8835 0.093541
3.8850000000000002 0.095073
3.8865000000000003 0.096601
3.888 0.098126
3.8895 0.099648
3.891 0.10117
3.8925 0.10268
3.894 0.10419
3.8955 0.10570
3.8970000000000002 0.10721
3.8985000000000003 0.10871
3.9 0.11020
3.9015 0.11170
3.903 0.11319
3.9045 0.11468
3.906 0.11616
3.9075 0.11764
3.9090000000000003 0.11912
3.9105 0.12059
3.912 0.12206
3.9135 0.12352
3.915 0.12498
3.9165 0.12644
3.918 0.12790
3.9195 0.12935
3.9210000000000003 0.13079
3.9225 0.13224
3.924 0.13367
3.9255 0.13511
3.927 0.13654
3.9285 0.13797
3.93 0.13939
3.9315 0.14081
3.9330000000000003 0.14223
3.9345 0.14364
3.936 0.14504
3.9375 0.14645
3.939 0.14785
3.9405 0.14924
3.942 0.15063
3.9435000000000002 0.15202
3.9450000000000003 0.15340
3.9465 0.15478
3.948 0.15616
3.9495 0.15753
3.951 0.15890
3.9525 0.16026
3.954 0.16162
3.9555000000000002 0.16298
3.9570000000000003 0.16433
3.9585 0.16567
3.96 0.16702
3.9615 0.16836
3.963 0.16969
3.9645 0.17102
3.966 0.17235
3.9675000000000002 0.17367
3.969 0.17499
3.9705 0.17630
3.972 0.17761
3.9735 0.17892
3.975 0.18022
3.9765 0.18152
3.978 0.18281
3.9795000000000003 0.18410
3.981 0.18539
3.9825 0.18667
3.984 0.18795
3.9855 0.18922
3.987 0.19049
3.9885 0.19175
3.99 0.19301
3.9915000000000003 0.19427
3.993 0.19552
3.9945 0.19677
3.996 0.19801
3.9975 0.19925
3.999 0.20049
4.0005 0.20172
4.002 0.20295
4.0035 0.20417
4.005 0.20539
4.0065 0.20661
4.008 0.20782
4.0095 0.20903
4.011 0.21023
4.0125 0.21143
4.014 0.21262
4.0155 0.21382
4.017 0.21500
4.0185 0.21618
4.0200000000000005 0.21736
4.0215000000000005 0.21854
4.023 0.21971
4.0245 0.22088
4.026 0.22204
4.0275 0.22320
4.029 0.22435
4.0305 0.22550
4.032 0.22665
4.0335 0.22779
4.035 0.22893
4.0365 0.23006
4.038 0.23119
4.0395 0.23232
4.041 0.23344
4.0425 0.23456
4.0440000000000005 0.23567
4.0455 0.23678
4.047 0.23789
4.0485 0.23899
4.05 0.24009
4.0515 0.24118
4.053 0.24227
4.0545 0.24336
4.056 0.24444
4.0575 0.24552
4.059 0.24659
4.0605 0.24766
4.062 0.24873
4.0635 0.24979
4.065 0.25085
4.0665000000000004 0.25190
4.0680000000000005 0.25295
4.0695 0.25400
4.071 0.25504
4.0725 0.25608
4.074 0.25712
4.0755 0.25815
4.077 0.25917
4.0785 0.26020
4.08 0.26122
4.0815 0.26223
4.083 0.26324
4.0845 0.26425
4.086 0.26525
4.0875 0.26625
4.089 0.26725
4.0905000000000005 0.26824
4.0920000000000005 0.26923
4.0935 0.27021
4.095 0.27119
4.0965 0.27217
4.098 0.27314
4.0995 0.27411
4.101 0.27507
4.1025 0.27603
4.104 0.27699
4.1055 0.27794
4.107 0.27889
4.1085 0.27984
4.11 0.28078
4.1115 0.28172
4.113 0.28265
4.1145000000000005 0.28358
4.116 0.28451
4.1175 0.28543
4.119 0.28635
4.1205 0.28726
4.122 0.28817
4.1235 0.28908
4.125 0.28998
4.1265 0.29088
4.128 0.29177
4.1295 0.29266
4.131 0.29355
4.1325 0.29444
4.134 0.29532
4.1355 0.29619
4.1370000000000005 0.29706
4.1385000000000005 0.29793
4.14 0.29880
4.1415 0.29966
4.143 0.30051
4.1445 0.30137
4.146 0.30221
4.1475 0.30306
4.149 0.30390
4.1505 0.30474
4.152 0.30557
4.1535 0.30640
4.155 0.30723
4.1565 0.30805
4.158 0.30887
4.1595 0.30968
4.1610000000000005 0.31049
4.1625 0.31130
4.164 0.31210
4.1655 0.31290
4.167 0.31369
4.1685 0.31449
4.17 0.31527
4.1715 0.31606
4.173 0.31684
4.1745 0.31761
4.176 0.31838
4.1775 0.31915
4.179 0.31992
4.1805 0.32068
4.182 0.32143
4.1835 0.32219
4.1850000000000005 0.32293
4.1865 0.32368
4.188 0.32442
4.1895 0.32516
4.191 0.32589
4.1925 0.32662
4.194 0.32734
4.1955 0.32806
4.197 0.32878
4.1985 0.32950
4.2 0.33020
4.2015 0.33091
4.203 0.33161
4.2045 0.33231
4.206 0.33300
4.2075000000000005 0.33369
4.2090000000000005 0.33438
4.2105 0.33506
4.212 0.33574
4.2135 0.33641
4.215 0.33708
4.2165 0.33775
4.218 0.33841
4.2195 0.33907
4.221 0.33973
4.2225 0.34038
4.224 0.34102
4.2255 0.34166
4.227 0.34230
4.2285 0.34294
4.23 0.34357
4.2315000000000005 0.34419
4.233 0.34482
4.2345 0.34543
4.236 0.34605
4.2375 0.34666
4.239 0.34726
4.2405 0.34787
4.242 0.34846
4.2435 0.34906
4.245 0.34965
4.2465 0.35023
4.248 0.35081
4.2495 0.35139
4.251 0.35196
4.2525 0.35253
4.2540000000000004 0.35310
4.2555000000000005 0.35366
4.257 0.35422
4.2585 0.35477
4.26 0.35532
4.2615 0.35586
4.263 0.35640
4.2645 0.35694
4.266 0.35747
4.2675 0.35800
4.269 0.35852
4.2705 0.35904
4.272 0.35956
4.2735 0.36007
4.275 0.36058
4.2765 0.36108
4.2780000000000005 0.36158
4.2795000000000005 0.36207
4.281 0.36256
4.2825 0.36305
4.284 0.36353
4.2855 0.36401
4.287 0.36448
4.2885 0.36495
4.29 0.36542
4.2915 0.36588
4.293 0.36633
4.2945 0.36678
4.296 0.36723
4.2975 0.36767
4.299 0.36811
4.3005 0.36855
4.3020000000000005 0.36898
4.3035 0.36940
4.305 0.36982
4.3065 0.37024
4.308 0.37065
4.3095 0.37106
4.311 0.37147
4.3125 0.37187
4.314 0.37226
4.3155 0.37265
4.317 0.37304
4.3185 0.37342
4.32 0.37380
4.3215 0.37417
4.323 0.37454
4.3245000000000005 0.37490
4.3260000000000005 0.37526
4.3275 0.37562
4.329 0.37597
4.3305 0.37632
4.332 0.37666
4.3335 0.37700
4.335 0.37733
4.3365 0.37766
4.338 0.37798
4.3395 0.37830
4.341 0.37862
4.3425 0.37893
4.344 0.37923
4.3455 0.37954
4.347 0.37983
4.3485000000000005 0.38012
4.3500000000000005 0.38041
4.3515 0.38070
4.353 0.38097
4.3545 0.38125
4.356 0.38152
4.3575 0.38178
4.359 0.38204
4.3605 0.38230
4.362 0.38255
4.3635 0.38280
4.365 0.38304
4.3665 0.38328
4.368 0.38351
4.3695 0.38374
4.371 0.38396
4.3725000000000005 0.38418
4.374 0.38439
4.3755 0.38460
4.377 0.38481
4.3785 0.38501
4.38 0.38520
4.3815 0.38539
4.383 0.38558
4.3845 0.38576
4.386 0.38594
4.3875 0.38611
4.389 0.38628
4.3905 0.38644
4.392 0.38660
4.3935 0.38675
4.3950000000000005 0.38690
4.3965000000000005 0.38704
4.398 0.38718
4.3995 0.38732
4.401 0.38745
4.4025 0.38757
4.404 0.38769
4.4055 0.38781
4.407 0.38792
4.4085 0.38802
4.41 0.38812
4.4115 0.38822
4.413 0.38831
4.4145 0.38840
4.416 0.38848
4.4175 0.38856
4.4190000000000005 0.38863
4.4205 0.38870
4.422 0.38876
4.4235 0.38882
4.425 0.38887
4.4265 0.38892
4.428 0.38896
4.4295 0.38900
4.431 0.38904
4.4325 0.38907
4.434 0.38909
4.4355 0.38911
4.437 0.38913
4.4385 0.38914
4.44 0.38914
4.4415000000000004 0.38914
4.4430000000000005 0.38914
4.4445 0.38913
4.446 0.38912
4.4475 0.38910
4.449 0.38908
4.4505 0.38905
4.452 0.38902
4.4535 0.38898
4.455 0.38894
4.4565 0.38889
4.458 0.38884
4.4595 0.38878
4.461 0.38872
4.4625 0.38866
4.464 0.38859
4.4655000000000005 0.38851
4.4670000000000005 0.38843
4.4685 0.38835
4.47 0.38826
4.4715 0.38816
4.473 0.38806
4.4745 0.38796
4.476 0.38785
4.4775 0.38774
4.479 0.38762
4.4805 0.38750
4.482 0.38737
4.4835 0.38724
4.485 0.38710
4.4865 0.38696
4.488 0.38682
4.4895000000000005 0.38666
4.491 0.38651
4.4925 0.38635
4.494 0.38618
4.4955 0.38601
4.497 0.38584
4.4985 0.38566
4.5 0.38548
4.5015 0.38529
4.503 0.38510
4.5045 0.38490
4.506 0.38470
4.5075 0.38449
4.509 0.38428
4.5105 0.38406
4.5120000000000005 0.38384
4.5135000000000005 0.38361
4.515 0.38338
4.5165 0.38315
4.518 0.38291
4.5195 0.38267
4.521 0.38242
4.5225 0.38216
4.524 0.38191
4.5255 0.38164
4.527 0.38138
4.5285 0.38110
4.53 0.38083
4.5315 0.38055
4.533 0.38026
4.5345 0.37997
4.5360000000000005 0.37968
4.5375000000000005 0.37938
4.539 0.37908
4.5405 0.37877
4.542 0.37846
4.5435 0.37814
4.545 0.37782
4.5465 0.37749
4.548 0.37716
4.5495 0.37683
4.551 0.37649
4.5525 0.37614
4.554 0.37579
4.5555 0.37544
4.557 0.37508
4.5585 0.37472
4.5600000000000005 0.37436
4.5615 0.37399
4.563 0.37361
4.5645 0.37323
4.566 0.37285
4.5675 0.37246
4.569 0.37207
4.5705 0.37167
4.572 0.37127
4.5735 0.37086
4.575 0.37045
4.5765 0.37004
4.578 0.36962
4.5795 0.36920
4.581 0.36877
4.5825000000000005 0.36834
4.5840000000000005 0.36790
4.5855 0.36746
4.587 0.36702
4.5885 0.36657
4.59 0.36612
4.5915 0.36566
4.593 0.36520
4.5945 0.36473
4.596 0.36426
4.5975 0.36379
4.599 0.36331
4.6005 0.36283
4.602 0.36234
4.6035 0.36185
4.605 0.36135
4.6065000000000005 0.36085
4.6080000000000005 0.36035
4.6095 0.35984
4.611 0.35933
4.6125 0.35881
4.614 0.35829
4.6155 0.35777
4.617 0.35724
4.6185 0.35671
4.62 0.35617
4.6215 0.35563
4.623 0.35508
4.6245 0.35453
4.626 0.35398
4.6275 0.35342
4.6290000000000004 0.35286
4.6305000000000005 0.35229
4.632 0.35173
4.6335 0.35115
4.635 0.35057
4.6365 0.34999
4.638 0.34940
4.6395 0.34881
4.641 0.34822
4.6425 0.34762
4.644 0.34702
4.6455 0.34641
4.647 0.34580
4.6485 0.34519
4.65 0.34457
4.6515 0.34395
4.6530000000000005 0.34332
4.6545000000000005 0.34269
4.656 0.34206
4.6575 0.34142
4.659 0.34078
4.6605 0.34013
4.662 0.33948
4.6635 0.33883
4.665 0.33817
4.6665 0.33751
4.668 0.33684
4.6695 0.33617
4.671 0.33550
4.6725 0.33482
4.674 0.33414
4.6755 0.33345
4.6770000000000005 0.33276
4.6785 0.33207
4.68 0.33137
4.6815 0.33067
4.683 0.32997
4.6845 0.32926
4.686 0.32854
4.6875 0.32783
4.689 0.32711
4.6905 0.32638
4.692 0.32565
4.6935 0.32492
4.695 0.32418
4.6965 0.32344
4.698 0.32270
4.6995000000000005 0.32195
4.7010000000000005 0.32120
4.7025 0.32045
4.704 0.31969
4.7055 0.31892
4.707 0.31816
4.7085 0.31739
4.71 0.31661
4.7115 0.31583
4.713 0.31505
4.7145 0.31427
4.716 0.31348
4.7175 0.31268
4.719 0.31189
4.7205 0.31108
4.722 0.31028
4.7235000000000005 0.30947
4.7250000000000005 0.30866
4.7265 0.30784
4.728 0.30702
4.7295 0.30619
4.731 0.30537
4.7325 0.30453
4.734 0.30370
4.7355 0.30286
4.737 0.30202
4.7385 0.30117
4.74 0.30032
4.7415 0.29946
4.743 0.29861
4.7445 0.29774
4.746 0.29688
4.7475000000000005 0.29601
4.749 0.29513
4.7505 0.29426
4.752 0.29338
4.7535 0.29249
4.755 0.29160
4.7565 0.29071
4.758 0.28981
4.7595 0.28891
4.761 0.28801
4.7625 0.28710
4.764 0.28619
4.7655 0.28527
4.767 0.28435
4.7685 0.28343
4.7700000000000005 0.28250
4.7715000000000005 0.28157
4.773 0.28064
4.7745 0.27970
4.776 0.27876
4.7775 0.27781
4.779 0.27686
4.7805 0.27591
4.782 0.27495
4.7835 0.27399
4.785 0.27302
4.7865 0.27206
4.788 0.27108
4.7895 0.27011
4.791 0.26913
4.7925 0.26814
4.7940000000000005 0.26715
4.7955000000000005 0.26616
4.797 0.26516
4.7985 0.26416
4.8 0.26316
4.8015 0.26215
4.803 0.26114
4.8045 0.26013
4.806 0.25911
4.8075 0.25808
4.809 0.25706
4.8105 0.25603
4.812 0.25499
4.8135 0.25395
4.815 0.25291
4.8165000000000004 0.25186
4.8180000000000005 0.25081
4.8195 0.24976
4.821 0.24870
4.8225 0.24764
4.824 0.24657
4.8255 0.24550
4.827 0.24443
4.8285 0.24335
4.83 0.24227
4.8315 0.24118
4.833 0.24009
4.8345 0.23900
4.836 0.23790
4.8375 0.23680
4.839 0.23570
4.8405000000000005 0.23459
4.8420000000000005 0.23347
4.8435 0.23236
4.845 0.23124
4.8465 0.23011
4.848 0.22898
4.8495 0.22785
4.851 0.22671
4.8525 0.22557
4.854 0.22443
4.8555 0.22328
4.857 0.22212
4.8585 0.22097
4.86 0.21981
4.8615 0.21864
4.863 0.21747
4.8645000000000005 0.21630
4.866 0.21512
4.8675 0.21394
4.869 0.21275
4.8705 0.21156
4.872 0.21037
4.8735 0.20917
4.875 0.20797
4.8765 0.20677
4.878 0.20556
4.8795 0.20434
4.881 0.20313
4.8825 0.20191
4.884 0.20068
4.8855 0.19945
4.8870000000000005 0.19822
4.8885000000000005 0.19698
4.89 0.19574
4.8915 0.19449
4.893 0.19324
4.8945 0.19199
4.896 0.19073
4.8975 0.18947
4.899 0.18820
4.9005 0.18693
4.902 0.18565
4.9035 0.18438
4.905 0.18309
4.9065 0.18181
4.908 0.18052
4.9095 0.17922
4.9110000000000005 0.17792
4.9125000000000005 0.17662
4.914 0.17531
4.9155 0.17400
4.917 0.17269
4.9185 0.17137
4.92 0.17004
4.9215 0.16872
4.923 0.16738
4.9245 0.16605
4.926 0.16471
4.9275 0.16337
4.929 0.16202
4.9305 0.16067
4.932 0.15931
4.9335 0.15795
4.9350000000000005 0.15659
4.9365 0.15522
4.938 0.15385
4.9395 0.15247
4.941 0.15109
4.9425 0.14971
4.944 0.14832
4.9455 0.14693
4.947 0.14553
4.9485 0.14414
4.95 0.14273
4.9515 0.14132
4.953 0.13991
4.9545 0.13850
4.956 0.13708
4.9575000000000005 0.13566
4.9590000000000005 0.13423
4.9605 0.13280
4.962 0.13137
4.9635 0.12993
4.965 0.12849
4.9665 0.12704
4.968 0.12559
4.9695 0.12414
4.971 0.12268
4.9725 0.12122
4.974 0.11976
4.9755 0.11829
4.977 0.11682
4.9785 0.11534
4.98 0.11386
4.9815000000000005 0.11238
4.9830000000000005 0.11089
4.9845 0.10941
4.986 0.10791
4.9875 0.10642
4.989 0.10492
4.9905 0.10341
4.992 0.10191
4.9935 0.10040
4.995 0.098884
4.9965 0.097368
4.998 0.095848
4.9995 0.094325
5.001 0.092799
5.0025 0.091270
5.0040000000000004 0.089737
5.0055000000000005 0.088202
5.007 0.086663
5.0085 0.085122
5.01 0.083577
5.0115 0.082030
5.013 0.080480
5.0145 0.078926
5.016 0.077370
5.0175 0.075812
5.019 0.074250
5.0205 0.072686
5.022 0.071119
5.0235 0.069550
5.025 0.067978
5.0265 0.066403
5.0280000000000005 0.064826
5.0295000000000005 0.063247
5.031 0.061665
5.0325 0.060081
5.034 0.058495
5.0355 0.056906
5.037 0.055315
5.0385 0.053723
5.04 0.052128
5.0415 0.050531
5.043 0.048932
5.0445 0.047331
5.046 0.045729
5.0475 0.044124
5.049 0.042518
5.0505 0.040910
5.0520000000000005 0.039301
5.0535000000000005 0.037690
5.055 0.036078
5.0565 0.034464
5.058 0.032848
5.0595 0.031232
5.061 0.029614
5.0625 0.027995
5.064 0.026375
5.0655 0.024754
5.067 0.023131
5.0685 0.021508
5.07 0.019884
5.0715 0.018259
5.073 0.016633
5.0745000000000005 0.015007
5.0760000000000005 0.013380
5.0775 0.011753
5.079 0.010124
5.0805 0.0084960
5.082 0.0068671
5.0835 0.0052380
5.085 0.0036086
5.0865 0.0019791
5.088 0.00034941
5.0895 -0.0012803
5.091 -0.0029100
5.0925 -0.0045395
5.094 -0.0061690
5.0955 -0.0077982
5.097 -0.0094271
5.0985000000000005 -0.011056
5.1000000000000005 -0.012684
5.1015 -0.014311
5.103 -0.015938
5.1045 -0.017565
5.106 -0.019191
5.1075 -0.020816
5.109 -0.022440
5.1105 -0.024063
5.112 -0.025686
5.1135 -0.027307
5.115 -0.028928
5.1165 -0.030547
5.118 -0.032165
5.1195 -0.033782
5.121 -0.035397
5.1225000000000005 -0.037012
5.124 -0.038624
5.1255 -0.040235
5.127 -0.041845
5.1285 -0.043453
5.13 -0.045060
5.1315 -0.046664
5.133 -0.048267
5.1345 -0.049868
5.136 -0.051467
5.1375 -0.053065
5.139 -0.054660
5.1405 -0.056253
5.142 -0.057844
5.1435 -0.059433
5.1450000000000005 -0.061020
5.1465000000000005 -0.062604
5.148 -0.064186
5.1495 -0.065766
5.151 -0.067343
5.1525 -0.068918
5.154 -0.070491
5.1555 -0.072060
5.157 -0.073628
5.1585 -0.075192
5.16 -0.076754
5.1615 -0.078313
5.163 -0.079870
5.1645 -0.081423
5.166 -0.082974
5.1675 -0.084522
5.1690000000000005 -0.086067
5.1705000000000005 -0.087609
5.172 -0.089147
5.1735 -0.090683
5.175 -0.092216
5.1765 -0.093746
5.178 -0.095272
5.1795 -0.096795
5.181 -0.098315
5.1825 -0.099832
5.184 -0.10135
5.1855 -0.10286
5.187 -0.10436
5.1885 -0.10587
5.19 -0.10737
5.1915000000000004 -0.10886
5.1930000000000005 -0.11036
5.1945 -0.11185
5.196 -0.11333
5.1975 -0.11481
5.199 -0.11629
5.2005 -0.11777
5.202 -0.11924
5.2035 -0.12071
5.205 -0.12217
5.2065 -0.12363
5.208 -0.12509
5.2095 -0.12654
5.211 -0.12799
5.2125 -0.12944
5.214 -0.13088
5.2155000000000005 -0.13232
5.2170000000000005 -0.13376
5.2185 -0.13519
5.22 -0.13661
5.2215 -0.13804
5.223 -0.13946
5.2245 -0.14087
5.226 -0.14228
5.2275 -0.14369
5.229 -0.14509
5.2305 -0.14649
5.232 -0.14789
5.2335 -0.14928
5.235 -0.15067
5.2365 -0.15205
5.238 -0.15343
5.2395000000000005 -0.15481
5.2410000000000005 -0.15618
5.2425 -0.15755
5.244 -0.15891
5.2455 -0.16027
5.247 -0.16163
5.2485 -0.16298
5.25 -0.16433
5.2515 -0.16567
5.253 -0.16701
5.2545 -0.16834
5.256 -0.16968
5.2575 -0.17100
5.259 -0.17233
5.2605 -0.17365
5.2620000000000005 -0.17496
5.2635000000000005 -0.17627
5.265 -0.17758
5.2665 -0.17888
5.268 -0.18018
5.2695 -0.18148
5.271 -0.18277
5.2725 -0.18405
5.274 -0.18534
5.2755 -0.18662
5.277 -0.18789
5.2785 -0.18916
5.28 -0.19043
5.2815 -0.19169
5.283 -0.19295
5.2845 -0.19420
5.2860000000000005 -0.19545
5.2875000000000005 -0.19670
5.289 -0.19794
5.2905 -0.19918
5.292 -0.20041
5.2935 -0.20164
5.295 -0.20287
5.2965 -0.20409
5.298 -0.20531
5.2995 -0.20652
5.301 -0.20773
5.3025 -0.20894
5.304 -0.21014
5.3055 -0.21133
5.307 -0.21253
5.3085 -0.21372
5.3100000000000005 -0.21490
5.3115000000000006 -0.21608
5.313 -0.21726
5.3145 -0.21843
5.316 -0.21960
5.3175 -0.22077
5.319 -0.22193
5.3205 -0.22308
5.322 -0.22424
5.3235 -0.22539
5.325 -0.22653
5.3265 -0.22767
5.328 -0.22881
5.3295 -0.22994
5.331 -0.23107
5.3325000000000005 -0.23220
5.3340000000000005 -0.23332
5.3355 -0.23444
5.337 -0.23555
5.3385 -0.23666
5.34 -0.23776
5.3415 -0.23886
5.343 -0.23996
5.3445 -0.24106
5.346 -0.24215
5.3475 -0.24323
5.349 -0.24431
5.3505 -0.24539
5.352 -0.24646
5.3535 -0.24753
5.355 -0.24860
5.3565000000000005 -0.24966
5.3580000000000005 -0.25072
5.3595 -0.25177
5.361 -0.25282
5.3625 -0.25387
5.364 -0.25491
5.3655 -0.25595
5.367 -0.25699
5.3685 -0.25802
5.37 -0.25905
5.3715 -0.26007
5.373 -0.26109
5.3745 -0.26210
5.376 -0.26312
5.3775 -0.26412
5.3790000000000004 -0.26513
5.3805000000000005 -0.26613
5.382 -0.26712
5.3835 -0.26812
5.385 -0.26910
5.3865 -0.27009
5.388 -0.27107
5.3895 -0.27205
5.391 -0.27302
5.3925 -0.27399
5.394 -0.27495
5.3955 -0.27592
5.397 -0.27687
5.3985 -0.27783
5.4 -0.27878
5.4015 -0.27973
5.4030000000000005 -0.28067
5.4045000000000005 -0.28161
5.406 -0.28254
5.4075 -0.28347
5.409 -0.28440
5.4105 -0.28532
5.412 -0.28624
5.4135 -0.28716
5.415 -0.28807
5.4165 -0.28898
5.418 -0.28989
5.4195 -0.29079
5.421 -0.29168
5.4225 -0.29258
5.424 -0.29347
5.4255 -0.29435
5.4270000000000005 -0.29523
5.4285000000000005 -0.29611
5.43 -0.29699
5.4315 -0.29786
5.433 -0.29873
5.4345 -0.29959
5.436 -0.30045
5.4375 -0.30130
5.439 -0.30215
5.4405 -0.30300
5.442 -0.30385
5.4435 -0.30469
5.445 -0.30552
5.4465 -0.30636
5.448 -0.30719
5.4495000000000005 -0.30801
5.4510000000000005 -0.30883
5.4525 -0.30965
5.454 -0.31046
5.4555 -0.31127
5.457 -0.31208
5.4585 -0.31288
5.46 -0.31368
5.4615 -0.31448
5.463 -0.31527
5.4645 -0.31606
5.466 -0.31684
5.4675 -0.31762
5.469 -0.31839
5.4705 -0.31917
5.472 -0.31993
5.4735000000000005 -0.32070
5.4750000000000005 -0.32146
5.4765 -0.32222
5.478 -0.32297
5.4795 -0.32372
5.481 -0.32446
5.4825 -0.32520
5.484 -0.32594
5.4855 -0.32668
5.487 -0.32741
5.4885 -0.32813
5.49 -0.32886
5.4915 -0.32957
5.493 -0.33029
5.4945 -0.33100
5.496 -0.33171
5.4975000000000005 -0.33241
5.4990000000000006 -0.33311
5.5005 -0.33381
5.502 -0.33450
5.5035 -0.33518
5.505 -0.33587
5.5065 -0.33655
5.508 -0.33722
5.5095 -0.33790
5.511 -0.33857
5.5125 -0.33923
5.514 -0.33989
5.5155 -0.34055
5.517 -0.34120
5.5185 -0.34185
5.5200000000000005 -0.34249
5.5215000000000005 -0.34313
5.523 -0.34377
5.5245 -0.34441
5.526 -0.34503
5.5275 -0.34566
5.529 -0.34628
5.5305 -0.34690
5.532 -0.34751
5.5335 -0.34812
5.535 -0.34873
5.5365 -0.34933
5.538 -0.34993
5.5395 -0.35052
5.541 -0.35111
5.5425 -0.35169
5.5440000000000005 -0.35228
5.5455000000000005 -0.35285
5.547 -0.35343
5.5485 -0.35400
5.55 -0.35456
5.5515 -0.35512
5.553 -0.35568
5.5545 -0.35623
5.556 -0.35678
5.5575 -0.35733
5.559 -0.35787
5.5605 -0.35841
5.562 -0.35894
5.5635 -0.35947
5.565 -0.35999
5.5665000000000004 -0.36051
5.5680000000000005 -0.36103
5.5695 -0.36154
5.571 -0.36205
5.5725 -0.36255
5.574 -0.36305
5.5755 -0.36355
5.577 -0.36404
5.5785 -0.36453
5.58 -0.36501
5.5815 -0.36549
5.583 -0.36597
5.5845 -0.36644
5.586 -0.36690
5.5875 -0.36737
5.589 -0.36783
5.5905000000000005 -0.36828
5.5920000000000005 -0.36873
5.5935 -0.36917
5.595 -0.36962
5.5965 -0.37005
5.598 -0.37049
5.5995 -0.37091
5.601 -0.37134
5.6025 -0.37176
5.604 -0.37218
5.6055 -0.37259
5.607 -0.37299
5.6085 -0.37340
5.61 -0.37380
5.6115 -0.37419
5.613 -0.37458
5.6145000000000005 -0.37497
5.6160000000000005 -0.37535
5.6175 -0.37572
5.619 -0.37610
5.6205 -0.37646
5.622 -0.37683
5.6235 -0.37719
5.625 -0.37754
5.6265 -0.37789
5.628 -0.37824
5.6295 -0.37858
5.631 -0.37892
5.6325 -0.37925
5.634 -0.37958
5.6355 -0.37991
5.6370000000000005 -0.38023
5.6385000000000005 -0.38054
5.64 -0.38085
5.6415 -0.38116
5.643 -0.38146
5.6445 -0.38176
5.646 -0.38205
5.6475 -0.38234
5.649 -0.38262
5.6505 -0.38290
5.652 -0.38318
5.6535 -0.38345
5.655 -0.38372
5.6565 -0.38398
5.658 -0.38423
5.6595 -0.38449
5.6610000000000005 -0.38473
5.6625000000000005 -0.38498
5.664 -0.38522
5.6655 -0.38545
5.667 -0.38568
5.6685 -0.38591
5.67 -0.38613
5.6715 -0.38634
5.673 -0.38656
5.6745 -0.38676
5.676 -0.38696
5.6775 -0.38716
5.679 -0.38736
5.6805 -0.38754
5.682 -0.38773
5.6835 -0.38791
5.6850000000000005 -0.38808
5.6865000000000006 -0.38825
5.688 -0.38842
5.6895 -0.38858
5.691 -0.38874
5.6925 -0.38889
5.694 -0.38903
5.6955 -0.38918
5.697 -0.38932
5.6985 -0.38945
5.7 -0.38958
5.7015 -0.38970
5.703 -0.38982
5.7045 -0.38993
5.706 -0.39004
5.7075000000000005 -0.39015
5.7090000000000005 -0.39025
5.7105 -0.39035
5.712 -0.39044
5.7135 -0.39052
5.715 -0.39060
5.7165 -0.39068
5.718 -0.39075
5.7195 -0.39082
5.721 -0.39089
5.7225 -0.39094
5.724 -0.39100
5.7255 -0.39105
5.727 -0.39109
5.7285 -0.39113
5.73 -0.39117
5.7315000000000005 -0.39120
5.7330000000000005 -0.39122
5.7345 -0.39124
5.736 -0.39126
5.7375 -0.39127
5.739 -0.39128
5.7405 -0.39128
5.742 -0.39128
5.7435 -0.39127
5.745 -0.39126
5.7465 -0.39124
5.748 -0.39122
5.7495 -0.39119
5.751 -0.39116
5.7525 -0.39113
5.7540000000000004 -0.39109
5.7555000000000005 -0.39104
5.757000000000001 -0.39099
5.7585 -0.39094
5.76 -0.39088
5.7615 -0.39081
5.763 -0.39075
5.7645 -0.39067
5.766 -0.39060
5.7675 -0.39051
5.769 -0.39043
5.7705 -0.39034
5.772 -0.39024
5.7735 -0.39014
5.775 -0.39003
5.7765 -0.38992
5.7780000000000005 -0.38981
5.7795000000000005 -0.38969
5.781 -0.38956
5.7825 -0.38943
5.784 -0.38930
5.7855 -0.38916
5.787 -0.38902
5.7885 -0.38887
5.79 -0.38872
5.7915 -0.38856
5.793 -0.38840
5.7945 -0.38824
5.796 -0.38806
5.7975 -0.38789
5.799 -0.38771
5.8005 -0.38753
5.8020000000000005 -0.38734
5.8035000000000005 -0.38714
5.805 -0.38694
5.8065 -0.38674
5.808 -0.38653
5.8095 -0.38632
5.811 -0.38611
5.8125 -0.38589
5.814 -0.38566
5.8155 -0.38543
5.817 -0.38520
5.8185 -0.38496
5.82 -0.38471
5.8215 -0.38446
5.823 -0.38421
5.8245000000000005 -0.38395
5.8260000000000005 -0.38369
5.8275 -0.38343
5.829 -0.38315
5.8305 -0.38288
5.832 -0.38260
5.8335 -0.38232
5.835 -0.38203
5.8365 -0.38173
5.838 -0.38144
5.8395 -0.38113
5.841 -0.38083
5.8425 -0.38052
5.844 -0.38020
5.8455 -0.37988
5.847 -0.37956
5.8485000000000005 -0.37923
5.8500000000000005 -0.37890
5.8515 -0.37856
5.853 -0.37822
5.8545 -0.37787
5.856 -0.37752
5.8575 -0.37717
5.859 -0.37681
5.8605 -0.37644
5.862 -0.37607
5.8635 -0.37570
5.865 -0.37532
5.8665 -0.37494
5.868 -0.37456
5.8695 -0.37417
5.871 -0.37378
5.8725000000000005 -0.37338
5.8740000000000006 -0.37297
5.8755 -0.37257
5.877 -0.37216
5.8785 -0.37174
5.88 -0.37132
5.8815 -0.37090
5.883 -0.37047
5.8845 -0.37004
5.886 -0.36960
5.8875 -0.36916
5.889 -0.36871
5.8905 -0.36827
5.892 -0.36781
5.8935 -0.36735
5.8950000000000005 -0.36689
5.8965000000000005 -0.36643
5.898 -0.36596
5.8995 -0.36548
5.901 -0.36500
5.9025 -0.36452
5.904 -0.36403
5.9055 -0.36354
5.907 -0.36305
5.9085 -0.36255
5.91 -0.36205
5.9115 -0.36154
5.913 -0.36103
5.9145 -0.36051
5.916 -0.35999
5.9175 -0.35947
5.9190000000000005 -0.35894
5.9205000000000005 -0.35841
5.922 -0.35787
5.9235 -0.35733
5.925 -0.35679
5.9265 -0.35624
5.928 -0.35569
5.9295 -0.35513
5.931 -0.35457
5.9325 -0.35401
5.934 -0.35344
5.9355 -0.35287
5.937 -0.35229
5.9385 -0.35171
5.94 -0.35113
5.9415000000000004 -0.35054
5.9430000000000005 -0.34995
5.944500000000001 -0.34935
5.946 -0.34875
5.9475 -0.34815
5.949 -0.34754
5.9505 -0.34693
5.952 -0.34631
5.9535 -0.34569
5.955 -0.34507
5.9565 -0.34444
5.958 -0.34381
5.9595 -0.34317
5.961 -0.34254
5.9625 -0.34189
5.964 -0.34124
5.9655000000000005 -0.34059
5.9670000000000005 -0.33994
5.9685 -0.33928
5.97 -0.33862
5.9715 -0.33795
5.973 -0.33728
5.9745 -0.33661
5.976 -0.33593
5.9775 -0.33525
5.979 -0.33456
5.9805 -0.33387
5.982 -0.33318
5.9835 -0.33248
5.985 -0.33178
5.9865 -0.33108
5.988 -0.33037
5.9895000000000005 -0.32965
5.9910000000000005 -0.32894
5.9925 -0.32822
5.994 -0.32749
5.9955 -0.32677
5.997 -0.32604
5.9985 -0.32530
6.0 -0.32456
6.0015 -0.32382
6.003 -0.32307
6.0045 -0.32232
6.006 -0.32157
6.0075 -0.32081
6.009 -0.32005
6.0105 -0.31928
6.0120000000000005 -0.31851
6.0135000000000005 -0.31774
6.015000000000001 -0.31696
6.0165 -0.31618
6.018 -0.31540
6.0195 -0.31461
6.021 -0.31382
6.0225 -0.31302
6.024 -0.31222
6.0255 -0.31142
6.027 -0.31061
6.0285 -0.30980
6.03 -0.30898
6.0315 -0.30817
6.033 -0.30734
6.0345 -0.30652
6.0360000000000005 -0.30569
6.0375000000000005 -0.30486
6.039 -0.30402
6.0405 -0.30318
6.042 -0.30233
6.0435 -0.30149
6.045 -0.30063
6.0465 -0.29978
6.048 -0.29892
6.0495 -0.29806
6.051 -0.29719
6.0525 -0.29632
6.054 -0.29544
6.0555 -0.29456
6.057 -0.29368
6.0585 -0.29280
6.0600000000000005 -0.29191
6.0615000000000006 -0.29101
6.063 -0.29012
6.0645 -0.28922
6.066 -0.28831
6.0675 -0.28740
6.069 -0.28649
6.0705 -0.28558
6.072 -0.28466
6.0735 -0.28373
6.075 -0.28281
6.0765 -0.28188
6.078 -0.28094
6.0795 -0.28000
6.081 -0.27906
6.0825000000000005 -0.27812
6.0840000000000005 -0.27717
6.0855 -0.27621
6.087 -0.27526
6.0885 -0.27430
6.09 -0.27333
6.0915 -0.27236
6.093 -0.27139
6.0945 -0.27041
6.096 -0.26943
6.0975 -0.26845
6.099 -0.26746
6.1005 -0.26647
6.102 -0.26548
6.1035 -0.26448
6.105 -0.26347
6.1065000000000005 -0.26247
6.1080000000000005 -0.26146
6.1095 -0.26044
6.111 -0.25943
6.1125 -0.25840
6.114 -0.25738
6.1155 -0.25635
6.117 -0.25531
6.1185 -0.25428
6.12 -0.25324
6.1215 -0.25219
6.123 -0.25114
6.1245 -0.25009
6.126 -0.24903
6.1275 -0.24797
6.1290000000000004 -0.24691
6.1305000000000005 -0.24584
6.132000000000001 -0.24477
6.1335 -0.24370
6.135 -0.24262
6.1365 -0.24153
6.138 -0.24045
6.1395 -0.23935
6.141 -0.23826
6.1425 -0.23716
6.144 -0.23606
6.1455 -0.23495
6.147 -0.23384
6.1485 -0.23273
6.15 -0.23161
6.1515 -0.23048
6.1530000000000005 -0.22936
6.1545000000000005 -0.22823
6.156 -0.22709
6.1575 -0.22596
6.159 -0.22481
6.1605 -0.22367
6.162 -0.22252
6.1635 -0.22136
6.165 -0.22020
6.1665 -0.21904
6.168 -0.21788
6.1695 -0.21671
6.171 -0.21553
6.1725 -0.21436
6.174 -0.21317
6.1755 -0.21199
6.1770000000000005 -0.21080
6.1785000000000005 -0.20960
6.18 -0.20841
6.1815 -0.20720
6.183 -0.20600
6.1845 -0.20479
6.186 -0.20357
6.1875 -0.20236
6.189 -0.20114
6.1905 -0.19991
6.192 -0.19868
6.1935 -0.19745
6.195 -0.19621
6.1965 -0.19497
6.198 -0.19372
6.1995000000000005 -0.19247
6.2010000000000005 -0.19122
6.202500000000001 -0.18996
6.204 -0.18870
6.2055 -0.18743
6.207 -0.18616
6.2085 -0.18488
6.21 -0.18361
6.2115 -0.18232
6.213 -0.18104
6.2145 -0.17975
6.216 -0.17845
6.2175 -0.17715
6.219 -0.17585
6.2205 -0.17455
6.222 -0.17324
6.2235000000000005 -0.17192
6.2250000000000005 -0.17060
6.2265 -0.16928
6.228 -0.16795
6.2295 -0.16662
6.231 -0.16529
6.2325 -0.16395
6.234 -0.16261
6.2355 -0.16126
6.237 -0.15991
6.2385 -0.15856
6.24 -0.15720
6.2415 -0.15583
6.243 -0.15447
6.2445 -0.15310
6.246 -0.15172
6.2475000000000005 -0.15034
6.2490000000000006 -0.14896
6.2505 -0.14758
6.252 -0.14619
6.2535 -0.14479
6.255 -0.14339
6.2565 -0.14199
6.258 -0.14059
6.2595 -0.13918
6.261 -0.13776
6.2625 -0.13635
6.264 -0.13493
6.2655 -0.13350
6.267 -0.13207
6.2685 -0.13064
6.2700000000000005 -0.12920
6.2715000000000005 -0.12776
6.273 -0.12632
6.2745 -0.12487
6.276 -0.12342
6.2775 -0.12197
6.279 -0.12051
6.2805 -0.11905
6.282 -0.11758
6.2835 -0.11611
6.285 -0.11464
6.2865 -0.11316
6.288 -0.11168
6.2895 -0.11020
6.291 -0.10871
6.2925 -0.10722
6.2940000000000005 -0.10573
6.2955000000000005 -0.10423
6.297 -0.10273
6.2985 -0.10123
6.3 -0.099723
6.3015 -0.098213
6.303 -0.096700
6.3045 -0.095183
6.306 -0.093663
6.3075 -0.092140
6.309 -0.090614
6.3105 -0.089085
6.312 -0.087552
6.3135 -0.086017
6.315 -0.084479
6.3165000000000004 -0.082937
6.3180000000000005 -0.081393
6.319500000000001 -0.079846
6.321 -0.078297
6.3225 -0.076744
6.324 -0.075189
6.3255 -0.073631
6.327 -0.072070
6.3285 -0.070507
6.33 -0.068941
6.3315 -0.067373
6.333 -0.065802
6.3345 -0.064229
6.336 -0.062653
6.3375 -0.061075
6.339 -0.059495
6.3405000000000005 -0.057913
6.3420000000000005 -0.056328
6.3435 -0.054741
6.345 -0.053153
6.3465 -0.051562
6.348 -0.049969
6.3495 -0.048374
6.351 -0.046778
6.3525 -0.045179
6.354 -0.043579
6.3555 -0.041977
6.357 -0.040374
6.3585 -0.038769
6.36 -0.037162
6.3615 -0.035554
6.363 -0.033945
6.3645000000000005 -0.032334
6.3660000000000005 -0.030722
6.3675 -0.029108
6.369 -0.027494
6.3705 -0.025878
6.372 -0.024262
6.3735 -0.022644
6.375 -0.021025
6.3765 -0.019406
6.378 -0.017786
6.3795 -0.016165
6.381 -0.014543
6.3825 -0.012921
6.384 -0.011298
6.3855 -0.0096750
6.3870000000000005 -0.0080513
6.3885000000000005 -0.0064273
6.390000000000001 -0.0048031
6.3915 -0.0031786
6.393 -0.0015539
6.3945 0.000070788
6.396 0.0016955
6.3975 0.0033202
6.399 0.0049448
6.4005 0.0065693
6.402 0.0081934
6.4035 0.0098173
6.405 0.011441
6.4065 0.013064
6.408 0.014687
6.4095 0.016309
6.4110000000000005 0.017930
6.4125000000000005 0.019551
6.414 0.021171
6.4155 0.022790
6.417 0.024408
6.4185 0.026025
6.42 0.027642
6.4215 0.029257
6.423 0.030871
6.4245 0.032484
6.426 0.034096
6.4275 0.035706
6.429 0.037315
6.4305 0.038923
6.432 0.040529
6.4335 0.042133
6.4350000000000005 0.043736
6.4365000000000006 0.045338
6.438 0.046937
6.4395 0.048535
6.441 0.050131
6.4425 0.051725
6.444 0.053317
6.4455 0.054907
6.447 0.056495
6.4485 0.058081
6.45 0.059665
6.4515 0.061247
6.453 0.062826
6.4545 0.064403
6.456 0.065978
6.4575000000000005 0.067551
6.4590000000000005 0.069120
6.460500000000001 0.070688
6.462 0.072253
6.4635 0.073815
6.465 0.075374
6.4665 0.076931
6.468 0.078486
6.4695 0.080037
6.471 0.081586
6.4725 0.083132
6.474 0.084675
6.4755 0.086215
6.477 0.087752
6.4785 0.089286
6.48 0.090817
6.4815000000000005 0.092345
6.4830000000000005 0.093870
6.4845 0.095392
6.486 0.096911
6.4875 0.098426
6.489 0.099938
6.4905 0.10145
6.492 0.10295
6.4935 0.10446
6.495 0.10595
6.4965 0.10745
6.498 0.10894
6.4995 0.11043
6.501 0.11192
6.5025 0.11340
6.5040000000000004 0.11488
6.5055000000000005 0.11635
6.507000000000001 0.11782
6.5085 0.11929
6.51 0.12075
6.5115 0.12221
6.513 0.12367
6.5145 0.12512
6.516 0.12657
6.5175 0.12802
6.519 0.12946
6.5205 0.13090
6.522 0.13233
6.5235 0.13376
6.525 0.13519
6.5265 0.13661
6.5280000000000005 0.13803
6.5295000000000005 0.13945
6.531 0.14086
6.5325 0.14227
6.534 0.14367
6.5355 0.14507
6.537 0.14647
6.5385 0.14786
6.54 0.14925
6.5415 0.15063
6.543 0.15201
6.5445 0.15339
6.546 0.15476
6.5475 0.15613
6.549 0.15750
6.5505 0.15886
6.5520000000000005 0.16021
6.5535000000000005 0.16156
6.555 0.16291
6.5565 0.16426
6.558 0.16560
6.5595 0.16694
6.561 0.16827
6.5625 0.16960
6.564 0.17092
6.5655 0.17224
6.567 0.17356
6.5685 0.17487
6.57 0.17618
6.5715 0.17748
6.573 0.17878
6.5745000000000005 0.18008
6.5760000000000005 0.18137
6.577500000000001 0.18266
6.579 0.18395
6.5805 0.18523
6.582 0.18650
6.5835 0.18777
6.585 0.18904
6.5865 0.19031
6.588 0.19157
6.5895 0.19282
6.591 0.19407
6.5925 0.19532
6.594 0.19657
6.5955 0.19781
6.597 0.19904
6.5985000000000005 0.20027
6.6000000000000005 0.20150
6.6015 0.20273
6.603 0.20395
6.6045 0.20516
6.606 0.20637
6.6075 0.20758
6.609 0.20878
6.6105 0.20998
6.612 0.21118
6.6135 0.21237
6.615 0.21356
6.6165 0.21474
6.618 0.21592
6.6195 0.21710
6.621 0.21827
6.6225000000000005 0.21944
6.6240000000000006 0.22060
6.6255 0.22176
6.627 0.22292
6.6285 0.22407
6.63 0.22522
6.6315 0.22636
6.633 0.22750
6.6345 0.22864
6.636 0.22977
6.6375 0.23090
6.639 0.23202
6.6405 0.23314
6.642 0.23426
6.6435 0.23537
6.6450000000000005 0.23648
6.6465000000000005 0.23758
6.648000000000001 0.23869
6.6495 0.23978
6.651 0.24088
6.6525 0.24196
6.654 0.24305
6.6555 0.24413
6.657 0.24521
6.6585 0.24628
6.66 0.24735
6.6615 0.24842
6.663 0.24948
6.6645 0.25054
6.666 0.25159
6.6675 0.25264
6.6690000000000005 0.25369
6.6705000000000005 0.25473
6.672 0.25577
6.6735 0.25681
6.675 0.25784
6.6765 0.25887
6.678 0.25989
6.6795 0.26091
6.681 0.26193
6.6825 0.26294
6.684 0.26395
6.6855 0.26495
6.687 0.26595
6.6885 0.26695
6.69 0.26794
6.6915000000000004 0.26893
6.6930000000000005 0.26992
6.694500000000001 0.27090
6.696 0.27188
6.6975 0.27285
6.699 0.27382
6.7005 0.27479
6.702 0.27575
6.7035 0.27671
6.705 0.27767
6.7065 0.27862
6.708 0.27957
6.7095 0.28051
6.711 0.28145
6.7125 0.28239
6.714 0.28332
6.7155000000000005 0.28425
6.7170000000000005 0.28518
6.718500000000001 0.28610
6.72 0.28702
6.7215 0.28793
6.723 0.28884
6.7245 0.28975
6.726 0.29065
6.7275 0.29155
6.729 0.29244
6.7305 0.29334
6.732 0.29422
6.7335 0.29511
6.735 0.29599
6.7365 0.29687
6.738 0.29774
6.7395000000000005 0.29861
6.7410000000000005 0.29948
6.7425 0.30034
6.744 0.30120
6.7455 0.30205
6.747 0.30290
6.7485 0.30375
6.75 0.30459
6.7515 0.30543
6.753 0.30627
6.7545 0.30710
6.756 0.30793
6.7575 0.30875
6.759 0.30957
6.7605 0.31039
6.7620000000000005 0.31120
6.7635000000000005 0.31202
6.765000000000001 0.31282
6.7665 0.31362
6.768 0.31442
6.7695 0.31522
6.771 0.31601
6.7725 0.31680
6.774 0.31758
6.7755 0.31836
6.777 0.31914
6.7785 0.31991
6.78 0.32068
6.7815 0.32144
6.783 0.32220
6.7845 0.32296
6.7860000000000005 0.32372
6.7875000000000005 0.32447
6.789 0.32521
6.7905 0.32595
6.792 0.32669
6.7935 0.32743
6.795 0.32816
6.7965 0.32889
6.798 0.32961
6.7995 0.33033
6.801 0.33105
6.8025 0.33176
6.804 0.33247
6.8055 0.33317
6.807 0.33388
6.8085 0.33457
6.8100000000000005 0.33527
6.8115000000000006 0.33596
6.813 0.33664
6.8145 0.33732
6.816 0.33800
6.8175 0.33868
6.819 0.33935
6.8205 0.34002
6.822 0.34068
6.8235 0.34134
6.825 0.34199
6.8265 0.34264
6.828 0.34329
6.8295 0.34394
6.831 0.34457
6.8325000000000005 0.34521
6.8340000000000005 0.34584
6.835500000000001 0.34647
6.837 0.34710
6.8385 0.34772
6.84 0.34833
6.8415 0.34895
6.843 0.34956
6.8445 0.35016
6.846 0.35076
6.8475 0.35136
6.849 0.35195
6.8505 0.35254
6.852 0.35313
6.8535 0.35371
6.855 0.35429
6.8565000000000005 0.35486
6.8580000000000005 0.35543
6.8595 0.35599
6.861 0.35656
6.8625 0.35711
6.864 0.35767
6.8655 0.35822
6.867 0.35876
6.8685 0.35931
6.87 0.35984
6.8715 0.36038
6.873 0.36091
6.8745 0.36143
6.876 0.36195
6.8775 0.36247
6.8790000000000004 0.36299
6.8805000000000005 0.36350
6.882000000000001 0.36400
6.8835 0.36450
6.885 0.36500
6.8865 0.36549
6.888 0.36598
6.8895 0.36647
6.891 0.36695
6.8925 0.36743
6.894 0.36790
6.8955 0.36837
6.897 0.36883
6.8985 0.36929
6.9 0.36975
6.9015 0.37020
6.9030000000000005 0.37065
6.9045000000000005 0.37109
6.906000000000001 0.37153
6.9075 0.37197
6.909 0.37240
6.9105 0.37283
6.912 0.37325
6.9135 0.37367
6.915 0.37408
6.9165 0.37449
6.918 0.37490
6.9195 0.37530
6.921 0.37570
6.9225 0.37609
6.924 0.37648
6.9255 0.37687
6.9270000000000005 0.37725
6.9285000000000005 0.37762
6.93 0.37800
6.9315 0.37836
6.933 0.37873
6.9345 0.37909
6.936 0.37944
6.9375 0.37979
6.939 0.38014
6.9405 0.38048
6.942 0.38082
6.9435 0.38115
6.945 0.38148
6.9465 0.38180
6.948 0.38212
6.9495000000000005 0.38244
6.9510000000000005 0.38275
6.952500000000001 0.38306
6.954 0.38336
6.9555 0.38366
6.957 0.38396
6.9585 0.38424
6.96 0.38453
6.9615 0.38481
6.963 0.38509
6.9645 0.38536
6.966 0.38563
6.9675 0.38589
6.969 0.38615
6.9705 0.38640
6.972 0.38665
6.9735000000000005 0.38690
6.9750000000000005 0.38714
6.9765 0.38737
6.978 0.38761
6.9795 0.38783
6.981 0.38806
6.9825 0.38828
6.984 0.38849
6.9855 0.38870
6.987 0.38890
6.9885 0.38910
6.99 0.38930
6.9915 0.38949
6.993 0.38968
6.9945 0.38986
6.996 0.39004
6.9975000000000005 0.39021
