x y
1.14 0.0
1.1400 -0.0016508
1.1400 -0.0033016
1.1399 -0.0049523
1.1399 -0.0066028
1.1398 -0.0082530
1.1396 -0.0099030
1.1395 -0.011552
1.1393 -0.013202
1.1391 -0.014850
1.1389 -0.016498
1.1387 -0.018145
1.1384 -0.019792
1.1381 -0.021438
1.1378 -0.023083
1.1375 -0.024727
1.1371 -0.026370
1.1367 -0.028012
1.1363 -0.029652
1.1359 -0.031292
1.1355 -0.032930
1.1350 -0.034567
1.1345 -0.036203
1.1340 -0.037837
1.1334 -0.039470
1.1329 -0.041101
1.1323 -0.042730
1.1316 -0.044358
1.1310 -0.045984
1.1303 -0.047608
1.1297 -0.049231
1.1290 -0.050851
1.1282 -0.052469
1.1275 -0.054086
1.1267 -0.055700
1.1259 -0.057312
1.1251 -0.058922
1.1243 -0.060529
1.1234 -0.062135
1.1225 -0.063738
1.1216 -0.065338
1.1207 -0.066936
1.1197 -0.068531
1.1188 -0.070124
1.1178 -0.071714
1.1168 -0.073302
1.1157 -0.074886
1.1147 -0.076468
1.1136 -0.078048
1.1125 -0.079624
1.1114 -0.081197
1.1102 -0.082768
1.1091 -0.084335
1.1079 -0.085899
1.1067 -0.087461
1.1055 -0.089019
1.1042 -0.090574
1.1030 -0.092126
1.1017 -0.093674
1.1004 -0.095220
1.0991 -0.096762
1.0977 -0.098300
1.0964 -0.099836
1.0950 -0.10137
1.0936 -0.10290
1.0922 -0.10442
1.0908 -0.10594
1.0893 -0.10746
1.0879 -0.10897
1.0864 -0.11049
1.0849 -0.11199
1.0833 -0.11350
1.0818 -0.11500
1.0802 -0.11649
1.0787 -0.11798
1.0771 -0.11947
1.0755 -0.12096
1.0738 -0.12244
1.0722 -0.12392
1.0705 -0.12539
1.0688 -0.12686
1.0671 -0.12832
1.0654 -0.12979
1.0637 -0.13124
1.0620 -0.13270
1.0602 -0.13415
1.0584 -0.13559
1.0566 -0.13703
1.0548 -0.13847
1.0530 -0.13991
1.0511 -0.14134
1.0493 -0.14276
1.0474 -0.14418
1.0455 -0.14560
1.0436 -0.14701
1.0417 -0.14842
1.0398 -0.14983
1.0378 -0.15123
1.0359 -0.15263
1.0339 -0.15402
1.0319 -0.15541
1.0299 -0.15679
1.0279 -0.15817
1.0258 -0.15955
1.0238 -0.16092
1.0217 -0.16229
1.0196 -0.16365
1.0176 -0.16501
1.0155 -0.16637
1.0133 -0.16772
1.0112 -0.16907
1.0091 -0.17041
1.0069 -0.17175
1.0047 -0.17308
1.0026 -0.17441
1.0004 -0.17574
0.99817 -0.17706
0.99594 -0.17837
0.99371 -0.17969
0.99147 -0.18100
0.98921 -0.18230
0.98694 -0.18360
0.98466 -0.18490
0.98237 -0.18619
0.98006 -0.18747
0.97774 -0.18876
0.97542 -0.19004
0.97307 -0.19131
0.97072 -0.19258
0.96836 -0.19385
0.96599 -0.19511
0.96360 -0.19637
0.96120 -0.19762
0.95879 -0.19887
0.95637 -0.20011
0.95394 -0.20135
0.95150 -0.20259
0.94905 -0.20382
0.94659 -0.20505
0.94411 -0.20627
0.94163 -0.20749
0.93913 -0.20871
0.93663 -0.20992
0.93411 -0.21113
0.93159 -0.21233
0.92905 -0.21353
0.92651 -0.21472
0.92395 -0.21591
0.92138 -0.21710
0.91881 -0.21828
0.91622 -0.21945
0.91363 -0.22063
0.91102 -0.22179
0.90841 -0.22296
0.90578 -0.22412
0.90315 -0.22528
0.90050 -0.22643
0.89785 -0.22758
0.89519 -0.22872
0.89252 -0.22986
0.88984 -0.23099
0.88715 -0.23212
0.88445 -0.23325
0.88174 -0.23437
0.87902 -0.23549
0.87630 -0.23661
0.87356 -0.23772
0.87082 -0.23882
0.86807 -0.23992
0.86531 -0.24102
0.86254 -0.24211
0.85976 -0.24320
0.85697 -0.24429
0.85418 -0.24537
0.85137 -0.24645
0.84856 -0.24752
0.84574 -0.24859
0.84291 -0.24965
0.84008 -0.25071
0.83723 -0.25177
0.83438 -0.25282
0.83152 -0.25387
0.82865 -0.25491
0.82577 -0.25595
0.82288 -0.25699
0.81999 -0.25802
0.81709 -0.25905
0.81418 -0.26007
0.81126 -0.26109
0.80834 -0.26211
0.80540 -0.26312
0.80246 -0.26413
0.79952 -0.26513
0.79656 -0.26613
0.79360 -0.26712
0.79063 -0.26812
0.78765 -0.26910
0.78466 -0.27009
0.78167 -0.27106
0.77867 -0.27204
0.77566 -0.27301
0.77265 -0.27398
0.76962 -0.27494
0.76659 -0.27590
0.76356 -0.27685
0.76051 -0.27780
0.75746 -0.27875
0.75440 -0.27969
0.75134 -0.28063
0.74827 -0.28156
0.74519 -0.28249
0.74210 -0.28342
0.73901 -0.28434
0.73591 -0.28526
0.73280 -0.28617
0.72968 -0.28708
0.72656 -0.28799
0.72343 -0.28889
0.72030 -0.28979
0.71716 -0.29068
0.71401 -0.29157
0.71086 -0.29246
0.70769 -0.29334
0.70453 -0.29422
0.70135 -0.29509
0.69817 -0.29596
0.69498 -0.29683
0.69179 -0.29769
0.68859 -0.29855
0.68538 -0.29940
0.68216 -0.30025
0.67894 -0.30110
0.67572 -0.30194
0.67248 -0.30277
0.66924 -0.30361
0.66600 -0.30444
0.66274 -0.30526
0.65948 -0.30608
0.65622 -0.30690
0.65295 -0.30771
0.64967 -0.30852
0.64639 -0.30933
0.64310 -0.31013
0.63980 -0.31092
0.63650 -0.31172
0.63319 -0.31250
0.62987 -0.31329
0.62655 -0.31407
0.62323 -0.31485
0.61989 -0.31562
0.61656 -0.31639
0.61321 -0.31715
0.60986 -0.31791
0.60650 -0.31867
0.60314 -0.31942
0.59977 -0.32017
0.59640 -0.32091
0.59302 -0.32165
0.58963 -0.32238
0.58624 -0.32311
0.58284 -0.32384
0.57944 -0.32456
0.57603 -0.32528
0.57262 -0.32600
0.56920 -0.32671
0.56577 -0.32742
0.56234 -0.32812
0.55891 -0.32882
0.55546 -0.32951
0.55201 -0.33020
0.54856 -0.33089
0.54510 -0.33157
0.54164 -0.33224
0.53817 -0.33292
0.53469 -0.33359
0.53121 -0.33425
0.52772 -0.33491
0.52423 -0.33557
0.52073 -0.33622
0.51723 -0.33687
0.51372 -0.33751
0.51021 -0.33815
0.50669 -0.33879
0.50317 -0.33942
0.49964 -0.34004
0.49610 -0.34067
0.49256 -0.34128
0.48902 -0.34190
0.48547 -0.34251
0.48192 -0.34311
0.47836 -0.34371
0.47479 -0.34431
0.47122 -0.34490
0.46765 -0.34549
0.46407 -0.34608
0.46048 -0.34666
0.45689 -0.34723
0.45330 -0.34780
0.44970 -0.34837
0.44609 -0.34893
0.44248 -0.34949
0.43887 -0.35004
0.43525 -0.35059
0.43163 -0.35114
0.42800 -0.35168
0.42437 -0.35221
0.42073 -0.35274
0.41709 -0.35327
0.41344 -0.35379
0.40979 -0.35431
0.40613 -0.35483
0.40247 -0.35533
0.39881 -0.35584
0.39514 -0.35634
0.39147 -0.35684
0.38779 -0.35733
0.38411 -0.35781
0.38042 -0.35830
0.37673 -0.35878
0.37303 -0.35925
0.36933 -0.35972
0.36563 -0.36018
0.36192 -0.36064
0.35821 -0.36110
0.35449 -0.36155
0.35077 -0.36200
0.34705 -0.36244
0.34332 -0.36287
0.33959 -0.36331
0.33585 -0.36374
0.33211 -0.36416
0.32837 -0.36458
0.32462 -0.36499
0.32087 -0.36540
0.31711 -0.36581
0.31335 -0.36621
0.30959 -0.36660
0.30583 -0.36700
0.30206 -0.36738
0.29828 -0.36776
0.29451 -0.36814
0.29072 -0.36851
0.28694 -0.36888
0.28315 -0.36925
0.27936 -0.36960
0.27557 -0.36996
0.27177 -0.37031
0.26797 -0.37065
0.26416 -0.37099
0.26036 -0.37133
0.25655 -0.37166
0.25273 -0.37198
0.24892 -0.37230
0.24510 -0.37262
0.24127 -0.37293
0.23745 -0.37324
0.23362 -0.37354
0.22979 -0.37384
0.22595 -0.37413
0.22212 -0.37441
0.21827 -0.37470
0.21443 -0.37497
0.21059 -0.37525
0.20674 -0.37551
0.20289 -0.37578
0.19903 -0.37604
0.19518 -0.37629
0.19132 -0.37654
0.18746 -0.37678
0.18360 -0.37702
0.17973 -0.37725
0.17586 -0.37748
0.17199 -0.37771
0.16812 -0.37793
0.16425 -0.37814
0.16037 -0.37835
0.15649 -0.37856
0.15261 -0.37876
0.14873 -0.37895
0.14485 -0.37914
0.14096 -0.37932
0.13707 -0.37950
0.13318 -0.37968
0.12929 -0.37985
0.12540 -0.38001
0.12151 -0.38018
0.11761 -0.38033
0.11371 -0.38048
0.10981 -0.38063
0.10591 -0.38077
0.10201 -0.38090
0.098108 -0.38103
0.094204 -0.38116
0.090298 -0.38128
0.086391 -0.38139
0.082483 -0.38150
0.078574 -0.38161
0.074664 -0.38171
0.070753 -0.38181
0.066841 -0.38190
0.062928 -0.38198
0.059015 -0.38206
0.055100 -0.38214
0.051185 -0.38221
0.047269 -0.38227
0.043353 -0.38233
0.039436 -0.38239
0.035519 -0.38244
0.031601 -0.38249
0.027682 -0.38253
0.023764 -0.38256
0.019845 -0.38259
0.015925 -0.38262
0.012006 -0.38264
0.0080860 -0.38265
0.0041663 -0.38266
0.00024643 -0.38267
-0.0036734 -0.38267
-0.0075932 -0.38266
-0.011513 -0.38265
-0.015432 -0.38264
-0.019352 -0.38262
-0.023271 -0.38260
-0.027190 -0.38257
-0.031108 -0.38253
-0.035026 -0.38249
-0.038944 -0.38245
-0.042861 -0.38240
-0.046777 -0.38234
-0.050693 -0.38228
-0.054608 -0.38222
-0.058523 -0.38215
-0.062436 -0.38207
-0.066349 -0.38199
-0.070261 -0.38191
-0.074173 -0.38182
-0.078083 -0.38172
-0.081992 -0.38162
-0.085900 -0.38152
-0.089807 -0.38141
-0.093713 -0.38129
-0.097617 -0.38117
-0.10152 -0.38105
-0.10542 -0.38092
-0.10932 -0.38078
-0.11322 -0.38064
-0.11712 -0.38050
-0.12102 -0.38035
-0.12491 -0.38020
-0.12880 -0.38004
-0.13270 -0.37987
-0.13659 -0.37970
-0.14047 -0.37953
-0.14436 -0.37935
-0.14824 -0.37917
-0.15213 -0.37898
-0.15601 -0.37878
-0.15989 -0.37858
-0.16376 -0.37838
-0.16764 -0.37817
-0.17151 -0.37796
-0.17538 -0.37774
-0.17925 -0.37752
-0.18311 -0.37729
-0.18698 -0.37705
-0.19084 -0.37682
-0.19469 -0.37657
-0.19855 -0.37633
-0.20240 -0.37607
-0.20626 -0.37582
-0.21010 -0.37555
-0.21395 -0.37529
-0.21779 -0.37502
-0.22163 -0.37474
-0.22547 -0.37446
-0.22931 -0.37417
-0.23314 -0.37388
-0.23697 -0.37358
-0.24079 -0.37328
-0.24462 -0.37298
-0.24844 -0.37267
-0.25225 -0.37235
-0.25607 -0.37204
-0.25988 -0.37171
-0.26369 -0.37138
-0.26749 -0.37105
-0.27129 -0.37071
-0.27509 -0.37037
-0.27889 -0.37002
-0.28268 -0.36967
-0.28647 -0.36931
-0.29025 -0.36895
-0.29403 -0.36858
-0.29781 -0.36821
-0.30158 -0.36783
-0.30535 -0.36745
-0.30912 -0.36707
-0.31288 -0.36668
-0.31664 -0.36628
-0.32040 -0.36588
-0.32415 -0.36548
-0.32790 -0.36507
-0.33165 -0.36466
-0.33539 -0.36424
-0.33912 -0.36382
-0.34286 -0.36339
-0.34658 -0.36296
-0.35031 -0.36252
-0.35403 -0.36208
-0.35775 -0.36164
-0.36146 -0.36119
-0.36517 -0.36074
-0.36887 -0.36028
-0.37257 -0.35982
-0.37627 -0.35935
-0.37996 -0.35888
-0.38365 -0.35840
-0.38733 -0.35792
-0.39101 -0.35743
-0.39468 -0.35694
-0.39836 -0.35645
-0.40202 -0.35595
-0.40568 -0.35545
-0.40934 -0.35494
-0.41299 -0.35443
-0.41664 -0.35391
-0.42028 -0.35339
-0.42392 -0.35287
-0.42755 -0.35234
-0.43118 -0.35180
-0.43481 -0.35126
-0.43843 -0.35072
-0.44204 -0.35018
-0.44565 -0.34962
-0.44926 -0.34907
-0.45286 -0.34851
-0.45645 -0.34794
-0.46004 -0.34738
-0.46363 -0.34680
-0.46721 -0.34623
-0.47079 -0.34565
-0.47436 -0.34506
-0.47792 -0.34447
-0.48148 -0.34388
-0.48504 -0.34328
-0.48859 -0.34267
-0.49214 -0.34207
-0.49568 -0.34146
-0.49921 -0.34084
-0.50274 -0.34022
-0.50627 -0.33960
-0.50979 -0.33897
-0.51330 -0.33834
-0.51681 -0.33770
-0.52031 -0.33706
-0.52381 -0.33641
-0.52731 -0.33576
-0.53080 -0.33511
-0.53428 -0.33445
-0.53776 -0.33379
-0.54123 -0.33313
-0.54469 -0.33246
-0.54815 -0.33178
-0.55161 -0.33110
-0.55506 -0.33042
-0.55851 -0.32973
-0.56194 -0.32904
-0.56538 -0.32835
-0.56880 -0.32765
-0.57223 -0.32695
-0.57564 -0.32624
-0.57905 -0.32553
-0.58246 -0.32481
-0.58586 -0.32409
-0.58925 -0.32337
-0.59264 -0.32264
-0.59602 -0.32191
-0.59940 -0.32117
-0.60277 -0.32043
-0.60613 -0.31969
-0.60949 -0.31894
-0.61284 -0.31819
-0.61619 -0.31743
-0.61953 -0.31667
-0.62287 -0.31591
-0.62619 -0.31514
-0.62952 -0.31436
-0.63284 -0.31359
-0.63615 -0.31281
-0.63945 -0.31202
-0.64275 -0.31123
-0.64604 -0.31044
-0.64933 -0.30964
-0.65261 -0.30884
-0.65588 -0.30804
-0.65915 -0.30723
-0.66241 -0.30642
-0.66567 -0.30560
-0.66892 -0.30478
-0.67216 -0.30396
-0.67540 -0.30313
-0.67863 -0.30229
-0.68185 -0.30146
-0.68507 -0.30062
-0.68828 -0.29977
-0.69149 -0.29892
-0.69469 -0.29807
-0.69788 -0.29721
-0.70106 -0.29635
-0.70424 -0.29549
-0.70742 -0.29462
-0.71058 -0.29374
-0.71374 -0.29287
-0.71689 -0.29199
-0.72004 -0.29110
-0.72318 -0.29021
-0.72631 -0.28932
-0.72944 -0.28842
-0.73256 -0.28752
-0.73567 -0.28662
-0.73878 -0.28571
-0.74187 -0.28480
-0.74497 -0.28388
-0.74805 -0.28296
-0.75113 -0.28203
-0.75420 -0.28110
-0.75726 -0.28017
-0.76032 -0.27923
-0.76337 -0.27829
-0.76641 -0.27735
-0.76945 -0.27640
-0.77248 -0.27545
-0.77550 -0.27449
-0.77851 -0.27353
-0.78152 -0.27256
-0.78452 -0.27159
-0.78751 -0.27062
-0.79049 -0.26964
-0.79347 -0.26866
-0.79644 -0.26768
-0.79940 -0.26669
-0.80236 -0.26570
-0.80531 -0.26470
-0.80825 -0.26370
-0.81118 -0.26269
-0.81410 -0.26168
-0.81702 -0.26067
-0.81993 -0.25965
-0.82283 -0.25863
-0.82573 -0.25761
-0.82861 -0.25658
-0.83149 -0.25555
-0.83436 -0.25451
-0.83722 -0.25347
-0.84008 -0.25242
-0.84292 -0.25137
-0.84576 -0.25032
-0.84859 -0.24926
-0.85141 -0.24820
-0.85422 -0.24713
-0.85703 -0.24606
-0.85983 -0.24499
-0.86261 -0.24391
-0.86539 -0.24283
-0.86817 -0.24174
-0.87093 -0.24065
-0.87368 -0.23956
-0.87643 -0.23846
-0.87917 -0.23736
-0.88189 -0.23625
-0.88461 -0.23514
-0.88733 -0.23402
-0.89003 -0.23290
-0.89272 -0.23178
-0.89540 -0.23065
-0.89808 -0.22952
-0.90074 -0.22839
-0.90340 -0.22725
-0.90605 -0.22610
-0.90869 -0.22496
-0.91131 -0.22380
-0.91393 -0.22265
-0.91654 -0.22149
-0.91915 -0.22032
-0.92174 -0.21915
-0.92432 -0.21798
-0.92689 -0.21680
-0.92945 -0.21562
-0.93200 -0.21444
-0.93454 -0.21325
-0.93708 -0.21205
-0.93960 -0.21086
-0.94211 -0.20965
-0.94461 -0.20845
-0.94710 -0.20724
-0.94958 -0.20602
-0.95205 -0.20480
-0.95451 -0.20358
-0.95696 -0.20235
-0.95940 -0.20112
-0.96183 -0.19989
-0.96424 -0.19865
-0.96665 -0.19740
-0.96904 -0.19616
-0.97143 -0.19490
-0.97380 -0.19365
-0.97616 -0.19239
-0.97851 -0.19112
-0.98085 -0.18985
-0.98318 -0.18858
-0.98549 -0.18730
-0.98780 -0.18602
-0.99009 -0.18473
-0.99237 -0.18344
-0.99464 -0.18215
-0.99690 -0.18085
-0.99914 -0.17955
-1.0014 -0.17824
-1.0036 -0.17693
-1.0058 -0.17561
-1.0080 -0.17429
-1.0102 -0.17297
-1.0123 -0.17164
-1.0145 -0.17031
-1.0166 -0.16897
-1.0188 -0.16763
-1.0209 -0.16629
-1.0230 -0.16494
-1.0251 -0.16359
-1.0272 -0.16223
-1.0292 -0.16087
-1.0313 -0.15950
-1.0333 -0.15813
-1.0353 -0.15676
-1.0374 -0.15538
-1.0393 -0.15400
-1.0413 -0.15261
-1.0433 -0.15122
-1.0452 -0.14983
-1.0472 -0.14843
-1.0491 -0.14703
-1.0510 -0.14562
-1.0529 -0.14421
-1.0548 -0.14280
-1.0567 -0.14138
-1.0585 -0.13996
-1.0603 -0.13853
-1.0622 -0.13710
-1.0640 -0.13566
-1.0657 -0.13422
-1.0675 -0.13278
-1.0693 -0.13134
-1.0710 -0.12989
-1.0727 -0.12843
-1.0744 -0.12697
-1.0761 -0.12551
-1.0778 -0.12404
-1.0794 -0.12258
-1.0811 -0.12110
-1.0827 -0.11962
-1.0843 -0.11814
-1.0859 -0.11666
-1.0875 -0.11517
-1.0890 -0.11368
-1.0906 -0.11218
-1.0921 -0.11068
-1.0936 -0.10918
-1.0951 -0.10767
-1.0965 -0.10616
-1.0980 -0.10465
-1.0994 -0.10313
-1.1008 -0.10161
-1.1022 -0.10009
-1.1036 -0.098560
-1.1049 -0.097030
-1.1062 -0.095495
-1.1076 -0.093958
-1.1089 -0.092417
-1.1101 -0.090873
-1.1114 -0.089326
-1.1126 -0.087776
-1.1138 -0.086222
-1.1150 -0.084666
-1.1162 -0.083106
-1.1174 -0.081543
-1.1185 -0.079978
-1.1196 -0.078409
-1.1207 -0.076838
-1.1218 -0.075264
-1.1228 -0.073687
-1.1239 -0.072107
-1.1249 -0.070525
-1.1259 -0.068940
-1.1268 -0.067352
-1.1278 -0.065762
-1.1287 -0.064169
-1.1296 -0.062574
-1.1305 -0.060976
-1.1314 -0.059376
-1.1322 -0.057774
-1.1330 -0.056169
-1.1338 -0.054562
-1.1346 -0.052953
-1.1354 -0.051342
-1.1361 -0.049729
-1.1368 -0.048114
-1.1375 -0.046498
-1.1381 -0.044879
-1.1388 -0.043258
-1.1394 -0.041636
-1.1400 -0.040012
-1.1406 -0.038386
-1.1411 -0.036759
-1.1417 -0.035131
-1.1422 -0.033500
-1.1426 -0.031869
-1.1431 -0.030236
-1.1435 -0.028602
-1.1439 -0.026967
-1.1443 -0.025330
-1.1447 -0.023693
-1.1450 -0.022055
-1.1454 -0.020415
-1.1456 -0.018775
-1.1459 -0.017134
-1.1462 -0.015492
-1.1464 -0.013850
-1.1466 -0.012207
-1.1468 -0.010563
-1.1469 -0.0089194
-1.1470 -0.0072750
-1.1471 -0.0056303
-1.1472 -0.0039853
-1.1473 -0.0023402
-1.1473 -0.00069490
-1.1473 0.00095043
-1.1473 0.0025957
-1.1473 0.0042410
-1.1472 0.0058861
-1.1471 0.0075309
-1.1470 0.0091755
-1.1469 0.010820
-1.1467 0.012464
-1.1466 0.014107
-1.1464 0.015750
-1.1461 0.017392
-1.1459 0.019033
-1.1456 0.020674
-1.1453 0.022314
-1.1450 0.023953
-1.1446 0.025591
-1.1443 0.027228
-1.1439 0.028864
-1.1435 0.030498
-1.1430 0.032132
-1.1426 0.033764
-1.1421 0.035395
-1.1416 0.037025
-1.1410 0.038653
-1.1405 0.040279
-1.1399 0.041904
-1.1393 0.043527
-1.1387 0.045149
-1.1380 0.046769
-1.1374 0.048387
-1.1367 0.050003
-1.1360 0.051617
-1.1352 0.053229
-1.1345 0.054839
-1.1337 0.056447
-1.1329 0.058053
-1.1321 0.059656
-1.1312 0.061258
-1.1304 0.062857
-1.1295 0.064453
-1.1286 0.066047
-1.1276 0.067639
-1.1267 0.069228
-1.1257 0.070815
-1.1247 0.072399
-1.1237 0.073980
-1.1227 0.075558
-1.1216 0.077134
-1.1205 0.078707
-1.1194 0.080277
-1.1183 0.081844
-1.1172 0.083408
-1.1160 0.084969
-1.1149 0.086528
-1.1137 0.088083
-1.1124 0.089635
-1.1112 0.091184
-1.1099 0.092729
-1.1087 0.094272
-1.1074 0.095811
-1.1060 0.097347
-1.1047 0.098879
-1.1034 0.10041
-1.1020 0.10193
-1.1006 0.10346
-1.0992 0.10498
-1.0978 0.10649
-1.0963 0.10800
-1.0948 0.10951
-1.0934 0.11102
-1.0919 0.11252
-1.0903 0.11402
-1.0888 0.11551
-1.0872 0.11700
-1.0857 0.11849
-1.0841 0.11997
-1.0825 0.12145
-1.0809 0.12292
-1.0792 0.12439
-1.0776 0.12586
-1.0759 0.12733
-1.0742 0.12879
-1.0725 0.13024
-1.0708 0.13169
-1.0690 0.13314
-1.0673 0.13459
-1.0655 0.13603
-1.0637 0.13746
-1.0619 0.13890
-1.0601 0.14033
-1.0583 0.14175
-1.0564 0.14317
-1.0546 0.14459
-1.0527 0.14600
-1.0508 0.14741
-1.0489 0.14881
-1.0469 0.15021
-1.0450 0.15161
-1.0431 0.15300
-1.0411 0.15439
-1.0391 0.15577
-1.0371 0.15715
-1.0351 0.15853
-1.0331 0.15990
-1.0310 0.16127
-1.0290 0.16263
-1.0269 0.16399
-1.0249 0.16534
-1.0228 0.16669
-1.0207 0.16804
-1.0185 0.16938
-1.0164 0.17072
-1.0143 0.17206
-1.0121 0.17338
-1.0099 0.17471
-1.0078 0.17603
-1.0056 0.17735
-1.0034 0.17866
-1.0012 0.17997
-0.99892 0.18128
-0.99668 0.18258
-0.99442 0.18387
-0.99216 0.18516
-0.98988 0.18645
-0.98759 0.18774
-0.98528 0.18901
-0.98297 0.19029
-0.98065 0.19156
-0.97831 0.19283
-0.97596 0.19409
-0.97360 0.19535
-0.97123 0.19660
-0.96885 0.19785
-0.96646 0.19910
-0.96406 0.20034
-0.96164 0.20158
-0.95922 0.20281
-0.95678 0.20404
-0.95434 0.20526
-0.95188 0.20648
-0.94941 0.20770
-0.94694 0.20891
-0.94445 0.21012
-0.94195 0.21132
-0.93944 0.21252
-0.93693 0.21372
-0.93440 0.21491
-0.93186 0.21610
-0.92931 0.21728
-0.92676 0.21846
-0.92419 0.21963
-0.92161 0.22080
-0.91903 0.22197
-0.91643 0.22313
-0.91383 0.22429
-0.91121 0.22544
-0.90859 0.22659
-0.90596 0.22774
-0.90331 0.22888
-0.90066 0.23002
-0.89800 0.23115
-0.89533 0.23228
-0.89265 0.23340
-0.88997 0.23452
-0.88727 0.23564
-0.88456 0.23675
-0.88185 0.23786
-0.87913 0.23897
-0.87640 0.24007
-0.87366 0.24116
-0.87091 0.24225
-0.86815 0.24334
-0.86539 0.24443
-0.86261 0.24551
-0.85983 0.24658
-0.85704 0.24765
-0.85425 0.24872
-0.85144 0.24979
-0.84862 0.25084
-0.84580 0.25190
-0.84297 0.25295
-0.84013 0.25400
-0.83729 0.25504
-0.83443 0.25608
-0.83157 0.25712
-0.82870 0.25815
-0.82582 0.25917
-0.82293 0.26020
-0.82004 0.26122
-0.81714 0.26223
-0.81423 0.26324
-0.81131 0.26425
-0.80839 0.26525
-0.80546 0.26625
-0.80252 0.26725
-0.79957 0.26824
-0.79662 0.26922
-0.79366 0.27021
-0.79069 0.27119
-0.78771 0.27216
-0.78473 0.27313
-0.78174 0.27410
-0.77874 0.27506
-0.77574 0.27602
-0.77273 0.27698
-0.76971 0.27793
-0.76668 0.27887
-0.76365 0.27982
-0.76061 0.28076
-0.75757 0.28169
-0.75451 0.28262
-0.75145 0.28355
-0.74838 0.28447
-0.74531 0.28539
-0.74223 0.28631
-0.73914 0.28722
-0.73605 0.28813
-0.73294 0.28903
-0.72984 0.28993
-0.72672 0.29082
-0.72360 0.29172
-0.72047 0.29260
-0.71734 0.29349
-0.71420 0.29437
-0.71105 0.29524
-0.70789 0.29611
-0.70473 0.29698
-0.70157 0.29784
-0.69839 0.29870
-0.69521 0.29956
-0.69203 0.30041
-0.68883 0.30126
-0.68564 0.30210
-0.68243 0.30294
-0.67922 0.30378
-0.67600 0.30461
-0.67278 0.30544
-0.66955 0.30626
-0.66631 0.30708
-0.66307 0.30790
-0.65982 0.30871
-0.65656 0.30952
-0.65330 0.31032
-0.65003 0.31112
-0.64676 0.31192
-0.64348 0.31271
-0.64020 0.31350
-0.63691 0.31428
-0.63361 0.31506
-0.63031 0.31583
-0.62700 0.31661
-0.62368 0.31737
-0.62036 0.31814
-0.61704 0.31890
-0.61370 0.31965
-0.61037 0.32041
-0.60702 0.32115
-0.60367 0.32190
-0.60032 0.32264
-0.59696 0.32337
-0.59359 0.32410
-0.59022 0.32483
-0.58684 0.32556
-0.58346 0.32627
-0.58007 0.32699
-0.57667 0.32770
-0.57327 0.32841
-0.56987 0.32911
-0.56645 0.32981
-0.56304 0.33051
-0.55961 0.33120
-0.55619 0.33188
-0.55275 0.33257
-0.54931 0.33325
-0.54587 0.33392
-0.54242 0.33459
-0.53896 0.33526
-0.53550 0.33592
-0.53204 0.33658
-0.52857 0.33723
-0.52509 0.33788
-0.52161 0.33853
-0.51812 0.33917
-0.51463 0.33981
-0.51113 0.34044
-0.50763 0.34107
-0.50412 0.34169
-0.50061 0.34231
-0.49709 0.34293
-0.49357 0.34354
-0.49004 0.34415
-0.48651 0.34475
-0.48297 0.34535
-0.47943 0.34595
-0.47588 0.34654
-0.47233 0.34713
-0.46877 0.34771
-0.46521 0.34829
-0.46164 0.34886
-0.45807 0.34943
-0.45449 0.35000
-0.45091 0.35056
-0.44733 0.35112
-0.44374 0.35167
-0.44014 0.35222
-0.43654 0.35276
-0.43294 0.35330
-0.42933 0.35384
-0.42571 0.35437
-0.42209 0.35490
-0.41847 0.35542
-0.41484 0.35594
-0.41121 0.35645
-0.40757 0.35696
-0.40393 0.35747
-0.40029 0.35797
-0.39664 0.35847
-0.39298 0.35896
-0.38933 0.35945
-0.38566 0.35993
-0.38200 0.36041
-0.37832 0.36088
-0.37465 0.36135
-0.37097 0.36182
-0.36729 0.36228
-0.36360 0.36274
-0.35991 0.36319
-0.35621 0.36364
-0.35251 0.36408
-0.34881 0.36452
-0.34510 0.36495
-0.34139 0.36538
-0.33767 0.36581
-0.33396 0.36623
-0.33023 0.36665
-0.32651 0.36706
-0.32277 0.36747
-0.31904 0.36787
-0.31530 0.36827
-0.31156 0.36866
-0.30782 0.36905
-0.30407 0.36944
-0.30032 0.36982
-0.29656 0.37019
-0.29280 0.37056
-0.28904 0.37093
-0.28527 0.37129
-0.28150 0.37165
-0.27773 0.37200
-0.27395 0.37235
-0.27017 0.37269
-0.26639 0.37303
-0.26261 0.37336
-0.25882 0.37369
-0.25503 0.37402
-0.25123 0.37434
-0.24743 0.37465
-0.24363 0.37496
-0.23983 0.37527
-0.23602 0.37557
-0.23221 0.37587
-0.22840 0.37616
-0.22459 0.37645
-0.22077 0.37673
-0.21695 0.37701
-0.21313 0.37728
-0.20930 0.37755
-0.20547 0.37781
-0.20164 0.37807
-0.19781 0.37832
-0.19397 0.37857
-0.19014 0.37882
-0.18630 0.37905
-0.18245 0.37929
-0.17861 0.37952
-0.17476 0.37974
-0.17091 0.37996
-0.16706 0.38018
-0.16321 0.38039
-0.15935 0.38060
-0.15549 0.38080
-0.15164 0.38099
-0.14777 0.38119
-0.14391 0.38137
-0.14005 0.38155
-0.13618 0.38173
-0.13231 0.38190
-0.12844 0.38207
-0.12457 0.38223
-0.12070 0.38239
-0.11682 0.38254
-0.11295 0.38269
-0.10907 0.38283
-0.10519 0.38297
-0.10131 0.38310
-0.097428 0.38323
-0.093545 0.38335
-0.089661 0.38347
-0.085776 0.38359
-0.081890 0.38369
-0.078002 0.38380
-0.074114 0.38390
-0.070225 0.38399
-0.066335 0.38408
-0.062444 0.38416
-0.058552 0.38424
-0.054659 0.38432
-0.050766 0.38439
-0.046872 0.38445
-0.042978 0.38451
-0.039083 0.38456
-0.035187 0.38461
-0.031291 0.38466
-0.027395 0.38470
-0.023498 0.38473
-0.019601 0.38476
-0.015704 0.38479
-0.011807 0.38481
-0.0079091 0.38482
-0.0040114 0.38483
-0.00011361 0.38484
0.0037842 0.38484
0.0076819 0.38483
0.011579 0.38482
0.015477 0.38481
0.019374 0.38479
0.023271 0.38476
0.027168 0.38473
0.031064 0.38470
0.034960 0.38466
0.038856 0.38462
0.042751 0.38457
0.046645 0.38451
0.050539 0.38445
0.054433 0.38439
0.058325 0.38432
0.062217 0.38425
0.066108 0.38417
0.069998 0.38408
0.073887 0.38400
0.077776 0.38390
0.081663 0.38380
0.085549 0.38370
0.089435 0.38359
0.093319 0.38348
0.097202 0.38336
0.10108 0.38324
0.10496 0.38311
0.10884 0.38298
0.11272 0.38284
0.11660 0.38270
0.12047 0.38255
0.12434 0.38240
0.12822 0.38224
0.13209 0.38208
0.13595 0.38191
0.13982 0.38174
0.14369 0.38157
0.14755 0.38138
0.15141 0.38120
0.15527 0.38101
0.15913 0.38081
0.16298 0.38061
0.16684 0.38041
0.17069 0.38020
0.17454 0.37998
0.17838 0.37976
0.18223 0.37954
0.18607 0.37931
0.18991 0.37907
0.19375 0.37883
0.19759 0.37859
0.20142 0.37834
0.20525 0.37809
0.20908 0.37783
0.21290 0.37757
0.21673 0.37730
0.22055 0.37703
0.22437 0.37675
0.22818 0.37647
0.23199 0.37618
0.23580 0.37589
0.23961 0.37560
0.24341 0.37530
0.24721 0.37499
0.25101 0.37468
0.25481 0.37437
0.25860 0.37405
0.26239 0.37372
0.26617 0.37340
0.26996 0.37306
0.27374 0.37272
0.27751 0.37238
0.28128 0.37204
0.28505 0.37168
0.28882 0.37133
0.29258 0.37097
0.29634 0.37060
0.30010 0.37023
0.30385 0.36986
0.30760 0.36948
0.31134 0.36909
0.31509 0.36871
0.31882 0.36831
0.32256 0.36792
0.32629 0.36751
0.33002 0.36711
0.33374 0.36670
0.33746 0.36628
0.34118 0.36586
0.34489 0.36544
0.34859 0.36501
0.35230 0.36457
0.35600 0.36414
0.35969 0.36370
0.36339 0.36325
0.36707 0.36280
0.37076 0.36234
0.37444 0.36188
0.37811 0.36142
0.38179 0.36095
0.38545 0.36048
0.38912 0.36000
0.39278 0.35952
0.39643 0.35903
0.40008 0.35854
0.40373 0.35804
0.40737 0.35754
0.41100 0.35704
0.41464 0.35653
0.41826 0.35602
0.42189 0.35550
0.42551 0.35498
0.42912 0.35446
0.43273 0.35393
0.43634 0.35339
0.43994 0.35285
0.44353 0.35231
0.44713 0.35176
0.45071 0.35121
0.45430 0.35066
0.45787 0.35010
0.46144 0.34953
0.46501 0.34897
0.46858 0.34839
0.47213 0.34782
0.47569 0.34724
0.47924 0.34665
0.48278 0.34606
0.48632 0.34547
0.48985 0.34487
0.49338 0.34427
0.49690 0.34366
0.50042 0.34305
0.50393 0.34244
0.50744 0.34182
0.51095 0.34120
0.51444 0.34057
0.51794 0.33994
0.52142 0.33931
0.52491 0.33867
0.52838 0.33802
0.53186 0.33738
0.53532 0.33673
0.53878 0.33607
0.54224 0.33541
0.54569 0.33475
0.54914 0.33408
0.55258 0.33341
0.55601 0.33273
0.55944 0.33205
0.56287 0.33137
0.56629 0.33068
0.56970 0.32999
0.57311 0.32929
0.57651 0.32859
0.57990 0.32789
0.58330 0.32718
0.58668 0.32646
0.59006 0.32575
0.59344 0.32503
0.59680 0.32430
0.60017 0.32358
0.60352 0.32284
0.60687 0.32211
0.61022 0.32137
0.61356 0.32062
0.61689 0.31987
0.62022 0.31912
0.62354 0.31836
0.62686 0.31760
0.63017 0.31684
0.63348 0.31607
0.63678 0.31530
0.64007 0.31452
0.64336 0.31374
0.64664 0.31296
0.64992 0.31217
0.65318 0.31138
0.65645 0.31058
0.65971 0.30978
0.66296 0.30898
0.66620 0.30817
0.66944 0.30736
0.67267 0.30654
0.67590 0.30572
0.67912 0.30490
0.68234 0.30407
0.68554 0.30324
0.68875 0.30240
0.69194 0.30156
0.69513 0.30072
0.69832 0.29987
0.70149 0.29902
0.70466 0.29816
0.70783 0.29731
0.71098 0.29644
0.71414 0.29558
0.71728 0.29470
0.72042 0.29383
0.72355 0.29295
0.72668 0.29207
0.72979 0.29118
0.73291 0.29029
0.73601 0.28940
0.73911 0.28850
0.74220 0.28759
0.74529 0.28669
0.74836 0.28578
0.75144 0.28486
0.75450 0.28395
0.75756 0.28302
0.76061 0.28210
0.76366 0.28117
0.76669 0.28023
0.76972 0.27930
0.77275 0.27835
0.77577 0.27741
0.77878 0.27646
0.78178 0.27550
0.78477 0.27455
0.78776 0.27359
0.79074 0.27262
0.79372 0.27165
0.79669 0.27068
0.79965 0.26970
0.80260 0.26872
0.80554 0.26773
0.80848 0.26674
0.81141 0.26575
0.81433 0.26475
0.81725 0.26375
0.82016 0.26275
0.82306 0.26174
0.82595 0.26072
0.82884 0.25971
0.83172 0.25869
0.83459 0.25766
0.83745 0.25663
0.84030 0.25560
0.84315 0.25456
0.84599 0.25352
0.84882 0.25248
0.85164 0.25143
0.85446 0.25037
0.85726 0.24932
0.86006 0.24826
0.86285 0.24719
0.86564 0.24612
0.86841 0.24505
0.87118 0.24397
0.87393 0.24289
0.87668 0.24181
0.87943 0.24072
0.88216 0.23962
0.88488 0.23853
0.88760 0.23743
0.89031 0.23632
0.89300 0.23521
0.89569 0.23410
0.89837 0.23298
0.90105 0.23186
0.90371 0.23073
0.90636 0.22960
0.90901 0.22847
0.91165 0.22733
0.91427 0.22619
0.91689 0.22504
0.91950 0.22389
0.92210 0.22274
0.92469 0.22158
0.92727 0.22042
0.92984 0.21925
0.93240 0.21808
0.93496 0.21691
0.93750 0.21573
0.94003 0.21454
0.94255 0.21336
0.94507 0.21217
0.94757 0.21097
0.95006 0.20977
0.95255 0.20857
0.95502 0.20736
0.95748 0.20615
0.95994 0.20493
0.96238 0.20371
0.96481 0.20249
0.96723 0.20126
0.96964 0.20003
0.97204 0.19879
0.97443 0.19755
0.97681 0.19630
0.97918 0.19505
0.98153 0.19380
0.98388 0.19254
0.98621 0.19128
0.98853 0.19002
0.99085 0.18875
0.99315 0.18747
0.99543 0.18619
0.99771 0.18491
0.99998 0.18362
1.0022 0.18233
1.0045 0.18104
1.0067 0.17974
1.0089 0.17844
1.0111 0.17713
1.0133 0.17582
1.0155 0.17450
1.0177 0.17318
1.0198 0.17186
1.0220 0.17053
1.0241 0.16920
1.0262 0.16786
1.0283 0.16652
1.0304 0.16517
1.0325 0.16383
1.0346 0.16247
1.0366 0.16111
1.0386 0.15975
1.0407 0.15839
1.0427 0.15702
1.0447 0.15565
1.0467 0.15427
1.0486 0.15289
1.0506 0.15150
1.0525 0.15011
1.0545 0.14872
1.0564 0.14732
1.0583 0.14592
1.0602 0.14451
1.0620 0.14310
1.0639 0.14169
1.0657 0.14027
1.0675 0.13885
1.0693 0.13742
1.0711 0.13599
1.0729 0.13456
1.0747 0.13312
1.0764 0.13168
1.0781 0.13023
1.0799 0.12879
1.0816 0.12733
1.0832 0.12588
1.0849 0.12442
1.0866 0.12295
1.0882 0.12148
1.0898 0.12001
1.0914 0.11854
1.0930 0.11706
1.0945 0.11557
1.0961 0.11409
1.0976 0.11260
1.0991 0.11110
1.1006 0.10960
1.1021 0.10810
1.1036 0.10660
1.1050 0.10509
1.1064 0.10358
1.1078 0.10206
1.1092 0.10055
1.1106 0.099024
1.1119 0.097499
1.1133 0.095970
1.1146 0.094438
1.1159 0.092903
1.1171 0.091365
1.1184 0.089824
1.1196 0.088279
1.1208 0.086731
1.1220 0.085181
1.1232 0.083627
1.1244 0.082070
1.1255 0.080510
1.1266 0.078948
1.1277 0.077382
1.1288 0.075814
1.1298 0.074243
1.1309 0.072669
1.1319 0.071093
1.1329 0.069514
1.1338 0.067932
1.1348 0.066347
1.1357 0.064761
1.1366 0.063171
1.1375 0.061580
1.1384 0.059986
1.1392 0.058389
1.1400 0.056791
1.1408 0.055190
1.1416 0.053587
1.1424 0.051982
1.1431 0.050375
1.1438 0.048766
1.1445 0.047155
1.1452 0.045542
1.1458 0.043928
1.1465 0.042311
1.1471 0.040693
1.1476 0.039074
1.1482 0.037452
1.1487 0.035829
1.1492 0.034205
1.1497 0.032580
1.1502 0.030953
1.1506 0.029324
1.1511 0.027695
1.1514 0.026064
1.1518 0.024433
1.1522 0.022800
1.1525 0.021166
1.1528 0.019532
1.1531 0.017896
1.1533 0.016260
1.1536 0.014624
1.1538 0.012986
1.1540 0.011348
1.1541 0.0097098
1.1543 0.0080710
1.1544 0.0064317
1.1545 0.0047922
1.1545 0.0031525
1.1546 0.0015126
1.1546 -0.00012736
1.1546 -0.0017674
1.1546 -0.0034073
1.1545 -0.0050471
1.1545 -0.0066868
1.1544 -0.0083262
1.1542 -0.0099653
1.1541 -0.011604
1.1539 -0.013242
1.1537 -0.014880
1.1535 -0.016517
1.1533 -0.018154
1.1530 -0.019789
1.1528 -0.021424
1.1524 -0.023059
1.1521 -0.024692
1.1518 -0.026324
1.1514 -0.027955
1.1510 -0.029585
1.1506 -0.031214
1.1501 -0.032842
1.1497 -0.034469
1.1492 -0.036094
1.1487 -0.037717
1.1481 -0.039339
1.1476 -0.040960
1.1470 -0.042579
1.1464 -0.044196
1.1457 -0.045812
1.1451 -0.047426
1.1444 -0.049038
1.1437 -0.050648
1.1430 -0.052256
1.1423 -0.053862
1.1415 -0.055467
1.1407 -0.057069
1.1399 -0.058668
1.1391 -0.060266
1.1383 -0.061861
1.1374 -0.063454
1.1365 -0.065045
1.1356 -0.066633
1.1347 -0.068219
1.1337 -0.069802
1.1327 -0.071383
1.1317 -0.072961
1.1307 -0.074536
1.1297 -0.076109
1.1286 -0.077678
1.1276 -0.079245
1.1265 -0.080810
1.1253 -0.082371
1.1242 -0.083929
1.1230 -0.085485
1.1219 -0.087037
1.1207 -0.088586
1.1194 -0.090132
1.1182 -0.091675
1.1170 -0.093215
1.1157 -0.094752
1.1144 -0.096286
1.1131 -0.097816
1.1117 -0.099343
1.1104 -0.10087
1.1090 -0.10239
1.1076 -0.10390
1.1062 -0.10542
1.1048 -0.10693
1.1034 -0.10843
1.1019 -0.10994
1.1004 -0.11143
1.0989 -0.11293
1.0974 -0.11442
1.0959 -0.11591
1.0943 -0.11740
1.0928 -0.11888
1.0912 -0.12035
1.0896 -0.12183
1.0880 -0.12330
1.0863 -0.12477
1.0847 -0.12623
1.0830 -0.12769
1.0813 -0.12914
1.0796 -0.13059
1.0779 -0.13204
1.0762 -0.13348
1.0744 -0.13492
1.0727 -0.13636
1.0709 -0.13779
1.0691 -0.13922
1.0673 -0.14064
1.0655 -0.14206
1.0636 -0.14348
1.0618 -0.14489
1.0599 -0.14630
1.0580 -0.14770
1.0561 -0.14910
1.0542 -0.15049
1.0523 -0.15189
1.0504 -0.15327
1.0484 -0.15466
1.0464 -0.15604
1.0445 -0.15741
1.0425 -0.15878
1.0404 -0.16015
1.0384 -0.16151
1.0364 -0.16287
1.0343 -0.16423
1.0323 -0.16558
1.0302 -0.16692
1.0281 -0.16827
1.0260 -0.16961
1.0239 -0.17094
1.0218 -0.17227
1.0196 -0.17359
1.0175 -0.17492
1.0153 -0.17623
1.0131 -0.17755
1.0109 -0.17886
1.0087 -0.18016
1.0065 -0.18146
1.0043 -0.18276
1.0020 -0.18405
0.99978 -0.18534
0.99752 -0.18663
0.99524 -0.18791
0.99296 -0.18918
0.99066 -0.19045
0.98835 -0.19172
0.98603 -0.19298
0.98370 -0.19424
0.98136 -0.19550
0.97900 -0.19675
0.97664 -0.19800
0.97426 -0.19924
0.97188 -0.20048
0.96948 -0.20171
0.96707 -0.20294
0.96466 -0.20417
0.96223 -0.20539
0.95979 -0.20661
0.95734 -0.20782
0.95488 -0.20903
0.95241 -0.21024
0.94993 -0.21144
0.94744 -0.21263
0.94494 -0.21383
0.94244 -0.21502
0.93992 -0.21620
0.93739 -0.21738
0.93485 -0.21856
0.93230 -0.21973
0.92974 -0.22090
0.92718 -0.22206
0.92460 -0.22322
0.92202 -0.22438
0.91942 -0.22553
0.91682 -0.22668
0.91420 -0.22782
0.91158 -0.22896
0.90895 -0.23010
0.90631 -0.23123
0.90366 -0.23235
0.90100 -0.23348
0.89834 -0.23460
0.89566 -0.23571
0.89298 -0.23682
0.89029 -0.23793
0.88759 -0.23903
0.88488 -0.24013
0.88216 -0.24123
0.87943 -0.24232
0.87670 -0.24340
0.87395 -0.24449
0.87120 -0.24557
0.86844 -0.24664
0.86567 -0.24771
0.86290 -0.24878
0.86012 -0.24984
0.85732 -0.25090
0.85452 -0.25195
0.85172 -0.25301
0.84890 -0.25405
0.84608 -0.25510
0.84324 -0.25613
0.84040 -0.25717
0.83756 -0.25820
0.83470 -0.25923
0.83184 -0.26025
0.82897 -0.26127
0.82609 -0.26228
0.82321 -0.26329
0.82032 -0.26430
0.81742 -0.26530
0.81451 -0.26630
0.81160 -0.26730
0.80867 -0.26829
0.80575 -0.26928
0.80281 -0.27026
0.79986 -0.27124
0.79691 -0.27221
0.79396 -0.27319
0.79099 -0.27415
0.78802 -0.27512
0.78504 -0.27608
0.78205 -0.27703
0.77906 -0.27798
0.77606 -0.27893
0.77305 -0.27988
0.77004 -0.28082
0.76702 -0.28175
0.76399 -0.28268
0.76095 -0.28361
0.75791 -0.28454
0.75487 -0.28546
0.75181 -0.28637
0.74875 -0.28729
0.74568 -0.28820
0.74261 -0.28910
0.73953 -0.29000
0.73644 -0.29090
0.73334 -0.29179
0.73024 -0.29268
0.72713 -0.29357
0.72402 -0.29445
0.72090 -0.29532
0.71777 -0.29620
0.71464 -0.29707
0.71150 -0.29793
0.70835 -0.29880
0.70520 -0.29965
0.70204 -0.30051
0.69888 -0.30136
0.69571 -0.30220
0.69253 -0.30305
0.68935 -0.30388
0.68616 -0.30472
0.68296 -0.30555
0.67976 -0.30638
0.67655 -0.30720
0.67334 -0.30802
0.67012 -0.30883
0.66689 -0.30964
0.66366 -0.31045
0.66042 -0.31125
0.65718 -0.31205
0.65393 -0.31285
0.65067 -0.31364
0.64741 -0.31443
0.64415 -0.31521
0.64087 -0.31599
0.63759 -0.31677
0.63431 -0.31754
0.63101 -0.31831
0.62772 -0.31907
0.62442 -0.31983
0.62111 -0.32059
0.61779 -0.32134
0.61447 -0.32209
0.61115 -0.32283
0.60782 -0.32357
0.60448 -0.32431
0.60114 -0.32504
0.59779 -0.32577
0.59444 -0.32649
0.59108 -0.32721
0.58771 -0.32793
0.58434 -0.32864
0.58097 -0.32935
0.57759 -0.33005
0.57420 -0.33075
0.57081 -0.33145
0.56741 -0.33214
0.56401 -0.33283
0.56060 -0.33351
0.55719 -0.33419
0.55377 -0.33487
0.55035 -0.33554
0.54692 -0.33621
0.54348 -0.33687
0.54004 -0.33753
0.53660 -0.33819
0.53315 -0.33884
0.52969 -0.33949
0.52623 -0.34013
0.52277 -0.34077
0.51930 -0.34141
0.51582 -0.34204
0.51234 -0.34267
0.50885 -0.34329
0.50536 -0.34391
0.50187 -0.34452
0.49837 -0.34514
0.49486 -0.34574
0.49135 -0.34635
0.48784 -0.34694
0.48431 -0.34754
0.48079 -0.34813
0.47726 -0.34871
0.47372 -0.34930
0.47019 -0.34987
0.46664 -0.35045
0.46309 -0.35102
0.45954 -0.35158
0.45598 -0.35214
0.45242 -0.35270
0.44885 -0.35325
0.44528 -0.35380
0.44170 -0.35435
0.43812 -0.35489
0.43453 -0.35542
0.43094 -0.35596
0.42734 -0.35648
0.42375 -0.35701
0.42014 -0.35752
0.41653 -0.35804
0.41292 -0.35855
0.40930 -0.35906
0.40568 -0.35956
0.40206 -0.36005
0.39843 -0.36055
0.39479 -0.36104
0.39115 -0.36152
0.38751 -0.36200
0.38386 -0.36248
0.38021 -0.36295
0.37656 -0.36342
0.37290 -0.36388
0.36923 -0.36434
0.36557 -0.36479
0.36190 -0.36524
0.35822 -0.36569
0.35454 -0.36613
0.35086 -0.36656
0.34717 -0.36699
0.34348 -0.36742
0.33979 -0.36785
0.33609 -0.36826
0.33239 -0.36868
0.32868 -0.36909
0.32497 -0.36949
0.32126 -0.36990
0.31754 -0.37029
0.31382 -0.37068
0.31010 -0.37107
0.30637 -0.37146
0.30264 -0.37183
0.29890 -0.37221
0.29517 -0.37258
0.29143 -0.37294
0.28768 -0.37330
0.28394 -0.37366
0.28018 -0.37401
0.27643 -0.37436
0.27267 -0.37470
0.26891 -0.37504
0.26515 -0.37537
0.26138 -0.37570
0.25761 -0.37602
0.25384 -0.37634
0.25006 -0.37666
0.24629 -0.37697
0.24251 -0.37727
0.23872 -0.37758
0.23493 -0.37787
0.23114 -0.37816
0.22735 -0.37845
0.22356 -0.37873
0.21976 -0.37901
0.21596 -0.37928
0.21215 -0.37955
0.20835 -0.37982
0.20454 -0.38008
0.20073 -0.38033
0.19692 -0.38058
0.19310 -0.38083
0.18928 -0.38107
0.18546 -0.38130
0.18164 -0.38153
0.17782 -0.38176
0.17399 -0.38198
0.17016 -0.38220
0.16633 -0.38241
0.16250 -0.38262
0.15867 -0.38282
0.15483 -0.38302
0.15099 -0.38321
0.14715 -0.38340
0.14331 -0.38358
0.13946 -0.38376
0.13562 -0.38394
0.13177 -0.38411
0.12792 -0.38427
0.12407 -0.38443
0.12022 -0.38458
0.11637 -0.38474
0.11251 -0.38488
0.10866 -0.38502
0.10480 -0.38516
0.10094 -0.38529
0.097078 -0.38541
0.093217 -0.38554
0.089355 -0.38565
0.085491 -0.38576
0.081626 -0.38587
0.077760 -0.38597
0.073894 -0.38607
0.070026 -0.38616
0.066158 -0.38625
0.062288 -0.38633
0.058418 -0.38641
0.054547 -0.38648
0.050676 -0.38655
0.046804 -0.38662
0.042931 -0.38667
0.039058 -0.38673
0.035184 -0.38678
0.031310 -0.38682
0.027435 -0.38686
0.023560 -0.38689
0.019685 -0.38692
0.015810 -0.38695
0.011934 -0.38697
0.0080580 -0.38698
0.0041821 -0.38699
0.00030611 -0.38700
-0.0035699 -0.38700
-0.0074458 -0.38700
-0.011322 -0.38699
-0.015197 -0.38697
-0.019073 -0.38695
-0.022948 -0.38693
-0.026823 -0.38690
-0.030698 -0.38687
-0.034572 -0.38683
-0.038446 -0.38678
-0.042319 -0.38674
-0.046192 -0.38668
-0.050064 -0.38663
-0.053936 -0.38656
-0.057807 -0.38650
-0.061677 -0.38642
-0.065546 -0.38635
-0.069415 -0.38626
-0.073283 -0.38618
-0.077150 -0.38609
-0.081015 -0.38599
-0.084880 -0.38589
-0.088744 -0.38578
-0.092607 -0.38567
-0.096468 -0.38555
-0.10033 -0.38543
-0.10419 -0.38531
-0.10805 -0.38518
-0.11190 -0.38504
-0.11576 -0.38490
-0.11961 -0.38476
-0.12346 -0.38461
-0.12731 -0.38446
-0.13116 -0.38430
-0.13501 -0.38413
-0.13886 -0.38397
-0.14270 -0.38379
-0.14654 -0.38361
-0.15038 -0.38343
-0.15422 -0.38324
-0.15806 -0.38305
-0.16189 -0.38286
-0.16573 -0.38265
-0.16956 -0.38245
-0.17339 -0.38224
-0.17721 -0.38202
-0.18104 -0.38180
-0.18486 -0.38157
-0.18868 -0.38134
-0.19250 -0.38111
-0.19632 -0.38087
-0.20013 -0.38063
-0.20394 -0.38038
-0.20775 -0.38012
-0.21155 -0.37987
-0.21536 -0.37960
-0.21916 -0.37933
-0.22296 -0.37906
-0.22675 -0.37879
-0.23055 -0.37850
-0.23434 -0.37822
-0.23812 -0.37793
-0.24191 -0.37763
-0.24569 -0.37733
-0.24947 -0.37703
-0.25324 -0.37672
-0.25702 -0.37641
-0.26079 -0.37609
-0.26456 -0.37576
-0.26832 -0.37544
-0.27208 -0.37510
-0.27584 -0.37477
-0.27959 -0.37443
-0.28334 -0.37408
-0.28709 -0.37373
-0.29084 -0.37338
-0.29458 -0.37302
-0.29832 -0.37265
-0.30205 -0.37229
-0.30578 -0.37191
-0.30951 -0.37154
-0.31324 -0.37115
-0.31696 -0.37077
-0.32067 -0.37038
-0.32439 -0.36998
-0.32810 -0.36958
-0.33180 -0.36918
-0.33551 -0.36877
-0.33921 -0.36836
-0.34290 -0.36794
-0.34659 -0.36752
-0.35028 -0.36709
-0.35396 -0.36666
-0.35764 -0.36623
-0.36132 -0.36579
-0.36499 -0.36534
-0.36866 -0.36490
-0.37232 -0.36444
-0.37598 -0.36399
-0.37964 -0.36353
-0.38329 -0.36306
-0.38694 -0.36259
-0.39058 -0.36212
-0.39422 -0.36164
-0.39786 -0.36116
-0.40149 -0.36067
-0.40512 -0.36018
-0.40874 -0.35968
-0.41236 -0.35918
-0.41597 -0.35868
-0.41958 -0.35817
-0.42318 -0.35766
-0.42678 -0.35714
-0.43038 -0.35662
-0.43397 -0.35609
-0.43756 -0.35557
-0.44114 -0.35503
-0.44472 -0.35449
-0.44829 -0.35395
-0.45186 -0.35341
-0.45543 -0.35286
-0.45899 -0.35230
-0.46254 -0.35174
-0.46609 -0.35118
-0.46964 -0.35061
-0.47318 -0.35004
-0.47672 -0.34946
-0.48025 -0.34889
-0.48377 -0.34830
-0.48729 -0.34771
-0.49081 -0.34712
-0.49432 -0.34653
-0.49783 -0.34593
-0.50133 -0.34532
-0.50483 -0.34471
-0.50832 -0.34410
-0.51181 -0.34348
-0.51529 -0.34286
-0.51877 -0.34224
-0.52224 -0.34161
-0.52571 -0.34098
-0.52917 -0.34034
-0.53263 -0.33970
-0.53608 -0.33905
-0.53952 -0.33841
-0.54296 -0.33775
-0.54640 -0.33710
-0.54983 -0.33643
-0.55326 -0.33577
-0.55668 -0.33510
-0.56009 -0.33443
-0.56350 -0.33375
-0.56691 -0.33307
-0.57030 -0.33238
-0.57370 -0.33169
-0.57709 -0.33100
-0.58047 -0.33030
-0.58385 -0.32960
-0.58722 -0.32890
-0.59059 -0.32819
-0.59395 -0.32748
-0.59730 -0.32676
-0.60065 -0.32604
-0.60400 -0.32531
-0.60734 -0.32459
-0.61067 -0.32385
-0.61400 -0.32312
-0.61732 -0.32238
-0.62063 -0.32163
-0.62395 -0.32088
-0.62725 -0.32013
-0.63055 -0.31938
-0.63384 -0.31862
-0.63713 -0.31785
-0.64042 -0.31708
-0.64369 -0.31631
-0.64696 -0.31554
-0.65023 -0.31476
-0.65348 -0.31397
-0.65674 -0.31319
-0.65998 -0.31240
-0.66323 -0.31160
-0.66646 -0.31080
-0.66969 -0.31000
-0.67291 -0.30919
-0.67613 -0.30838
-0.67934 -0.30757
-0.68255 -0.30675
-0.68575 -0.30593
-0.68894 -0.30510
-0.69213 -0.30427
-0.69531 -0.30344
-0.69848 -0.30260
-0.70165 -0.30176
-0.70481 -0.30091
-0.70797 -0.30006
-0.71112 -0.29921
-0.71426 -0.29835
-0.71740 -0.29749
-0.72053 -0.29662
-0.72365 -0.29576
-0.72677 -0.29488
-0.72989 -0.29401
-0.73299 -0.29313
-0.73609 -0.29224
-0.73918 -0.29135
-0.74227 -0.29046
-0.74535 -0.28957
-0.74842 -0.28867
-0.75149 -0.28776
-0.75455 -0.28686
-0.75760 -0.28594
-0.76064 -0.28503
-0.76368 -0.28411
-0.76672 -0.28319
-0.76974 -0.28226
-0.77276 -0.28133
-0.77577 -0.28040
-0.77878 -0.27946
-0.78178 -0.27851
-0.78477 -0.27757
-0.78776 -0.27662
-0.79074 -0.27566
-0.79371 -0.27471
-0.79667 -0.27375
-0.79963 -0.27278
-0.80258 -0.27181
-0.80552 -0.27084
-0.80846 -0.26986
-0.81139 -0.26888
-0.81431 -0.26789
-0.81722 -0.26690
-0.82013 -0.26591
-0.82303 -0.26491
-0.82592 -0.26391
-0.82881 -0.26291
-0.83169 -0.26190
-0.83456 -0.26089
-0.83742 -0.25987
-0.84027 -0.25885
-0.84312 -0.25783
-0.84596 -0.25680
-0.84879 -0.25577
-0.85162 -0.25473
-0.85444 -0.25369
-0.85725 -0.25265
-0.86005 -0.25160
-0.86284 -0.25055
-0.86563 -0.24949
-0.86840 -0.24843
-0.87117 -0.24737
-0.87393 -0.24630
-0.87669 -0.24523
-0.87943 -0.24415
-0.88217 -0.24307
-0.88490 -0.24199
-0.88762 -0.24090
-0.89033 -0.23981
-0.89304 -0.23871
-0.89573 -0.23762
-0.89842 -0.23651
-0.90110 -0.23540
-0.90377 -0.23429
-0.90643 -0.23318
-0.90908 -0.23206
-0.91173 -0.23093
-0.91436 -0.22981
-0.91699 -0.22867
-0.91961 -0.22754
-0.92222 -0.22640
-0.92482 -0.22526
-0.92741 -0.22411
-0.92999 -0.22296
-0.93256 -0.22180
-0.93512 -0.22064
-0.93767 -0.21948
-0.94022 -0.21831
-0.94275 -0.21714
-0.94528 -0.21596
-0.94779 -0.21478
-0.95030 -0.21360
-0.95280 -0.21241
-0.95528 -0.21121
-0.95776 -0.21002
-0.96023 -0.20882
-0.96268 -0.20761
-0.96513 -0.20640
-0.96756 -0.20519
-0.96999 -0.20397
-0.97241 -0.20275
-0.97481 -0.20153
-0.97721 -0.20030
-0.97959 -0.19906
-0.98196 -0.19783
-0.98433 -0.19659
-0.98668 -0.19534
-0.98902 -0.19409
-0.99135 -0.19284
-0.99367 -0.19158
-0.99598 -0.19032
-0.99827 -0.18905
-1.0006 -0.18778
-1.0028 -0.18650
-1.0051 -0.18523
-1.0074 -0.18394
-1.0096 -0.18266
-1.0118 -0.18137
-1.0140 -0.18007
-1.0162 -0.17877
-1.0184 -0.17747
-1.0206 -0.17616
-1.0228 -0.17485
-1.0249 -0.17353
-1.0271 -0.17221
-1.0292 -0.17089
-1.0313 -0.16956
-1.0334 -0.16823
-1.0355 -0.16689
-1.0376 -0.16555
-1.0397 -0.16421
-1.0417 -0.16286
-1.0438 -0.16151
-1.0458 -0.16015
-1.0478 -0.15879
-1.0498 -0.15743
-1.0518 -0.15606
-1.0538 -0.15468
-1.0557 -0.15331
-1.0577 -0.15193
-1.0596 -0.15054
-1.0615 -0.14915
-1.0634 -0.14776
-1.0653 -0.14636
-1.0672 -0.14496
-1.0691 -0.14356
-1.0709 -0.14215
-1.0727 -0.14074
-1.0745 -0.13932
-1.0763 -0.13790
-1.0781 -0.13647
-1.0799 -0.13505
-1.0817 -0.13361
-1.0834 -0.13218
-1.0851 -0.13074
-1.0868 -0.12929
-1.0885 -0.12785
-1.0902 -0.12640
-1.0919 -0.12494
-1.0935 -0.12348
-1.0951 -0.12202
-1.0967 -0.12055
-1.0983 -0.11908
-1.0999 -0.11761
-1.1015 -0.11613
-1.1030 -0.11465
-1.1045 -0.11317
-1.1060 -0.11168
-1.1075 -0.11019
-1.1090 -0.10869
-1.1105 -0.10719
-1.1119 -0.10569
-1.1133 -0.10418
-1.1147 -0.10267
-1.1161 -0.10116
-1.1175 -0.099647
-1.1188 -0.098127
-1.1201 -0.096605
-1.1215 -0.095079
-1.1227 -0.093550
-1.1240 -0.092018
-1.1253 -0.090482
-1.1265 -0.088944
-1.1277 -0.087402
-1.1289 -0.085858
-1.1301 -0.084310
-1.1313 -0.082759
-1.1324 -0.081206
-1.1335 -0.079649
-1.1346 -0.078090
-1.1357 -0.076527
-1.1367 -0.074962
-1.1378 -0.073395
-1.1388 -0.071824
-1.1398 -0.070251
-1.1408 -0.068676
-1.1417 -0.067098
-1.1426 -0.065517
-1.1436 -0.063934
-1.1444 -0.062348
-1.1453 -0.060760
-1.1462 -0.059170
-1.1470 -0.057578
-1.1478 -0.055983
-1.1486 -0.054386
-1.1493 -0.052787
-1.1501 -0.051186
-1.1508 -0.049583
-1.1515 -0.047978
-1.1522 -0.046372
-1.1528 -0.044763
-1.1535 -0.043153
-1.1541 -0.041541
-1.1547 -0.039927
-1.1552 -0.038311
-1.1558 -0.036695
-1.1563 -0.035076
-1.1568 -0.033456
-1.1572 -0.031835
-1.1577 -0.030213
-1.1581 -0.028589
-1.1585 -0.026964
-1.1589 -0.025339
-1.1593 -0.023712
-1.1596 -0.022084
-1.1599 -0.020455
-1.1602 -0.018825
-1.1605 -0.017195
-1.1607 -0.015564
-1.1610 -0.013932
-1.1612 -0.012299
-1.1613 -0.010666
-1.1615 -0.0090330
-1.1616 -0.0073992
-1.1617 -0.0057651
-1.1618 -0.0041307
-1.1619 -0.0024961
-1.1619 -0.00086139
-1.1619 0.00077338
-1.1619 0.0024081
-1.1619 0.0040428
-1.1618 0.0056774
-1.1617 0.0073117
-1.1616 0.0089458
-1.1615 0.010579
-1.1613 0.012213
-1.1612 0.013846
-1.1610 0.015478
-1.1607 0.017110
-1.1605 0.018741
-1.1602 0.020371
-1.1599 0.022001
-1.1596 0.023629
-1.1593 0.025257
-1.1589 0.026884
-1.1586 0.028509
-1.1582 0.030134
-1.1577 0.031757
-1.1573 0.033379
-1.1568 0.035000
-1.1563 0.036620
-1.1558 0.038238
-1.1553 0.039854
-1.1547 0.041469
-1.1541 0.043083
-1.1535 0.044694
-1.1529 0.046304
-1.1522 0.047913
-1.1515 0.049519
-1.1508 0.051124
-1.1501 0.052726
-1.1494 0.054327
-1.1486 0.055925
-1.1478 0.057522
-1.1470 0.059116
-1.1462 0.060708
-1.1454 0.062297
-1.1445 0.063885
-1.1436 0.065470
-1.1427 0.067052
-1.1418 0.068633
-1.1408 0.070210
-1.1398 0.071785
-1.1389 0.073358
-1.1378 0.074927
-1.1368 0.076494
-1.1357 0.078059
-1.1347 0.079620
-1.1336 0.081179
-1.1325 0.082735
-1.1313 0.084288
-1.1302 0.085837
-1.1290 0.087384
-1.1278 0.088928
-1.1266 0.090469
-1.1254 0.092007
-1.1241 0.093541
-1.1228 0.095073
-1.1215 0.096601
-1.1202 0.098126
-1.1189 0.099648
-1.1176 0.10117
-1.1162 0.10268
-1.1148 0.10419
-1.1134 0.10570
-1.1120 0.10721
-1.1106 0.10871
-1.1091 0.11020
-1.1076 0.11170
-1.1061 0.11319
-1.1046 0.11468
-1.1031 0.11616
-1.1016 0.11764
-1.1000 0.11912
-1.0984 0.12059
-1.0969 0.12206
-1.0952 0.12352
-1.0936 0.12498
-1.0920 0.12644
-1.0903 0.12790
-1.0886 0.12935
-1.0870 0.13079
-1.0853 0.13224
-1.0835 0.13367
-1.0818 0.13511
-1.0800 0.13654
-1.0783 0.13797
-1.0765 0.13939
-1.0747 0.14081
-1.0729 0.14223
-1.0711 0.14364
-1.0692 0.14504
-1.0674 0.14645
-1.0655 0.14785
-1.0636 0.14924
-1.0617 0.15063
-1.0598 0.15202
-1.0579 0.15340
-1.0559 0.15478
-1.0540 0.15616
-1.0520 0.15753
-1.0500 0.15890
-1.0480 0.16026
-1.0460 0.16162
-1.0440 0.16298
-1.0419 0.16433
-1.0399 0.16567
-1.0378 0.16702
-1.0357 0.16836
-1.0337 0.16969
-1.0315 0.17102
-1.0294 0.17235
-1.0273 0.17367
-1.0252 0.17499
-1.0230 0.17630
-1.0209 0.17761
-1.0187 0.17892
-1.0165 0.18022
-1.0143 0.18152
-1.0121 0.18281
-1.0098 0.18410
-1.0076 0.18539
-1.0054 0.18667
-1.0031 0.18795
-1.0008 0.18922
-0.99856 0.19049
-0.99627 0.19175
-0.99396 0.19301
-0.99165 0.19427
-0.98932 0.19552
-0.98698 0.19677
-0.98464 0.19801
-0.98228 0.19925
-0.97991 0.20049
-0.97753 0.20172
-0.97514 0.20295
-0.97274 0.20417
-0.97033 0.20539
-0.96791 0.20661
-0.96548 0.20782
-0.96304 0.20903
-0.96059 0.21023
-0.95813 0.21143
-0.95566 0.21262
-0.95318 0.21382
-0.95069 0.21500
-0.94819 0.21618
-0.94568 0.21736
-0.94316 0.21854
-0.94063 0.21971
-0.93809 0.22088
-0.93554 0.22204
-0.93299 0.22320
-0.93042 0.22435
-0.92785 0.22550
-0.92527 0.22665
-0.92267 0.22779
-0.92007 0.22893
-0.91746 0.23006
-0.91484 0.23119
-0.91221 0.23232
-0.90958 0.23344
-0.90693 0.23456
-0.90428 0.23567
-0.90161 0.23678
-0.89894 0.23789
-0.89626 0.23899
-0.89357 0.24009
-0.89088 0.24118
-0.88817 0.24227
-0.88546 0.24336
-0.88274 0.24444
-0.88001 0.24552
-0.87727 0.24659
-0.87453 0.24766
-0.87177 0.24873
-0.86901 0.24979
-0.86624 0.25085
-0.86347 0.25190
-0.86068 0.25295
-0.85789 0.25400
-0.85509 0.25504
-0.85228 0.25608
-0.84946 0.25712
-0.84664 0.25815
-0.84381 0.25917
-0.84097 0.26020
-0.83812 0.26122
-0.83527 0.26223
-0.83241 0.26324
-0.82954 0.26425
-0.82666 0.26525
-0.82378 0.26625
-0.82089 0.26725
-0.81799 0.26824
-0.81509 0.26923
-0.81218 0.27021
-0.80926 0.27119
-0.80633 0.27217
-0.80340 0.27314
-0.80046 0.27411
-0.79751 0.27507
-0.79456 0.27603
-0.79160 0.27699
-0.78863 0.27794
-0.78566 0.27889
-0.78267 0.27984
-0.77969 0.28078
-0.77669 0.28172
-0.77369 0.28265
-0.77068 0.28358
-0.76766 0.28451
-0.76464 0.28543
-0.76161 0.28635
-0.75858 0.28726
-0.75554 0.28817
-0.75249 0.28908
-0.74944 0.28998
-0.74637 0.29088
-0.74331 0.29177
-0.74023 0.29266
-0.73715 0.29355
-0.73407 0.29444
-0.73097 0.29532
-0.72787 0.29619
-0.72477 0.29706
-0.72165 0.29793
-0.71854 0.29880
-0.71541 0.29966
-0.71228 0.30051
-0.70914 0.30137
-0.70600 0.30221
-0.70285 0.30306
-0.69970 0.30390
-0.69654 0.30474
-0.69337 0.30557
-0.69019 0.30640
-0.68701 0.30723
-0.68383 0.30805
-0.68064 0.30887
-0.67744 0.30968
-0.67424 0.31049
-0.67103 0.31130
-0.66781 0.31210
-0.66459 0.31290
-0.66137 0.31369
-0.65813 0.31449
-0.65489 0.31527
-0.65165 0.31606
-0.64840 0.31684
-0.64514 0.31761
-0.64188 0.31838
-0.63861 0.31915
-0.63534 0.31992
-0.63206 0.32068
-0.62878 0.32143
-0.62549 0.32219
-0.62219 0.32293
-0.61889 0.32368
-0.61559 0.32442
-0.61227 0.32516
-0.60896 0.32589
-0.60563 0.32662
-0.60231 0.32734
-0.59897 0.32806
-0.59563 0.32878
-0.59229 0.32950
-0.58894 0.33020
-0.58558 0.33091
-0.58222 0.33161
-0.57885 0.33231
-0.57548 0.33300
-0.57211 0.33369
-0.56872 0.33438
-0.56534 0.33506
-0.56194 0.33574
-0.55854 0.33641
-0.55514 0.33708
-0.55173 0.33775
-0.54832 0.33841
-0.54490 0.33907
-0.54148 0.33973
-0.53805 0.34038
-0.53461 0.34102
-0.53118 0.34166
-0.52773 0.34230
-0.52428 0.34294
-0.52083 0.34357
-0.51737 0.34419
-0.51391 0.34482
-0.51044 0.34543
-0.50696 0.34605
-0.50348 0.34666
-0.50000 0.34726
-0.49651 0.34787
-0.49302 0.34846
-0.48952 0.34906
-0.48602 0.34965
-0.48251 0.35023
-0.47900 0.35081
-0.47548 0.35139
-0.47196 0.35196
-0.46843 0.35253
-0.46490 0.35310
-0.46137 0.35366
-0.45783 0.35422
-0.45428 0.35477
-0.45073 0.35532
-0.44718 0.35586
-0.44362 0.35640
-0.44006 0.35694
-0.43649 0.35747
-0.43292 0.35800
-0.42934 0.35852
-0.42576 0.35904
-0.42218 0.35956
-0.41859 0.36007
-0.41499 0.36058
-0.41140 0.36108
-0.40779 0.36158
-0.40419 0.36207
-0.40058 0.36256
-0.39696 0.36305
-0.39334 0.36353
-0.38972 0.36401
-0.38609 0.36448
-0.38246 0.36495
-0.37883 0.36542
-0.37519 0.36588
-0.37155 0.36633
-0.36790 0.36678
-0.36425 0.36723
-0.36059 0.36767
-0.35694 0.36811
-0.35327 0.36855
-0.34961 0.36898
-0.34594 0.36940
-0.34226 0.36982
-0.33859 0.37024
-0.33490 0.37065
-0.33122 0.37106
-0.32753 0.37147
-0.32384 0.37187
-0.32014 0.37226
-0.31645 0.37265
-0.31274 0.37304
-0.30904 0.37342
-0.30533 0.37380
-0.30161 0.37417
-0.29790 0.37454
-0.29418 0.37490
-0.29046 0.37526
-0.28673 0.37562
-0.28300 0.37597
-0.27927 0.37632
-0.27553 0.37666
-0.27180 0.37700
-0.26805 0.37733
-0.26431 0.37766
-0.26056 0.37798
-0.25681 0.37830
-0.25306 0.37862
-0.24930 0.37893
-0.24554 0.37923
-0.24178 0.37954
-0.23801 0.37983
-0.23425 0.38012
-0.23048 0.38041
-0.22670 0.38070
-0.22293 0.38097
-0.21915 0.38125
-0.21537 0.38152
-0.21159 0.38178
-0.20780 0.38204
-0.20401 0.38230
-0.20022 0.38255
-0.19643 0.38280
-0.19263 0.38304
-0.18883 0.38328
-0.18503 0.38351
-0.18123 0.38374
-0.17743 0.38396
-0.17362 0.38418
-0.16981 0.38439
-0.16600 0.38460
-0.16219 0.38481
-0.15838 0.38501
-0.15456 0.38520
-0.15074 0.38539
-0.14693 0.38558
-0.14310 0.38576
-0.13928 0.38594
-0.13546 0.38611
-0.13163 0.38628
-0.12780 0.38644
-0.12397 0.38660
-0.12014 0.38675
-0.11631 0.38690
-0.11247 0.38704
-0.10864 0.38718
-0.10480 0.38732
-0.10097 0.38745
-0.097126 0.38757
-0.093286 0.38769
-0.089445 0.38781
-0.085602 0.38792
-0.081759 0.38802
-0.077914 0.38812
-0.074069 0.38822
-0.070222 0.38831
-0.066375 0.38840
-0.062527 0.38848
-0.058679 0.38856
-0.054829 0.38863
-0.050979 0.38870
-0.047128 0.38876
-0.043277 0.38882
-0.039425 0.38887
-0.035573 0.38892
-0.031720 0.38896
-0.027867 0.38900
-0.024013 0.38904
-0.020159 0.38907
-0.016305 0.38909
-0.012451 0.38911
-0.0085966 0.38913
-0.0047420 0.38914
-0.00088744 0.38914
0.0029672 0.38914
0.0068217 0.38914
0.010676 0.38913
0.014531 0.38912
0.018385 0.38910
0.022239 0.38908
0.026092 0.38905
0.029946 0.38902
0.033799 0.38898
0.037651 0.38894
0.041504 0.38889
0.045355 0.38884
0.049206 0.38878
0.053057 0.38872
0.056907 0.38866
0.060756 0.38859
0.064604 0.38851
0.068452 0.38843
0.072298 0.38835
0.076144 0.38826
0.079989 0.38816
0.083833 0.38806
0.087676 0.38796
0.091518 0.38785
0.095359 0.38774
0.099199 0.38762
0.10304 0.38750
0.10687 0.38737
0.11071 0.38724
0.11454 0.38710
0.11838 0.38696
0.12221 0.38682
0.12604 0.38666
0.12987 0.38651
0.13370 0.38635
0.13752 0.38618
0.14135 0.38601
0.14517 0.38584
0.14899 0.38566
0.15281 0.38548
0.15662 0.38529
0.16044 0.38510
0.16425 0.38490
0.16806 0.38470
0.17187 0.38449
0.17568 0.38428
0.17948 0.38406
0.18329 0.38384
0.18709 0.38361
0.19089 0.38338
0.19468 0.38315
0.19848 0.38291
0.20227 0.38267
0.20606 0.38242
0.20984 0.38216
0.21363 0.38191
0.21741 0.38164
0.22119 0.38138
0.22497 0.38110
0.22874 0.38083
0.23251 0.38055
0.23628 0.38026
0.24005 0.37997
0.24381 0.37968
0.24757 0.37938
0.25133 0.37908
0.25509 0.37877
0.25884 0.37846
0.26259 0.37814
0.26633 0.37782
0.27008 0.37749
0.27382 0.37716
0.27755 0.37683
0.28129 0.37649
0.28502 0.37614
0.28874 0.37579
0.29247 0.37544
0.29619 0.37508
0.29991 0.37472
0.30362 0.37436
0.30733 0.37399
0.31104 0.37361
0.31474 0.37323
0.31845 0.37285
0.32214 0.37246
0.32584 0.37207
0.32953 0.37167
0.33321 0.37127
0.33690 0.37086
0.34058 0.37045
0.34425 0.37004
0.34792 0.36962
0.35159 0.36920
0.35526 0.36877
0.35892 0.36834
0.36257 0.36790
0.36623 0.36746
0.36987 0.36702
0.37352 0.36657
0.37716 0.36612
0.38080 0.36566
0.38443 0.36520
0.38806 0.36473
0.39168 0.36426
0.39530 0.36379
0.39892 0.36331
0.40253 0.36283
0.40614 0.36234
0.40975 0.36185
0.41335 0.36135
0.41694 0.36085
0.42053 0.36035
0.42412 0.35984
0.42770 0.35933
0.43128 0.35881
0.43486 0.35829
0.43843 0.35777
0.44199 0.35724
0.44555 0.35671
0.44911 0.35617
0.45266 0.35563
0.45621 0.35508
0.45975 0.35453
0.46329 0.35398
0.46682 0.35342
0.47035 0.35286
0.47387 0.35229
0.47739 0.35173
0.48091 0.35115
0.48442 0.35057
0.48792 0.34999
0.49143 0.34940
0.49492 0.34881
0.49841 0.34822
0.50190 0.34762
0.50538 0.34702
0.50886 0.34641
0.51233 0.34580
0.51580 0.34519
0.51926 0.34457
0.52272 0.34395
0.52617 0.34332
0.52961 0.34269
0.53306 0.34206
0.53649 0.34142
0.53993 0.34078
0.54335 0.34013
0.54677 0.33948
0.55019 0.33883
0.55360 0.33817
0.55701 0.33751
0.56041 0.33684
0.56381 0.33617
0.56720 0.33550
0.57058 0.33482
0.57396 0.33414
0.57734 0.33345
0.58071 0.33276
0.58407 0.33207
0.58743 0.33137
0.59079 0.33067
0.59413 0.32997
0.59748 0.32926
0.60082 0.32854
0.60415 0.32783
0.60748 0.32711
0.61080 0.32638
0.61411 0.32565
0.61742 0.32492
0.62073 0.32418
0.62403 0.32344
0.62732 0.32270
0.63061 0.32195
0.63389 0.32120
0.63717 0.32045
0.64044 0.31969
0.64371 0.31892
0.64697 0.31816
0.65022 0.31739
0.65347 0.31661
0.65671 0.31583
0.65995 0.31505
0.66318 0.31427
0.66641 0.31348
0.66963 0.31268
0.67284 0.31189
0.67605 0.31108
0.67925 0.31028
0.68245 0.30947
0.68564 0.30866
0.68882 0.30784
0.69200 0.30702
0.69518 0.30619
0.69834 0.30537
0.70150 0.30453
0.70466 0.30370
0.70781 0.30286
0.71095 0.30202
0.71409 0.30117
0.71722 0.30032
0.72034 0.29946
0.72346 0.29861
0.72657 0.29774
0.72968 0.29688
0.73277 0.29601
0.73587 0.29513
0.73895 0.29426
0.74203 0.29338
0.74511 0.29249
0.74818 0.29160
0.75124 0.29071
0.75429 0.28981
0.75734 0.28891
0.76038 0.28801
0.76342 0.28710
0.76645 0.28619
0.76947 0.28527
0.77248 0.28435
0.77549 0.28343
0.77850 0.28250
0.78149 0.28157
0.78448 0.28064
0.78746 0.27970
0.79044 0.27876
0.79341 0.27781
0.79637 0.27686
0.79932 0.27591
0.80227 0.27495
0.80521 0.27399
0.80815 0.27302
0.81108 0.27206
0.81400 0.27108
0.81691 0.27011
0.81982 0.26913
0.82272 0.26814
0.82561 0.26715
0.82849 0.26616
0.83137 0.26516
0.83424 0.26416
0.83711 0.26316
0.83996 0.26215
0.84281 0.26114
0.84565 0.26013
0.84849 0.25911
0.85131 0.25808
0.85413 0.25706
0.85694 0.25603
0.85975 0.25499
0.86254 0.25395
0.86533 0.25291
0.86811 0.25186
0.87089 0.25081
0.87365 0.24976
0.87641 0.24870
0.87916 0.24764
0.88190 0.24657
0.88464 0.24550
0.88736 0.24443
0.89008 0.24335
0.89279 0.24227
0.89549 0.24118
0.89818 0.24009
0.90087 0.23900
0.90355 0.23790
0.90621 0.23680
0.90887 0.23570
0.91153 0.23459
0.91417 0.23347
0.91680 0.23236
0.91943 0.23124
0.92205 0.23011
0.92466 0.22898
0.92726 0.22785
0.92985 0.22671
0.93243 0.22557
0.93500 0.22443
0.93757 0.22328
0.94012 0.22212
0.94267 0.22097
0.94520 0.21981
0.94773 0.21864
0.95025 0.21747
0.95276 0.21630
0.95526 0.21512
0.95775 0.21394
0.96023 0.21275
0.96270 0.21156
0.96516 0.21037
0.96761 0.20917
0.97005 0.20797
0.97248 0.20677
0.97490 0.20556
0.97731 0.20434
0.97972 0.20313
0.98211 0.20191
0.98449 0.20068
0.98686 0.19945
0.98922 0.19822
0.99157 0.19698
0.99390 0.19574
0.99623 0.19449
0.99855 0.19324
1.0009 0.19199
1.0032 0.19073
1.0054 0.18947
1.0077 0.18820
1.0100 0.18693
1.0122 0.18565
1.0145 0.18438
1.0167 0.18309
1.0189 0.18181
1.0211 0.18052
1.0233 0.17922
1.0255 0.17792
1.0277 0.17662
1.0298 0.17531
1.0320 0.17400
1.0341 0.17269
1.0362 0.17137
1.0383 0.17004
1.0404 0.16872
1.0425 0.16738
1.0446 0.16605
1.0466 0.16471
1.0487 0.16337
1.0507 0.16202
1.0527 0.16067
1.0547 0.15931
1.0567 0.15795
1.0587 0.15659
1.0607 0.15522
1.0626 0.15385
1.0646 0.15247
1.0665 0.15109
1.0684 0.14971
1.0703 0.14832
1.0722 0.14693
1.0740 0.14553
1.0759 0.14414
1.0777 0.14273
1.0796 0.14132
1.0814 0.13991
1.0832 0.13850
1.0849 0.13708
1.0867 0.13566
1.0884 0.13423
1.0902 0.13280
1.0919 0.13137
1.0936 0.12993
1.0953 0.12849
1.0970 0.12704
1.0986 0.12559
1.1003 0.12414
1.1019 0.12268
1.1035 0.12122
1.1051 0.11976
1.1067 0.11829
1.1082 0.11682
1.1097 0.11534
1.1113 0.11386
1.1128 0.11238
1.1143 0.11089
1.1157 0.10941
1.1172 0.10791
1.1186 0.10642
1.1201 0.10492
1.1215 0.10341
1.1228 0.10191
1.1242 0.10040
1.1255 0.098884
1.1269 0.097368
1.1282 0.095848
1.1295 0.094325
1.1308 0.092799
1.1320 0.091270
1.1332 0.089737
1.1345 0.088202
1.1357 0.086663
1.1368 0.085122
1.1380 0.083577
1.1391 0.082030
1.1403 0.080480
1.1414 0.078926
1.1424 0.077370
1.1435 0.075812
1.1445 0.074250
1.1456 0.072686
1.1466 0.071119
1.1475 0.069550
1.1485 0.067978
1.1494 0.066403
1.1504 0.064826
1.1513 0.063247
1.1521 0.061665
1.1530 0.060081
1.1538 0.058495
1.1546 0.056906
1.1554 0.055315
1.1562 0.053723
1.1569 0.052128
1.1577 0.050531
1.1584 0.048932
1.1591 0.047331
1.1597 0.045729
1.1604 0.044124
1.1610 0.042518
1.1616 0.040910
1.1622 0.039301
1.1627 0.037690
1.1632 0.036078
1.1637 0.034464
1.1642 0.032848
1.1647 0.031232
1.1651 0.029614
1.1655 0.027995
1.1659 0.026375
1.1663 0.024754
1.1667 0.023131
1.1670 0.021508
1.1673 0.019884
1.1676 0.018259
1.1678 0.016633
1.1681 0.015007
1.1683 0.013380
1.1685 0.011753
1.1686 0.010124
1.1688 0.0084960
1.1689 0.0068671
1.1690 0.0052380
1.1691 0.0036086
1.1691 0.0019791
1.1691 0.00034941
1.1692 -0.0012803
1.1691 -0.0029100
1.1691 -0.0045395
1.1690 -0.0061690
1.1689 -0.0077982
1.1688 -0.0094271
1.1687 -0.011056
1.1685 -0.012684
1.1684 -0.014311
1.1682 -0.015938
1.1679 -0.017565
1.1677 -0.019191
1.1674 -0.020816
1.1671 -0.022440
1.1668 -0.024063
1.1665 -0.025686
1.1661 -0.027307
1.1657 -0.028928
1.1653 -0.030547
1.1649 -0.032165
1.1644 -0.033782
1.1639 -0.035397
1.1635 -0.037012
1.1629 -0.038624
1.1624 -0.040235
1.1618 -0.041845
1.1612 -0.043453
1.1606 -0.045060
1.1600 -0.046664
1.1593 -0.048267
1.1587 -0.049868
1.1580 -0.051467
1.1573 -0.053065
1.1565 -0.054660
1.1558 -0.056253
1.1550 -0.057844
1.1542 -0.059433
1.1533 -0.061020
1.1525 -0.062604
1.1516 -0.064186
1.1507 -0.065766
1.1498 -0.067343
1.1489 -0.068918
1.1480 -0.070491
1.1470 -0.072060
1.1460 -0.073628
1.1450 -0.075192
1.1439 -0.076754
1.1429 -0.078313
1.1418 -0.079870
1.1407 -0.081423
1.1396 -0.082974
1.1385 -0.084522
1.1373 -0.086067
1.1362 -0.087609
1.1350 -0.089147
1.1338 -0.090683
1.1325 -0.092216
1.1313 -0.093746
1.1300 -0.095272
1.1288 -0.096795
1.1275 -0.098315
1.1261 -0.099832
1.1248 -0.10135
1.1234 -0.10286
1.1221 -0.10436
1.1207 -0.10587
1.1193 -0.10737
1.1178 -0.10886
1.1164 -0.11036
1.1149 -0.11185
1.1134 -0.11333
1.1119 -0.11481
1.1104 -0.11629
1.1089 -0.11777
1.1073 -0.11924
1.1058 -0.12071
1.1042 -0.12217
1.1026 -0.12363
1.1010 -0.12509
1.0994 -0.12654
1.0977 -0.12799
1.0960 -0.12944
1.0944 -0.13088
1.0927 -0.13232
1.0910 -0.13376
1.0892 -0.13519
1.0875 -0.13661
1.0857 -0.13804
1.0840 -0.13946
1.0822 -0.14087
1.0804 -0.14228
1.0786 -0.14369
1.0767 -0.14509
1.0749 -0.14649
1.0730 -0.14789
1.0711 -0.14928
1.0693 -0.15067
1.0674 -0.15205
1.0654 -0.15343
1.0635 -0.15481
1.0616 -0.15618
1.0596 -0.15755
1.0576 -0.15891
1.0557 -0.16027
1.0537 -0.16163
1.0516 -0.16298
1.0496 -0.16433
1.0476 -0.16567
1.0455 -0.16701
1.0435 -0.16834
1.0414 -0.16968
1.0393 -0.17100
1.0372 -0.17233
1.0351 -0.17365
1.0330 -0.17496
1.0308 -0.17627
1.0287 -0.17758
1.0265 -0.17888
1.0244 -0.18018
1.0222 -0.18148
1.0200 -0.18277
1.0178 -0.18405
1.0155 -0.18534
1.0133 -0.18662
1.0111 -0.18789
1.0088 -0.18916
1.0065 -0.19043
1.0043 -0.19169
1.0020 -0.19295
0.99969 -0.19420
0.99738 -0.19545
0.99506 -0.19670
0.99273 -0.19794
0.99039 -0.19918
0.98804 -0.20041
0.98568 -0.20164
0.98331 -0.20287
0.98093 -0.20409
0.97853 -0.20531
0.97613 -0.20652
0.97372 -0.20773
0.97130 -0.20894
0.96887 -0.21014
0.96642 -0.21133
0.96397 -0.21253
0.96151 -0.21372
0.95904 -0.21490
0.95656 -0.21608
0.95407 -0.21726
0.95157 -0.21843
0.94906 -0.21960
0.94654 -0.22077
0.94401 -0.22193
0.94148 -0.22308
0.93893 -0.22424
0.93638 -0.22539
0.93381 -0.22653
0.93124 -0.22767
0.92866 -0.22881
0.92607 -0.22994
0.92347 -0.23107
0.92086 -0.23220
0.91825 -0.23332
0.91562 -0.23444
0.91299 -0.23555
0.91035 -0.23666
0.90770 -0.23776
0.90504 -0.23886
0.90237 -0.23996
0.89970 -0.24106
0.89702 -0.24215
0.89433 -0.24323
0.89163 -0.24431
0.88892 -0.24539
0.88620 -0.24646
0.88348 -0.24753
0.88075 -0.24860
0.87801 -0.24966
0.87526 -0.25072
0.87251 -0.25177
0.86975 -0.25282
0.86698 -0.25387
0.86420 -0.25491
0.86142 -0.25595
0.85862 -0.25699
0.85582 -0.25802
0.85302 -0.25905
0.85020 -0.26007
0.84738 -0.26109
0.84455 -0.26210
0.84171 -0.26312
0.83887 -0.26412
0.83602 -0.26513
0.83316 -0.26613
0.83029 -0.26712
0.82742 -0.26812
0.82454 -0.26910
0.82165 -0.27009
0.81876 -0.27107
0.81585 -0.27205
0.81295 -0.27302
0.81003 -0.27399
0.80711 -0.27495
0.80418 -0.27592
0.80124 -0.27687
0.79830 -0.27783
0.79535 -0.27878
0.79240 -0.27973
0.78943 -0.28067
0.78646 -0.28161
0.78349 -0.28254
0.78050 -0.28347
0.77751 -0.28440
0.77452 -0.28532
0.77152 -0.28624
0.76851 -0.28716
0.76549 -0.28807
0.76247 -0.28898
0.75944 -0.28989
0.75641 -0.29079
0.75337 -0.29168
0.75032 -0.29258
0.74727 -0.29347
0.74421 -0.29435
0.74114 -0.29523
0.73807 -0.29611
0.73499 -0.29699
0.73190 -0.29786
0.72881 -0.29873
0.72571 -0.29959
0.72261 -0.30045
0.71950 -0.30130
0.71639 -0.30215
0.71327 -0.30300
0.71014 -0.30385
0.70700 -0.30469
0.70387 -0.30552
0.70072 -0.30636
0.69757 -0.30719
0.69441 -0.30801
0.69125 -0.30883
0.68808 -0.30965
0.68490 -0.31046
0.68172 -0.31127
0.67854 -0.31208
0.67535 -0.31288
0.67215 -0.31368
0.66894 -0.31448
0.66573 -0.31527
0.66252 -0.31606
0.65930 -0.31684
0.65607 -0.31762
0.65284 -0.31839
0.64960 -0.31917
0.64636 -0.31993
0.64311 -0.32070
0.63985 -0.32146
0.63659 -0.32222
0.63333 -0.32297
0.63006 -0.32372
0.62678 -0.32446
0.62350 -0.32520
0.62021 -0.32594
0.61692 -0.32668
0.61362 -0.32741
0.61032 -0.32813
0.60701 -0.32886
0.60369 -0.32957
0.60037 -0.33029
0.59705 -0.33100
0.59372 -0.33171
0.59038 -0.33241
0.58704 -0.33311
0.58369 -0.33381
0.58034 -0.33450
0.57698 -0.33518
0.57362 -0.33587
0.57026 -0.33655
0.56688 -0.33722
0.56351 -0.33790
0.56012 -0.33857
0.55674 -0.33923
0.55334 -0.33989
0.54994 -0.34055
0.54654 -0.34120
0.54313 -0.34185
0.53972 -0.34249
0.53630 -0.34313
0.53288 -0.34377
0.52945 -0.34441
0.52602 -0.34503
0.52258 -0.34566
0.51914 -0.34628
0.51569 -0.34690
0.51224 -0.34751
0.50878 -0.34812
0.50532 -0.34873
0.50185 -0.34933
0.49838 -0.34993
0.49491 -0.35052
0.49143 -0.35111
0.48794 -0.35169
0.48445 -0.35228
0.48096 -0.35285
0.47746 -0.35343
0.47395 -0.35400
0.47045 -0.35456
0.46693 -0.35512
0.46342 -0.35568
0.45989 -0.35623
0.45637 -0.35678
0.45284 -0.35733
0.44930 -0.35787
0.44576 -0.35841
0.44222 -0.35894
0.43867 -0.35947
0.43512 -0.35999
0.43156 -0.36051
0.42800 -0.36103
0.42443 -0.36154
0.42086 -0.36205
0.41729 -0.36255
0.41371 -0.36305
0.41013 -0.36355
0.40654 -0.36404
0.40295 -0.36453
0.39935 -0.36501
0.39575 -0.36549
0.39215 -0.36597
0.38855 -0.36644
0.38493 -0.36690
0.38132 -0.36737
0.37770 -0.36783
0.37408 -0.36828
0.37045 -0.36873
0.36682 -0.36917
0.36319 -0.36962
0.35955 -0.37005
0.35591 -0.37049
0.35226 -0.37091
0.34861 -0.37134
0.34496 -0.37176
0.34130 -0.37218
0.33764 -0.37259
0.33398 -0.37299
0.33031 -0.37340
0.32664 -0.37380
0.32296 -0.37419
0.31929 -0.37458
0.31560 -0.37497
0.31192 -0.37535
0.30823 -0.37572
0.30454 -0.37610
0.30085 -0.37646
0.29715 -0.37683
0.29345 -0.37719
0.28974 -0.37754
0.28603 -0.37789
0.28232 -0.37824
0.27861 -0.37858
0.27489 -0.37892
0.27117 -0.37925
0.26745 -0.37958
0.26372 -0.37991
0.25999 -0.38023
0.25626 -0.38054
0.25253 -0.38085
0.24879 -0.38116
0.24505 -0.38146
0.24131 -0.38176
0.23756 -0.38205
0.23381 -0.38234
0.23006 -0.38262
0.22631 -0.38290
0.22255 -0.38318
0.21879 -0.38345
0.21503 -0.38372
0.21127 -0.38398
0.20750 -0.38423
0.20373 -0.38449
0.19996 -0.38473
0.19619 -0.38498
0.19241 -0.38522
0.18864 -0.38545
0.18486 -0.38568
0.18108 -0.38591
0.17729 -0.38613
0.17351 -0.38634
0.16972 -0.38656
0.16593 -0.38676
0.16214 -0.38696
0.15834 -0.38716
0.15455 -0.38736
0.15075 -0.38754
0.14695 -0.38773
0.14315 -0.38791
0.13935 -0.38808
0.13554 -0.38825
0.13174 -0.38842
0.12793 -0.38858
0.12412 -0.38874
0.12031 -0.38889
0.11650 -0.38903
0.11268 -0.38918
0.10887 -0.38932
0.10505 -0.38945
0.10124 -0.38958
0.097420 -0.38970
0.093600 -0.38982
0.089780 -0.38993
0.085958 -0.39004
0.082136 -0.39015
0.078312 -0.39025
0.074488 -0.39035
0.070662 -0.39044
0.066836 -0.39052
0.063009 -0.39060
0.059182 -0.39068
0.055353 -0.39075
0.051524 -0.39082
0.047694 -0.39089
0.043864 -0.39094
0.040033 -0.39100
0.036202 -0.39105
0.032370 -0.39109
0.028538 -0.39113
0.024705 -0.39117
0.020873 -0.39120
0.017040 -0.39122
0.013206 -0.39124
0.0093729 -0.39126
0.0055394 -0.39127
0.0017058 -0.39128
-0.0021278 -0.39128
-0.0059614 -0.39128
-0.0097949 -0.39127
-0.013628 -0.39126
-0.017461 -0.39124
-0.021294 -0.39122
-0.025127 -0.39119
-0.028960 -0.39116
-0.032792 -0.39113
-0.036623 -0.39109
-0.040455 -0.39104
-0.044286 -0.39099
-0.048116 -0.39094
-0.051945 -0.39088
-0.055775 -0.39081
-0.059603 -0.39075
-0.063431 -0.39067
-0.067258 -0.39060
-0.071084 -0.39051
-0.074909 -0.39043
-0.078733 -0.39034
-0.082557 -0.39024
-0.086379 -0.39014
-0.090201 -0.39003
-0.094021 -0.38992
-0.097840 -0.38981
-0.10166 -0.38969
-0.10548 -0.38956
-0.10929 -0.38943
-0.11311 -0.38930
-0.11692 -0.38916
-0.12073 -0.38902
-0.12454 -0.38887
-0.12835 -0.38872
-0.13216 -0.38856
-0.13596 -0.38840
-0.13977 -0.38824
-0.14357 -0.38806
-0.14737 -0.38789
-0.15117 -0.38771
-0.15497 -0.38753
-0.15876 -0.38734
-0.16255 -0.38714
-0.16635 -0.38694
-0.17014 -0.38674
-0.17392 -0.38653
-0.17771 -0.38632
-0.18149 -0.38611
-0.18527 -0.38589
-0.18905 -0.38566
-0.19283 -0.38543
-0.19661 -0.38520
-0.20038 -0.38496
-0.20415 -0.38471
-0.20792 -0.38446
-0.21168 -0.38421
-0.21545 -0.38395
-0.21921 -0.38369
-0.22297 -0.38343
-0.22672 -0.38315
-0.23048 -0.38288
-0.23423 -0.38260
-0.23798 -0.38232
-0.24172 -0.38203
-0.24546 -0.38173
-0.24920 -0.38144
-0.25294 -0.38113
-0.25668 -0.38083
-0.26041 -0.38052
-0.26414 -0.38020
-0.26786 -0.37988
-0.27158 -0.37956
-0.27530 -0.37923
-0.27902 -0.37890
-0.28273 -0.37856
-0.28644 -0.37822
-0.29015 -0.37787
-0.29386 -0.37752
-0.29756 -0.37717
-0.30125 -0.37681
-0.30495 -0.37644
-0.30864 -0.37607
-0.31233 -0.37570
-0.31601 -0.37532
-0.31969 -0.37494
-0.32337 -0.37456
-0.32705 -0.37417
-0.33072 -0.37378
-0.33438 -0.37338
-0.33805 -0.37297
-0.34171 -0.37257
-0.34536 -0.37216
-0.34902 -0.37174
-0.35267 -0.37132
-0.35631 -0.37090
-0.35995 -0.37047
-0.36359 -0.37004
-0.36722 -0.36960
-0.37085 -0.36916
-0.37448 -0.36871
-0.37810 -0.36827
-0.38172 -0.36781
-0.38534 -0.36735
-0.38895 -0.36689
-0.39255 -0.36643
-0.39616 -0.36596
-0.39976 -0.36548
-0.40335 -0.36500
-0.40694 -0.36452
-0.41053 -0.36403
-0.41411 -0.36354
-0.41769 -0.36305
-0.42126 -0.36255
-0.42483 -0.36205
-0.42840 -0.36154
-0.43196 -0.36103
-0.43551 -0.36051
-0.43907 -0.35999
-0.44262 -0.35947
-0.44616 -0.35894
-0.44970 -0.35841
-0.45323 -0.35787
-0.45676 -0.35733
-0.46029 -0.35679
-0.46381 -0.35624
-0.46733 -0.35569
-0.47084 -0.35513
-0.47435 -0.35457
-0.47785 -0.35401
-0.48135 -0.35344
-0.48485 -0.35287
-0.48834 -0.35229
-0.49182 -0.35171
-0.49530 -0.35113
-0.49878 -0.35054
-0.50225 -0.34995
-0.50572 -0.34935
-0.50918 -0.34875
-0.51264 -0.34815
-0.51609 -0.34754
-0.51954 -0.34693
-0.52298 -0.34631
-0.52642 -0.34569
-0.52985 -0.34507
-0.53328 -0.34444
-0.53670 -0.34381
-0.54012 -0.34317
-0.54353 -0.34254
-0.54694 -0.34189
-0.55034 -0.34124
-0.55374 -0.34059
-0.55713 -0.33994
-0.56052 -0.33928
-0.56390 -0.33862
-0.56728 -0.33795
-0.57065 -0.33728
-0.57402 -0.33661
-0.57738 -0.33593
-0.58074 -0.33525
-0.58409 -0.33456
-0.58744 -0.33387
-0.59078 -0.33318
-0.59412 -0.33248
-0.59745 -0.33178
-0.60077 -0.33108
-0.60410 -0.33037
-0.60741 -0.32965
-0.61072 -0.32894
-0.61403 -0.32822
-0.61732 -0.32749
-0.62062 -0.32677
-0.62391 -0.32604
-0.62719 -0.32530
-0.63047 -0.32456
-0.63374 -0.32382
-0.63701 -0.32307
-0.64027 -0.32232
-0.64352 -0.32157
-0.64677 -0.32081
-0.65002 -0.32005
-0.65326 -0.31928
-0.65649 -0.31851
-0.65972 -0.31774
-0.66294 -0.31696
-0.66616 -0.31618
-0.66937 -0.31540
-0.67257 -0.31461
-0.67577 -0.31382
-0.67897 -0.31302
-0.68216 -0.31222
-0.68534 -0.31142
-0.68852 -0.31061
-0.69169 -0.30980
-0.69485 -0.30898
-0.69801 -0.30817
-0.70116 -0.30734
-0.70431 -0.30652
-0.70745 -0.30569
-0.71059 -0.30486
-0.71372 -0.30402
-0.71684 -0.30318
-0.71996 -0.30233
-0.72307 -0.30149
-0.72618 -0.30063
-0.72927 -0.29978
-0.73237 -0.29892
-0.73546 -0.29806
-0.73854 -0.29719
-0.74161 -0.29632
-0.74468 -0.29544
-0.74774 -0.29456
-0.75080 -0.29368
-0.75385 -0.29280
-0.75689 -0.29191
-0.75993 -0.29101
-0.76296 -0.29012
-0.76599 -0.28922
-0.76900 -0.28831
-0.77202 -0.28740
-0.77502 -0.28649
-0.77802 -0.28558
-0.78101 -0.28466
-0.78400 -0.28373
-0.78698 -0.28281
-0.78995 -0.28188
-0.79292 -0.28094
-0.79588 -0.28000
-0.79883 -0.27906
-0.80178 -0.27812
-0.80472 -0.27717
-0.80766 -0.27621
-0.81058 -0.27526
-0.81350 -0.27430
-0.81641 -0.27333
-0.81932 -0.27236
-0.82222 -0.27139
-0.82511 -0.27041
-0.82800 -0.26943
-0.83088 -0.26845
-0.83375 -0.26746
-0.83661 -0.26647
-0.83947 -0.26548
-0.84232 -0.26448
-0.84516 -0.26347
-0.84800 -0.26247
-0.85082 -0.26146
-0.85365 -0.26044
-0.85646 -0.25943
-0.85927 -0.25840
-0.86207 -0.25738
-0.86486 -0.25635
-0.86764 -0.25531
-0.87042 -0.25428
-0.87319 -0.25324
-0.87595 -0.25219
-0.87870 -0.25114
-0.88145 -0.25009
-0.88419 -0.24903
-0.88692 -0.24797
-0.88964 -0.24691
-0.89236 -0.24584
-0.89507 -0.24477
-0.89777 -0.24370
-0.90046 -0.24262
-0.90314 -0.24153
-0.90582 -0.24045
-0.90848 -0.23935
-0.91114 -0.23826
-0.91379 -0.23716
-0.91644 -0.23606
-0.91907 -0.23495
-0.92170 -0.23384
-0.92431 -0.23273
-0.92692 -0.23161
-0.92952 -0.23048
-0.93212 -0.22936
-0.93470 -0.22823
-0.93727 -0.22709
-0.93984 -0.22596
-0.94240 -0.22481
-0.94494 -0.22367
-0.94748 -0.22252
-0.95001 -0.22136
-0.95253 -0.22020
-0.95505 -0.21904
-0.95755 -0.21788
-0.96004 -0.21671
-0.96253 -0.21553
-0.96500 -0.21436
-0.96747 -0.21317
-0.96992 -0.21199
-0.97237 -0.21080
-0.97481 -0.20960
-0.97723 -0.20841
-0.97965 -0.20720
-0.98206 -0.20600
-0.98446 -0.20479
-0.98684 -0.20357
-0.98922 -0.20236
-0.99159 -0.20114
-0.99394 -0.19991
-0.99629 -0.19868
-0.99863 -0.19745
-1.0010 -0.19621
-1.0033 -0.19497
-1.0056 -0.19372
-1.0079 -0.19247
-1.0101 -0.19122
-1.0124 -0.18996
-1.0147 -0.18870
-1.0169 -0.18743
-1.0192 -0.18616
-1.0214 -0.18488
-1.0236 -0.18361
-1.0258 -0.18232
-1.0280 -0.18104
-1.0302 -0.17975
-1.0324 -0.17845
-1.0345 -0.17715
-1.0367 -0.17585
-1.0388 -0.17455
-1.0409 -0.17324
-1.0430 -0.17192
-1.0451 -0.17060
-1.0472 -0.16928
-1.0493 -0.16795
-1.0514 -0.16662
-1.0534 -0.16529
-1.0555 -0.16395
-1.0575 -0.16261
-1.0595 -0.16126
-1.0615 -0.15991
-1.0635 -0.15856
-1.0654 -0.15720
-1.0674 -0.15583
-1.0693 -0.15447
-1.0713 -0.15310
-1.0732 -0.15172
-1.0751 -0.15034
-1.0770 -0.14896
-1.0789 -0.14758
-1.0807 -0.14619
-1.0826 -0.14479
-1.0844 -0.14339
-1.0862 -0.14199
-1.0880 -0.14059
-1.0898 -0.13918
-1.0916 -0.13776
-1.0934 -0.13635
-1.0951 -0.13493
-1.0968 -0.13350
-1.0985 -0.13207
-1.1002 -0.13064
-1.1019 -0.12920
-1.1036 -0.12776
-1.1053 -0.12632
-1.1069 -0.12487
-1.1085 -0.12342
-1.1101 -0.12197
-1.1117 -0.12051
-1.1133 -0.11905
-1.1148 -0.11758
-1.1164 -0.11611
-1.1179 -0.11464
-1.1194 -0.11316
-1.1209 -0.11168
-1.1224 -0.11020
-1.1238 -0.10871
-1.1253 -0.10722
-1.1267 -0.10573
-1.1281 -0.10423
-1.1295 -0.10273
-1.1308 -0.10123
-1.1322 -0.099723
-1.1335 -0.098213
-1.1348 -0.096700
-1.1361 -0.095183
-1.1374 -0.093663
-1.1386 -0.092140
-1.1399 -0.090614
-1.1411 -0.089085
-1.1423 -0.087552
-1.1435 -0.086017
-1.1447 -0.084479
-1.1458 -0.082937
-1.1469 -0.081393
-1.1480 -0.079846
-1.1491 -0.078297
-1.1502 -0.076744
-1.1512 -0.075189
-1.1523 -0.073631
-1.1533 -0.072070
-1.1542 -0.070507
-1.1552 -0.068941
-1.1562 -0.067373
-1.1571 -0.065802
-1.1580 -0.064229
-1.1589 -0.062653
-1.1597 -0.061075
-1.1606 -0.059495
-1.1614 -0.057913
-1.1622 -0.056328
-1.1630 -0.054741
-1.1637 -0.053153
-1.1645 -0.051562
-1.1652 -0.049969
-1.1659 -0.048374
-1.1666 -0.046778
-1.1672 -0.045179
-1.1678 -0.043579
-1.1684 -0.041977
-1.1690 -0.040374
-1.1696 -0.038769
-1.1701 -0.037162
-1.1706 -0.035554
-1.1711 -0.033945
-1.1716 -0.032334
-1.1721 -0.030722
-1.1725 -0.029108
-1.1729 -0.027494
-1.1733 -0.025878
-1.1737 -0.024262
-1.1740 -0.022644
-1.1743 -0.021025
-1.1746 -0.019406
-1.1749 -0.017786
-1.1751 -0.016165
-1.1754 -0.014543
-1.1756 -0.012921
-1.1758 -0.011298
-1.1759 -0.0096750
-1.1760 -0.0080513
-1.1762 -0.0064273
-1.1762 -0.0048031
-1.1763 -0.0031786
-1.1764 -0.0015539
-1.1764 0.000070788
-1.1764 0.0016955
-1.1764 0.0033202
-1.1763 0.0049448
-1.1762 0.0065693
-1.1761 0.0081934
-1.1760 0.0098173
-1.1759 0.011441
-1.1757 0.013064
-1.1755 0.014687
-1.1753 0.016309
-1.1751 0.017930
-1.1749 0.019551
-1.1746 0.021171
-1.1743 0.022790
-1.1740 0.024408
-1.1736 0.026025
-1.1733 0.027642
-1.1729 0.029257
-1.1725 0.030871
-1.1720 0.032484
-1.1716 0.034096
-1.1711 0.035706
-1.1706 0.037315
-1.1701 0.038923
-1.1695 0.040529
-1.1690 0.042133
-1.1684 0.043736
-1.1678 0.045338
-1.1671 0.046937
-1.1665 0.048535
-1.1658 0.050131
-1.1651 0.051725
-1.1644 0.053317
-1.1637 0.054907
-1.1629 0.056495
-1.1621 0.058081
-1.1613 0.059665
-1.1605 0.061247
-1.1597 0.062826
-1.1588 0.064403
-1.1579 0.065978
-1.1570 0.067551
-1.1561 0.069120
-1.1551 0.070688
-1.1542 0.072253
-1.1532 0.073815
-1.1522 0.075374
-1.1511 0.076931
-1.1501 0.078486
-1.1490 0.080037
-1.1479 0.081586
-1.1468 0.083132
-1.1457 0.084675
-1.1446 0.086215
-1.1434 0.087752
-1.1422 0.089286
-1.1410 0.090817
-1.1398 0.092345
-1.1386 0.093870
-1.1373 0.095392
-1.1360 0.096911
-1.1347 0.098426
-1.1334 0.099938
-1.1321 0.10145
-1.1307 0.10295
-1.1294 0.10446
-1.1280 0.10595
-1.1266 0.10745
-1.1252 0.10894
-1.1237 0.11043
-1.1223 0.11192
-1.1208 0.11340
-1.1193 0.11488
-1.1178 0.11635
-1.1163 0.11782
-1.1147 0.11929
-1.1132 0.12075
-1.1116 0.12221
-1.1100 0.12367
-1.1084 0.12512
-1.1068 0.12657
-1.1052 0.12802
-1.1035 0.12946
-1.1018 0.13090
-1.1001 0.13233
-1.0984 0.13376
-1.0967 0.13519
-1.0950 0.13661
-1.0933 0.13803
-1.0915 0.13945
-1.0897 0.14086
-1.0879 0.14227
-1.0861 0.14367
-1.0843 0.14507
-1.0825 0.14647
-1.0806 0.14786
-1.0788 0.14925
-1.0769 0.15063
-1.0750 0.15201
-1.0731 0.15339
-1.0712 0.15476
-1.0693 0.15613
-1.0673 0.15750
-1.0654 0.15886
-1.0634 0.16021
-1.0614 0.16156
-1.0594 0.16291
-1.0574 0.16426
-1.0554 0.16560
-1.0533 0.16694
-1.0513 0.16827
-1.0492 0.16960
-1.0472 0.17092
-1.0451 0.17224
-1.0430 0.17356
-1.0409 0.17487
-1.0387 0.17618
-1.0366 0.17748
-1.0345 0.17878
-1.0323 0.18008
-1.0301 0.18137
-1.0280 0.18266
-1.0258 0.18395
-1.0236 0.18523
-1.0213 0.18650
-1.0191 0.18777
-1.0169 0.18904
-1.0146 0.19031
-1.0124 0.19157
-1.0101 0.19282
-1.0078 0.19407
-1.0055 0.19532
-1.0032 0.19657
-1.0009 0.19781
-0.99859 0.19904
-0.99626 0.20027
-0.99392 0.20150
-0.99156 0.20273
-0.98920 0.20395
-0.98683 0.20516
-0.98444 0.20637
-0.98205 0.20758
-0.97965 0.20878
-0.97723 0.20998
-0.97481 0.21118
-0.97238 0.21237
-0.96993 0.21356
-0.96748 0.21474
-0.96502 0.21592
-0.96255 0.21710
-0.96007 0.21827
-0.95758 0.21944
-0.95508 0.22060
-0.95257 0.22176
-0.95006 0.22292
-0.94753 0.22407
-0.94500 0.22522
-0.94246 0.22636
-0.93990 0.22750
-0.93734 0.22864
-0.93477 0.22977
-0.93220 0.23090
-0.92961 0.23202
-0.92701 0.23314
-0.92441 0.23426
-0.92180 0.23537
-0.91918 0.23648
-0.91655 0.23758
-0.91391 0.23869
-0.91127 0.23978
-0.90861 0.24088
-0.90595 0.24196
-0.90328 0.24305
-0.90061 0.24413
-0.89792 0.24521
-0.89523 0.24628
-0.89253 0.24735
-0.88982 0.24842
-0.88710 0.24948
-0.88438 0.25054
-0.88164 0.25159
-0.87890 0.25264
-0.87616 0.25369
-0.87340 0.25473
-0.87064 0.25577
-0.86787 0.25681
-0.86509 0.25784
-0.86231 0.25887
-0.85952 0.25989
-0.85672 0.26091
-0.85391 0.26193
-0.85110 0.26294
-0.84828 0.26395
-0.84545 0.26495
-0.84262 0.26595
-0.83977 0.26695
-0.83692 0.26794
-0.83407 0.26893
-0.83121 0.26992
-0.82834 0.27090
-0.82546 0.27188
-0.82257 0.27285
-0.81968 0.27382
-0.81679 0.27479
-0.81388 0.27575
-0.81097 0.27671
-0.80805 0.27767
-0.80513 0.27862
-0.80220 0.27957
-0.79926 0.28051
-0.79632 0.28145
-0.79337 0.28239
-0.79041 0.28332
-0.78745 0.28425
-0.78448 0.28518
-0.78150 0.28610
-0.77852 0.28702
-0.77553 0.28793
-0.77253 0.28884
-0.76953 0.28975
-0.76652 0.29065
-0.76351 0.29155
-0.76049 0.29244
-0.75746 0.29334
-0.75443 0.29422
-0.75139 0.29511
-0.74834 0.29599
-0.74529 0.29687
-0.74223 0.29774
-0.73917 0.29861
-0.73610 0.29948
-0.73302 0.30034
-0.72994 0.30120
-0.72685 0.30205
-0.72376 0.30290
-0.72066 0.30375
-0.71755 0.30459
-0.71444 0.30543
-0.71132 0.30627
-0.70820 0.30710
-0.70507 0.30793
-0.70193 0.30875
-0.69879 0.30957
-0.69564 0.31039
-0.69249 0.31120
-0.68933 0.31202
-0.68617 0.31282
-0.68300 0.31362
-0.67982 0.31442
-0.67664 0.31522
-0.67345 0.31601
-0.67026 0.31680
-0.66706 0.31758
-0.66386 0.31836
-0.66065 0.31914
-0.65744 0.31991
-0.65422 0.32068
-0.65099 0.32144
-0.64776 0.32220
-0.64452 0.32296
-0.64128 0.32372
-0.63803 0.32447
-0.63478 0.32521
-0.63152 0.32595
-0.62826 0.32669
-0.62499 0.32743
-0.62172 0.32816
-0.61844 0.32889
-0.61515 0.32961
-0.61186 0.33033
-0.60857 0.33105
-0.60527 0.33176
-0.60196 0.33247
-0.59865 0.33317
-0.59533 0.33388
-0.59201 0.33457
-0.58869 0.33527
-0.58535 0.33596
-0.58202 0.33664
-0.57868 0.33732
-0.57533 0.33800
-0.57198 0.33868
-0.56862 0.33935
-0.56526 0.34002
-0.56189 0.34068
-0.55852 0.34134
-0.55514 0.34199
-0.55176 0.34264
-0.54837 0.34329
-0.54498 0.34394
-0.54158 0.34457
-0.53818 0.34521
-0.53477 0.34584
-0.53136 0.34647
-0.52795 0.34710
-0.52453 0.34772
-0.52110 0.34833
-0.51767 0.34895
-0.51424 0.34956
-0.51080 0.35016
-0.50735 0.35076
-0.50390 0.35136
-0.50045 0.35195
-0.49699 0.35254
-0.49353 0.35313
-0.49006 0.35371
-0.48659 0.35429
-0.48311 0.35486
-0.47963 0.35543
-0.47614 0.35599
-0.47265 0.35656
-0.46916 0.35711
-0.46566 0.35767
-0.46215 0.35822
-0.45865 0.35876
-0.45513 0.35931
-0.45162 0.35984
-0.44810 0.36038
-0.44457 0.36091
-0.44104 0.36143
-0.43751 0.36195
-0.43397 0.36247
-0.43043 0.36299
-0.42688 0.36350
-0.42333 0.36400
-0.41977 0.36450
-0.41622 0.36500
-0.41265 0.36549
-0.40909 0.36598
-0.40551 0.36647
-0.40194 0.36695
-0.39836 0.36743
-0.39478 0.36790
-0.39119 0.36837
-0.38760 0.36883
-0.38400 0.36929
-0.38040 0.36975
-0.37680 0.37020
-0.37320 0.37065
-0.36959 0.37109
-0.36597 0.37153
-0.36235 0.37197
-0.35873 0.37240
-0.35511 0.37283
-0.35148 0.37325
-0.34785 0.37367
-0.34421 0.37408
-0.34057 0.37449
-0.33693 0.37490
-0.33328 0.37530
-0.32963 0.37570
-0.32598 0.37609
-0.32232 0.37648
-0.31866 0.37687
-0.31500 0.37725
-0.31133 0.37762
-0.30766 0.37800
-0.30399 0.37836
-0.30031 0.37873
-0.29663 0.37909
-0.29294 0.37944
-0.28926 0.37979
-0.28557 0.38014
-0.28188 0.38048
-0.27818 0.38082
-0.27448 0.38115
-0.27078 0.38148
-0.26708 0.38180
-0.26337 0.38212
-0.25966 0.38244
-0.25595 0.38275
-0.25223 0.38306
-0.24851 0.38336
-0.24479 0.38366
-0.24107 0.38396
-0.23734 0.38424
-0.23361 0.38453
-0.22988 0.38481
-0.22614 0.38509
-0.22241 0.38536
-0.21867 0.38563
-0.21493 0.38589
-0.21118 0.38615
-0.20744 0.38640
-0.20369 0.38665
-0.19994 0.38690
-0.19618 0.38714
-0.19243 0.38737
-0.18867 0.38761
-0.18491 0.38783
-0.18115 0.38806
-0.17738 0.38828
-0.17362 0.38849
-0.16985 0.38870
-0.16608 0.38890
-0.16231 0.38910
-0.15853 0.38930
-0.15476 0.38949
-0.15098 0.38968
-0.14720 0.38986
-0.14342 0.39004
-0.13964 0.39021
