x y
5.14 0.0
5.1400 0.0016484
5.1400 0.0032968
5.1401 0.0049451
5.1401 0.0065932
5.1402 0.0082410
5.1404 0.0098885
5.1405 0.011536
5.1407 0.013182
5.1409 0.014829
5.1411 0.016474
5.1413 0.018119
5.1416 0.019763
5.1419 0.021407
5.1422 0.023049
5.1425 0.024691
5.1429 0.026331
5.1432 0.027971
5.1436 0.029609
5.1441 0.031247
5.1445 0.032883
5.1450 0.034517
5.1455 0.036151
5.1460 0.037783
5.1466 0.039413
5.1471 0.041042
5.1477 0.042669
5.1483 0.044294
5.1489 0.045918
5.1496 0.047540
5.1503 0.049160
5.1510 0.050778
5.1517 0.052394
5.1525 0.054008
5.1532 0.055620
5.1540 0.057230
5.1548 0.058838
5.1557 0.060443
5.1565 0.062046
5.1574 0.063647
5.1583 0.065245
5.1592 0.066841
5.1602 0.068434
5.1611 0.070025
5.1621 0.071613
5.1631 0.073199
5.1642 0.074782
5.1652 0.076362
5.1663 0.077939
5.1674 0.079513
5.1685 0.081084
5.1696 0.082653
5.1708 0.084218
5.1720 0.085781
5.1732 0.087340
5.1744 0.088896
5.1756 0.090450
5.1769 0.092000
5.1781 0.093546
5.1794 0.095090
5.1807 0.096630
5.1821 0.098167
5.1834 0.099700
5.1848 0.10123
5.1862 0.10276
5.1876 0.10428
5.1890 0.10580
5.1905 0.10732
5.1919 0.10883
5.1934 0.11034
5.1949 0.11184
5.1964 0.11334
5.1979 0.11484
5.1995 0.11634
5.2011 0.11783
5.2027 0.11932
5.2043 0.12080
5.2059 0.12228
5.2075 0.12375
5.2092 0.12523
5.2108 0.12669
5.2125 0.12816
5.2142 0.12962
5.2160 0.13107
5.2177 0.13253
5.2195 0.13397
5.2212 0.13542
5.2230 0.13686
5.2248 0.13830
5.2266 0.13973
5.2285 0.14116
5.2303 0.14258
5.2322 0.14400
5.2340 0.14542
5.2359 0.14683
5.2378 0.14824
5.2398 0.14964
5.2417 0.15104
5.2437 0.15244
5.2456 0.15383
5.2476 0.15522
5.2496 0.15660
5.2516 0.15798
5.2536 0.15936
5.2557 0.16073
5.2577 0.16209
5.2598 0.16346
5.2619 0.16482
5.2640 0.16617
5.2661 0.16752
5.2682 0.16887
5.2703 0.17021
5.2725 0.17154
5.2746 0.17288
5.2768 0.17421
5.2790 0.17553
5.2812 0.17685
5.2834 0.17817
5.2856 0.17948
5.2879 0.18079
5.2901 0.18209
5.2924 0.18339
5.2946 0.18469
5.2969 0.18598
5.2992 0.18726
5.3015 0.18855
5.3038 0.18983
5.3062 0.19110
5.3085 0.19237
5.3109 0.19363
5.3132 0.19490
5.3156 0.19615
5.3180 0.19741
5.3204 0.19865
5.3228 0.19990
5.3252 0.20114
5.3277 0.20237
5.3301 0.20361
5.3325 0.20483
5.3350 0.20606
5.3375 0.20728
5.3400 0.20849
5.3425 0.20970
5.3450 0.21091
5.3475 0.21211
5.3500 0.21331
5.3525 0.21450
5.3551 0.21569
5.3576 0.21688
5.3602 0.21806
5.3628 0.21924
5.3654 0.22041
5.3680 0.22158
5.3706 0.22274
5.3732 0.22390
5.3758 0.22506
5.3784 0.22621
5.3811 0.22736
5.3837 0.22850
5.3864 0.22964
5.3891 0.23078
5.3917 0.23191
5.3944 0.23303
5.3971 0.23416
5.3998 0.23527
5.4025 0.23639
5.4053 0.23750
5.4080 0.23861
5.4107 0.23971
5.4135 0.24081
5.4162 0.24190
5.4190 0.24299
5.4218 0.24408
5.4246 0.24516
5.4274 0.24623
5.4302 0.24731
5.4330 0.24838
5.4358 0.24944
5.4386 0.25050
5.4414 0.25156
5.4443 0.25261
5.4471 0.25366
5.4500 0.25471
5.4528 0.25575
5.4557 0.25678
5.4586 0.25782
5.4615 0.25885
5.4644 0.25987
5.4673 0.26089
5.4702 0.26191
5.4731 0.26292
5.4761 0.26393
5.4790 0.26493
5.4819 0.26593
5.4849 0.26693
5.4879 0.26792
5.4908 0.26891
5.4938 0.26989
5.4968 0.27087
5.4998 0.27185
5.5028 0.27282
5.5058 0.27379
5.5088 0.27475
5.5118 0.27571
5.5148 0.27667
5.5179 0.27762
5.5209 0.27856
5.5239 0.27951
5.5270 0.28045
5.5300 0.28138
5.5331 0.28232
5.5362 0.28324
5.5393 0.28417
5.5424 0.28509
5.5455 0.28600
5.5486 0.28691
5.5517 0.28782
5.5548 0.28872
5.5579 0.28962
5.5610 0.29052
5.5642 0.29141
5.5673 0.29230
5.5704 0.29318
5.5736 0.29406
5.5768 0.29494
5.5799 0.29581
5.5831 0.29668
5.5863 0.29754
5.5895 0.29840
5.5927 0.29925
5.5959 0.30011
5.5991 0.30095
5.6023 0.30180
5.6055 0.30264
5.6087 0.30347
5.6120 0.30430
5.6152 0.30513
5.6184 0.30595
5.6217 0.30677
5.6249 0.30759
5.6282 0.30840
5.6315 0.30921
5.6348 0.31001
5.6380 0.31081
5.6413 0.31160
5.6446 0.31239
5.6479 0.31318
5.6512 0.31396
5.6545 0.31474
5.6579 0.31552
5.6612 0.31629
5.6645 0.31706
5.6678 0.31782
5.6712 0.31858
5.6745 0.31933
5.6779 0.32008
5.6813 0.32083
5.6846 0.32157
5.6880 0.32231
5.6914 0.32304
5.6947 0.32377
5.6981 0.32450
5.7015 0.32522
5.7049 0.32594
5.7083 0.32665
5.7117 0.32736
5.7152 0.32807
5.7186 0.32877
5.7220 0.32947
5.7254 0.33016
5.7289 0.33085
5.7323 0.33153
5.7358 0.33222
5.7392 0.33289
5.7427 0.33356
5.7462 0.33423
5.7496 0.33490
5.7531 0.33556
5.7566 0.33621
5.7601 0.33686
5.7636 0.33751
5.7671 0.33816
5.7706 0.33879
5.7741 0.33943
5.7776 0.34006
5.7811 0.34069
5.7846 0.34131
5.7882 0.34193
5.7917 0.34254
5.7952 0.34315
5.7988 0.34376
5.8023 0.34436
5.8059 0.34495
5.8095 0.34555
5.8130 0.34613
5.8166 0.34672
5.8202 0.34730
5.8237 0.34787
5.8273 0.34844
5.8309 0.34901
5.8345 0.34957
5.8381 0.35013
5.8417 0.35069
5.8453 0.35124
5.8489 0.35178
5.8525 0.35232
5.8562 0.35286
5.8598 0.35339
5.8634 0.35392
5.8671 0.35444
5.8707 0.35496
5.8744 0.35547
5.8780 0.35598
5.8817 0.35649
5.8853 0.35699
5.8890 0.35749
5.8926 0.35798
5.8963 0.35847
5.9000 0.35895
5.9037 0.35943
5.9073 0.35991
5.9110 0.36038
5.9147 0.36084
5.9184 0.36130
5.9221 0.36176
5.9258 0.36221
5.9295 0.36266
5.9333 0.36310
5.9370 0.36354
5.9407 0.36398
5.9444 0.36440
5.9482 0.36483
5.9519 0.36525
5.9556 0.36567
5.9594 0.36608
5.9631 0.36648
5.9669 0.36689
5.9706 0.36728
5.9744 0.36768
5.9781 0.36807
5.9819 0.36845
5.9856 0.36883
5.9894 0.36920
5.9932 0.36957
5.9970 0.36994
6.0007 0.37030
6.0045 0.37065
6.0083 0.37101
6.0121 0.37135
6.0159 0.37169
6.0197 0.37203
6.0235 0.37236
6.0273 0.37269
6.0311 0.37301
6.0349 0.37333
6.0387 0.37365
6.0425 0.37396
6.0463 0.37426
6.0502 0.37456
6.0540 0.37485
6.0578 0.37514
6.0616 0.37543
6.0655 0.37571
6.0693 0.37598
6.0732 0.37626
6.0770 0.37652
6.0808 0.37678
6.0847 0.37704
6.0885 0.37729
6.0924 0.37754
6.0962 0.37778
6.1001 0.37802
6.1039 0.37825
6.1078 0.37848
6.1117 0.37870
6.1155 0.37892
6.1194 0.37913
6.1233 0.37934
6.1271 0.37954
6.1310 0.37974
6.1349 0.37993
6.1387 0.38012
6.1426 0.38030
6.1465 0.38048
6.1504 0.38066
6.1543 0.38082
6.1581 0.38099
6.1620 0.38115
6.1659 0.38130
6.1698 0.38145
6.1737 0.38159
6.1776 0.38173
6.1815 0.38187
6.1854 0.38200
6.1893 0.38212
6.1932 0.38224
6.1971 0.38236
6.2010 0.38247
6.2049 0.38257
6.2088 0.38267
6.2127 0.38276
6.2166 0.38285
6.2205 0.38294
6.2244 0.38302
6.2283 0.38309
6.2322 0.38316
6.2361 0.38323
6.2400 0.38329
6.2439 0.38334
6.2478 0.38339
6.2517 0.38344
6.2556 0.38348
6.2595 0.38351
6.2634 0.38354
6.2673 0.38357
6.2712 0.38359
6.2751 0.38361
6.2791 0.38362
6.2830 0.38362
6.2869 0.38362
6.2908 0.38362
6.2947 0.38361
6.2986 0.38359
6.3025 0.38357
6.3064 0.38355
6.3103 0.38352
6.3142 0.38348
6.3181 0.38344
6.3220 0.38340
6.3259 0.38335
6.3298 0.38330
6.3338 0.38324
6.3377 0.38317
6.3416 0.38310
6.3455 0.38303
6.3494 0.38295
6.3533 0.38286
6.3572 0.38278
6.3611 0.38268
6.3650 0.38258
6.3689 0.38248
6.3728 0.38237
6.3767 0.38226
6.3806 0.38214
6.3845 0.38201
6.3884 0.38188
6.3922 0.38175
6.3961 0.38161
6.4000 0.38147
6.4039 0.38132
6.4078 0.38117
6.4117 0.38101
6.4156 0.38085
6.4194 0.38068
6.4233 0.38050
6.4272 0.38033
6.4311 0.38014
6.4349 0.37996
6.4388 0.37976
6.4427 0.37957
6.4465 0.37936
6.4504 0.37916
6.4543 0.37894
6.4581 0.37873
6.4620 0.37851
6.4659 0.37828
6.4697 0.37805
6.4736 0.37781
6.4774 0.37757
6.4813 0.37732
6.4851 0.37707
6.4889 0.37682
6.4928 0.37656
6.4966 0.37629
6.5005 0.37602
6.5043 0.37575
6.5081 0.37547
6.5119 0.37518
6.5158 0.37490
6.5196 0.37460
6.5234 0.37430
6.5272 0.37400
6.5310 0.37369
6.5348 0.37338
6.5387 0.37306
6.5424 0.37274
6.5462 0.37241
6.5500 0.37208
6.5538 0.37175
6.5576 0.37141
6.5614 0.37106
6.5652 0.37071
6.5690 0.37036
6.5728 0.37000
6.5765 0.36963
6.5803 0.36926
6.5841 0.36889
6.5878 0.36851
6.5916 0.36813
6.5953 0.36774
6.5991 0.36735
6.6028 0.36696
6.6066 0.36655
6.6103 0.36615
6.6141 0.36574
6.6178 0.36532
6.6215 0.36491
6.6253 0.36448
6.6290 0.36405
6.6327 0.36362
6.6364 0.36318
6.6401 0.36274
6.6438 0.36230
6.6475 0.36185
6.6512 0.36139
6.6549 0.36093
6.6586 0.36047
6.6623 0.36000
6.6660 0.35953
6.6696 0.35905
6.6733 0.35857
6.6770 0.35808
6.6806 0.35759
6.6843 0.35709
6.6880 0.35660
6.6916 0.35609
6.6953 0.35558
6.6989 0.35507
6.7025 0.35455
6.7062 0.35403
6.7098 0.35351
6.7134 0.35298
6.7170 0.35244
6.7206 0.35190
6.7243 0.35136
6.7279 0.35081
6.7315 0.35026
6.7351 0.34970
6.7386 0.34914
6.7422 0.34858
6.7458 0.34801
6.7494 0.34744
6.7530 0.34686
6.7565 0.34628
6.7601 0.34569
6.7636 0.34510
6.7672 0.34451
6.7707 0.34391
6.7743 0.34331
6.7778 0.34270
6.7813 0.34209
6.7849 0.34147
6.7884 0.34085
6.7919 0.34023
6.7954 0.33960
6.7989 0.33897
6.8024 0.33833
6.8059 0.33769
6.8094 0.33705
6.8129 0.33640
6.8164 0.33574
6.8198 0.33509
6.8233 0.33443
6.8268 0.33376
6.8302 0.33309
6.8337 0.33242
6.8371 0.33174
6.8406 0.33106
6.8440 0.33037
6.8474 0.32968
6.8508 0.32899
6.8543 0.32829
6.8577 0.32759
6.8611 0.32688
6.8645 0.32617
6.8679 0.32546
6.8713 0.32474
6.8746 0.32401
6.8780 0.32329
6.8814 0.32256
6.8848 0.32182
6.8881 0.32108
6.8915 0.32034
6.8948 0.31959
6.8982 0.31884
6.9015 0.31809
6.9049 0.31733
6.9082 0.31656
6.9115 0.31580
6.9148 0.31503
6.9181 0.31425
6.9214 0.31347
6.9247 0.31269
6.9280 0.31190
6.9313 0.31111
6.9346 0.31031
6.9379 0.30951
6.9411 0.30871
6.9444 0.30790
6.9476 0.30709
6.9509 0.30628
6.9541 0.30546
6.9574 0.30464
6.9606 0.30381
6.9638 0.30298
6.9670 0.30214
6.9702 0.30130
6.9734 0.30046
6.9766 0.29961
6.9798 0.29876
6.9830 0.29791
6.9862 0.29705
6.9894 0.29619
6.9925 0.29532
6.9957 0.29445
6.9988 0.29357
7.0020 0.29269
7.0051 0.29181
7.0082 0.29093
7.0114 0.29003
7.0145 0.28914
7.0176 0.28824
7.0207 0.28734
7.0238 0.28643
7.0269 0.28552
7.0300 0.28461
7.0331 0.28369
7.0361 0.28277
7.0392 0.28184
7.0423 0.28091
7.0453 0.27998
7.0484 0.27904
7.0514 0.27810
7.0544 0.27715
7.0574 0.27620
7.0605 0.27524
7.0635 0.27429
7.0665 0.27332
7.0695 0.27236
7.0724 0.27139
7.0754 0.27041
7.0784 0.26944
7.0814 0.26845
7.0843 0.26747
7.0873 0.26648
7.0902 0.26548
7.0932 0.26449
7.0961 0.26348
7.0990 0.26248
7.1019 0.26147
7.1048 0.26045
7.1077 0.25944
7.1106 0.25841
7.1135 0.25739
7.1164 0.25636
7.1192 0.25532
7.1221 0.25429
7.1250 0.25324
7.1278 0.25220
7.1306 0.25115
7.1335 0.25009
7.1363 0.24903
7.1391 0.24797
7.1419 0.24690
7.1447 0.24583
7.1475 0.24476
7.1502 0.24368
7.1530 0.24260
7.1558 0.24151
7.1585 0.24042
7.1613 0.23933
7.1640 0.23823
7.1667 0.23712
7.1694 0.23602
7.1721 0.23491
7.1748 0.23379
7.1775 0.23267
7.1802 0.23155
7.1829 0.23042
7.1855 0.22929
7.1882 0.22815
7.1908 0.22701
7.1935 0.22587
7.1961 0.22472
7.1987 0.22357
7.2013 0.22241
7.2039 0.22125
7.2065 0.22009
7.2091 0.21892
7.2117 0.21775
7.2142 0.21657
7.2168 0.21539
7.2193 0.21420
7.2219 0.21301
7.2244 0.21182
7.2269 0.21062
7.2294 0.20942
7.2319 0.20821
7.2344 0.20700
7.2368 0.20579
7.2393 0.20457
7.2417 0.20335
7.2442 0.20212
7.2466 0.20089
7.2490 0.19965
7.2514 0.19842
7.2538 0.19717
7.2562 0.19592
7.2586 0.19467
7.2609 0.19342
7.2633 0.19216
7.2656 0.19089
7.2680 0.18962
7.2703 0.18835
7.2726 0.18707
7.2749 0.18579
7.2772 0.18450
7.2794 0.18322
7.2817 0.18192
7.2840 0.18062
7.2862 0.17932
7.2884 0.17801
7.2906 0.17670
7.2928 0.17539
7.2950 0.17407
7.2972 0.17275
7.2993 0.17142
7.3015 0.17009
7.3036 0.16875
7.3057 0.16741
7.3078 0.16607
7.3099 0.16472
7.3120 0.16337
7.3141 0.16201
7.3161 0.16065
7.3182 0.15929
7.3202 0.15792
7.3222 0.15655
7.3242 0.15517
7.3262 0.15379
7.3282 0.15240
7.3302 0.15101
7.3321 0.14962
7.3340 0.14822
7.3359 0.14682
7.3378 0.14542
7.3397 0.14401
7.3416 0.14259
7.3435 0.14118
7.3453 0.13976
7.3471 0.13833
7.3489 0.13690
7.3507 0.13547
7.3525 0.13403
7.3543 0.13259
7.3560 0.13114
7.3577 0.12969
7.3595 0.12824
7.3612 0.12678
7.3628 0.12532
7.3645 0.12386
7.3661 0.12239
7.3678 0.12092
7.3694 0.11944
7.3710 0.11796
7.3726 0.11648
7.3741 0.11499
7.3757 0.11350
7.3772 0.11201
7.3787 0.11051
7.3802 0.10901
7.3817 0.10750
7.3831 0.10600
7.3846 0.10448
7.3860 0.10297
7.3874 0.10145
7.3888 0.099927
7.3902 0.098402
7.3915 0.096873
7.3928 0.095340
7.3941 0.093804
7.3954 0.092265
7.3967 0.090723
7.3979 0.089178
7.3992 0.087629
7.4004 0.086078
7.4016 0.084523
7.4027 0.082965
7.4039 0.081404
7.4050 0.079841
7.4061 0.078274
7.4072 0.076705
7.4083 0.075133
7.4093 0.073558
7.4104 0.071980
7.4114 0.070399
7.4124 0.068816
7.4133 0.067231
7.4143 0.065642
7.4152 0.064052
7.4161 0.062458
7.4170 0.060863
7.4178 0.059265
7.4187 0.057665
7.4195 0.056062
7.4203 0.054458
7.4211 0.052851
7.4218 0.051242
7.4225 0.049631
7.4232 0.048019
7.4239 0.046404
7.4246 0.044787
7.4252 0.043169
7.4258 0.041549
7.4264 0.039927
7.4270 0.038304
7.4276 0.036679
7.4281 0.035052
7.4286 0.033425
7.4291 0.031795
7.4295 0.030165
7.4300 0.028533
7.4304 0.026900
7.4308 0.025266
7.4311 0.023631
7.4315 0.021995
7.4318 0.020358
7.4321 0.018720
7.4323 0.017081
7.4326 0.015442
7.4328 0.013802
7.4330 0.012161
7.4332 0.010520
7.4333 0.0088784
7.4335 0.0072364
7.4336 0.0055941
7.4336 0.0039515
7.4337 0.0023087
7.4337 0.00066583
7.4337 -0.00097712
7.4337 -0.0026201
7.4337 -0.0042629
7.4336 -0.0059056
7.4335 -0.0075481
7.4334 -0.0091903
7.4333 -0.010832
7.4332 -0.012474
7.4330 -0.014114
7.4328 -0.015755
7.4325 -0.017395
7.4323 -0.019034
7.4320 -0.020672
7.4317 -0.022310
7.4314 -0.023946
7.4310 -0.025582
7.4307 -0.027216
7.4303 -0.028850
7.4299 -0.030482
7.4294 -0.032114
7.4290 -0.033744
7.4285 -0.035372
7.4280 -0.036999
7.4275 -0.038625
7.4269 -0.040249
7.4264 -0.041872
7.4258 -0.043493
7.4251 -0.045112
7.4245 -0.046730
7.4238 -0.048345
7.4231 -0.049959
7.4224 -0.051571
7.4217 -0.053181
7.4210 -0.054789
7.4202 -0.056395
7.4194 -0.057998
7.4186 -0.059599
7.4177 -0.061199
7.4169 -0.062795
7.4160 -0.064390
7.4151 -0.065982
7.4141 -0.067571
7.4132 -0.069158
7.4122 -0.070743
7.4112 -0.072324
7.4102 -0.073904
7.4092 -0.075480
7.4081 -0.077054
7.4071 -0.078624
7.4060 -0.080192
7.4049 -0.081758
7.4037 -0.083320
7.4026 -0.084879
7.4014 -0.086435
7.4002 -0.087988
7.3990 -0.089538
7.3977 -0.091085
7.3965 -0.092629
7.3952 -0.094170
7.3939 -0.095707
7.3926 -0.097241
7.3913 -0.098772
7.3899 -0.10030
7.3886 -0.10182
7.3872 -0.10334
7.3858 -0.10486
7.3844 -0.10637
7.3829 -0.10788
7.3815 -0.10939
7.3800 -0.11089
7.3785 -0.11239
7.3770 -0.11389
7.3754 -0.11538
7.3739 -0.11687
7.3723 -0.11836
7.3707 -0.11984
7.3691 -0.12131
7.3675 -0.12279
7.3659 -0.12426
7.3642 -0.12572
7.3626 -0.12719
7.3609 -0.12865
7.3592 -0.13010
7.3575 -0.13155
7.3557 -0.13300
7.3540 -0.13444
7.3522 -0.13588
7.3505 -0.13731
7.3487 -0.13875
7.3469 -0.14017
7.3450 -0.14160
7.3432 -0.14302
7.3413 -0.14443
7.3395 -0.14584
7.3376 -0.14725
7.3357 -0.14865
7.3338 -0.15005
7.3318 -0.15145
7.3299 -0.15284
7.3279 -0.15422
7.3260 -0.15561
7.3240 -0.15699
7.3220 -0.15836
7.3200 -0.15973
7.3179 -0.16110
7.3159 -0.16246
7.3138 -0.16382
7.3118 -0.16517
7.3097 -0.16652
7.3076 -0.16787
7.3055 -0.16921
7.3034 -0.17054
7.3012 -0.17188
7.2991 -0.17321
7.2969 -0.17453
7.2947 -0.17585
7.2926 -0.17717
7.2904 -0.17848
7.2882 -0.17979
7.2859 -0.18109
7.2837 -0.18239
7.2815 -0.18369
7.2792 -0.18498
7.2769 -0.18626
7.2747 -0.18755
7.2724 -0.18883
7.2701 -0.19010
7.2677 -0.19137
7.2654 -0.19264
7.2631 -0.19390
7.2607 -0.19516
7.2584 -0.19641
7.2560 -0.19766
7.2536 -0.19891
7.2512 -0.20015
7.2488 -0.20138
7.2464 -0.20262
7.2440 -0.20384
7.2415 -0.20507
7.2391 -0.20629
7.2366 -0.20750
7.2342 -0.20872
7.2317 -0.20992
7.2292 -0.21113
7.2267 -0.21233
7.2242 -0.21352
7.2217 -0.21471
7.2192 -0.21590
7.2166 -0.21708
7.2141 -0.21826
7.2115 -0.21944
7.2090 -0.22061
7.2064 -0.22177
7.2038 -0.22293
7.2012 -0.22409
7.1986 -0.22525
7.1960 -0.22639
7.1934 -0.22754
7.1907 -0.22868
7.1881 -0.22982
7.1854 -0.23095
7.1828 -0.23208
7.1801 -0.23321
7.1774 -0.23433
7.1748 -0.23544
7.1721 -0.23656
7.1694 -0.23767
7.1666 -0.23877
7.1639 -0.23987
7.1612 -0.24097
7.1585 -0.24206
7.1557 -0.24315
7.1530 -0.24423
7.1502 -0.24531
7.1474 -0.24639
7.1447 -0.24746
7.1419 -0.24853
7.1391 -0.24959
7.1363 -0.25065
7.1335 -0.25171
7.1307 -0.25276
7.1278 -0.25381
7.1250 -0.25485
7.1221 -0.25589
7.1193 -0.25693
7.1164 -0.25796
7.1136 -0.25899
7.1107 -0.26001
7.1078 -0.26103
7.1049 -0.26205
7.1020 -0.26306
7.0991 -0.26407
7.0962 -0.26507
7.0933 -0.26607
7.0903 -0.26707
7.0874 -0.26806
7.0844 -0.26905
7.0815 -0.27003
7.0786 -0.27101
7.0756 -0.27199
7.0726 -0.27296
7.0696 -0.27393
7.0667 -0.27489
7.0637 -0.27585
7.0607 -0.27681
7.0577 -0.27776
7.0547 -0.27871
7.0516 -0.27965
7.0486 -0.28059
7.0456 -0.28153
7.0425 -0.28246
7.0395 -0.28339
7.0364 -0.28431
7.0334 -0.28523
7.0303 -0.28615
7.0272 -0.28706
7.0241 -0.28797
7.0211 -0.28888
7.0180 -0.28978
7.0149 -0.29067
7.0117 -0.29157
7.0086 -0.29246
7.0055 -0.29334
7.0024 -0.29422
6.9993 -0.29510
6.9961 -0.29597
6.9930 -0.29684
6.9898 -0.29771
6.9867 -0.29857
6.9835 -0.29943
6.9803 -0.30028
6.9771 -0.30113
6.9740 -0.30198
6.9708 -0.30282
6.9676 -0.30365
6.9644 -0.30449
6.9612 -0.30532
6.9579 -0.30614
6.9547 -0.30697
6.9515 -0.30778
6.9482 -0.30860
6.9450 -0.30941
6.9418 -0.31021
6.9385 -0.31102
6.9352 -0.31181
6.9320 -0.31261
6.9287 -0.31340
6.9254 -0.31419
6.9222 -0.31497
6.9189 -0.31575
6.9156 -0.31652
6.9123 -0.31729
6.9090 -0.31806
6.9057 -0.31882
6.9023 -0.31958
6.8990 -0.32033
6.8957 -0.32108
6.8923 -0.32183
6.8890 -0.32257
6.8857 -0.32331
6.8823 -0.32405
6.8790 -0.32478
6.8756 -0.32550
6.8722 -0.32622
6.8688 -0.32694
6.8655 -0.32766
6.8621 -0.32837
6.8587 -0.32907
6.8553 -0.32978
6.8519 -0.33047
6.8485 -0.33117
6.8451 -0.33186
6.8416 -0.33254
6.8382 -0.33323
6.8348 -0.33390
6.8314 -0.33458
6.8279 -0.33525
6.8245 -0.33591
6.8210 -0.33658
6.8176 -0.33723
6.8141 -0.33789
6.8106 -0.33854
6.8072 -0.33918
6.8037 -0.33982
6.8002 -0.34046
6.7967 -0.34109
6.7932 -0.34172
6.7897 -0.34234
6.7862 -0.34297
6.7827 -0.34358
6.7792 -0.34419
6.7757 -0.34480
6.7722 -0.34541
6.7686 -0.34600
6.7651 -0.34660
6.7616 -0.34719
6.7580 -0.34778
6.7545 -0.34836
6.7509 -0.34894
6.7474 -0.34951
6.7438 -0.35008
6.7402 -0.35065
6.7367 -0.35121
6.7331 -0.35177
6.7295 -0.35232
6.7259 -0.35287
6.7224 -0.35342
6.7188 -0.35396
6.7152 -0.35449
6.7116 -0.35503
6.7079 -0.35555
6.7043 -0.35608
6.7007 -0.35660
6.6971 -0.35711
6.6935 -0.35762
6.6898 -0.35813
6.6862 -0.35863
6.6826 -0.35913
6.6789 -0.35962
6.6753 -0.36011
6.6716 -0.36059
6.6680 -0.36107
6.6643 -0.36155
6.6607 -0.36202
6.6570 -0.36249
6.6533 -0.36295
6.6496 -0.36341
6.6460 -0.36386
6.6423 -0.36431
6.6386 -0.36475
6.6349 -0.36519
6.6312 -0.36563
6.6275 -0.36606
6.6238 -0.36649
6.6201 -0.36691
6.6164 -0.36733
6.6127 -0.36774
6.6090 -0.36815
6.6052 -0.36856
6.6015 -0.36896
6.5978 -0.36935
6.5940 -0.36974
6.5903 -0.37013
6.5866 -0.37051
6.5828 -0.37089
6.5791 -0.37126
6.5753 -0.37163
6.5716 -0.37199
6.5678 -0.37235
6.5640 -0.37271
6.5603 -0.37306
6.5565 -0.37340
6.5527 -0.37374
6.5490 -0.37408
6.5452 -0.37441
6.5414 -0.37474
6.5376 -0.37506
6.5339 -0.37538
6.5301 -0.37569
6.5263 -0.37600
6.5225 -0.37630
6.5187 -0.37660
6.5149 -0.37689
6.5111 -0.37718
6.5073 -0.37747
6.5035 -0.37775
6.4996 -0.37803
6.4958 -0.37830
6.4920 -0.37856
6.4882 -0.37882
6.4844 -0.37908
6.4805 -0.37933
6.4767 -0.37958
6.4729 -0.37982
6.4691 -0.38006
6.4652 -0.38029
6.4614 -0.38052
6.4576 -0.38075
6.4537 -0.38096
6.4499 -0.38118
6.4460 -0.38139
6.4422 -0.38159
6.4383 -0.38179
6.4345 -0.38199
6.4306 -0.38218
6.4268 -0.38236
6.4229 -0.38254
6.4191 -0.38272
6.4152 -0.38289
6.4113 -0.38305
6.4075 -0.38321
6.4036 -0.38337
6.3997 -0.38352
6.3959 -0.38367
6.3920 -0.38381
6.3881 -0.38395
6.3843 -0.38408
6.3804 -0.38421
6.3765 -0.38433
6.3727 -0.38445
6.3688 -0.38456
6.3649 -0.38467
6.3610 -0.38477
6.3571 -0.38487
6.3533 -0.38496
6.3494 -0.38505
6.3455 -0.38513
6.3416 -0.38521
6.3377 -0.38528
6.3338 -0.38535
6.3300 -0.38542
6.3261 -0.38548
6.3222 -0.38553
6.3183 -0.38558
6.3144 -0.38562
6.3105 -0.38566
6.3067 -0.38570
6.3028 -0.38573
6.2989 -0.38575
6.2950 -0.38577
6.2911 -0.38579
6.2872 -0.38580
6.2833 -0.38580
6.2794 -0.38580
6.2755 -0.38580
6.2716 -0.38579
6.2678 -0.38577
6.2639 -0.38575
6.2600 -0.38573
6.2561 -0.38570
6.2522 -0.38567
6.2483 -0.38563
6.2444 -0.38558
6.2406 -0.38553
6.2367 -0.38548
6.2328 -0.38542
6.2289 -0.38536
6.2250 -0.38529
6.2211 -0.38522
6.2173 -0.38514
6.2134 -0.38506
6.2095 -0.38497
6.2056 -0.38488
6.2017 -0.38478
6.1979 -0.38468
6.1940 -0.38457
6.1901 -0.38446
6.1862 -0.38434
6.1824 -0.38422
6.1785 -0.38409
6.1746 -0.38396
6.1708 -0.38382
6.1669 -0.38368
6.1630 -0.38353
6.1592 -0.38338
6.1553 -0.38323
6.1514 -0.38307
6.1476 -0.38290
6.1437 -0.38273
6.1399 -0.38256
6.1360 -0.38238
6.1322 -0.38219
6.1283 -0.38200
6.1245 -0.38181
6.1206 -0.38161
6.1168 -0.38141
6.1129 -0.38120
6.1091 -0.38098
6.1052 -0.38077
6.1014 -0.38054
6.0976 -0.38032
6.0938 -0.38008
6.0899 -0.37985
6.0861 -0.37961
6.0823 -0.37936
6.0784 -0.37911
6.0746 -0.37885
6.0708 -0.37859
6.0670 -0.37833
6.0632 -0.37806
6.0594 -0.37778
6.0556 -0.37750
6.0518 -0.37722
6.0480 -0.37693
6.0442 -0.37663
6.0404 -0.37634
6.0366 -0.37603
6.0328 -0.37573
6.0290 -0.37541
6.0252 -0.37510
6.0214 -0.37478
6.0177 -0.37445
6.0139 -0.37412
6.0101 -0.37378
6.0063 -0.37344
6.0026 -0.37310
5.9988 -0.37275
5.9951 -0.37240
5.9913 -0.37204
5.9875 -0.37168
5.9838 -0.37131
5.9801 -0.37094
5.9763 -0.37056
5.9726 -0.37018
5.9688 -0.36979
5.9651 -0.36940
5.9614 -0.36901
5.9577 -0.36861
5.9539 -0.36821
5.9502 -0.36780
5.9465 -0.36739
5.9428 -0.36697
5.9391 -0.36655
5.9354 -0.36612
5.9317 -0.36569
5.9280 -0.36526
5.9243 -0.36482
5.9206 -0.36438
5.9170 -0.36393
5.9133 -0.36348
5.9096 -0.36302
5.9059 -0.36256
5.9023 -0.36209
5.8986 -0.36162
5.8950 -0.36115
5.8913 -0.36067
5.8877 -0.36019
5.8840 -0.35970
5.8804 -0.35921
5.8767 -0.35871
5.8731 -0.35821
5.8695 -0.35771
5.8659 -0.35720
5.8623 -0.35669
5.8586 -0.35617
5.8550 -0.35565
5.8514 -0.35512
5.8478 -0.35459
5.8442 -0.35406
5.8406 -0.35352
5.8371 -0.35298
5.8335 -0.35243
5.8299 -0.35188
5.8263 -0.35132
5.8228 -0.35076
5.8192 -0.35020
5.8156 -0.34963
5.8121 -0.34906
5.8085 -0.34848
5.8050 -0.34790
5.8015 -0.34732
5.7979 -0.34673
5.7944 -0.34613
5.7909 -0.34554
5.7874 -0.34493
5.7839 -0.34433
5.7803 -0.34372
5.7768 -0.34310
5.7733 -0.34249
5.7698 -0.34186
5.7664 -0.34124
5.7629 -0.34061
5.7594 -0.33997
5.7559 -0.33933
5.7525 -0.33869
5.7490 -0.33805
5.7455 -0.33739
5.7421 -0.33674
5.7386 -0.33608
5.7352 -0.33542
5.7318 -0.33475
5.7283 -0.33408
5.7249 -0.33340
5.7215 -0.33273
5.7181 -0.33204
5.7147 -0.33136
5.7113 -0.33066
5.7079 -0.32997
5.7045 -0.32927
5.7011 -0.32857
5.6977 -0.32786
5.6943 -0.32715
5.6909 -0.32643
5.6876 -0.32571
5.6842 -0.32499
5.6809 -0.32426
5.6775 -0.32353
5.6742 -0.32279
5.6708 -0.32206
5.6675 -0.32131
5.6642 -0.32057
5.6609 -0.31981
5.6576 -0.31906
5.6542 -0.31830
5.6509 -0.31754
5.6476 -0.31677
5.6444 -0.31600
5.6411 -0.31522
5.6378 -0.31445
5.6345 -0.31366
5.6312 -0.31288
5.6280 -0.31209
5.6247 -0.31129
5.6215 -0.31049
5.6182 -0.30969
5.6150 -0.30888
5.6118 -0.30807
5.6085 -0.30726
5.6053 -0.30644
5.6021 -0.30562
5.5989 -0.30479
5.5957 -0.30397
5.5925 -0.30313
5.5893 -0.30229
5.5861 -0.30145
5.5830 -0.30061
5.5798 -0.29976
5.5766 -0.29890
5.5735 -0.29805
5.5703 -0.29719
5.5672 -0.29632
5.5640 -0.29545
5.5609 -0.29458
5.5578 -0.29370
5.5547 -0.29282
5.5516 -0.29194
5.5484 -0.29105
5.5453 -0.29016
5.5423 -0.28926
5.5392 -0.28836
5.5361 -0.28746
5.5330 -0.28655
5.5300 -0.28564
5.5269 -0.28472
5.5238 -0.28380
5.5208 -0.28288
5.5178 -0.28195
5.5147 -0.28102
5.5117 -0.28009
5.5087 -0.27915
5.5057 -0.27820
5.5027 -0.27726
5.4997 -0.27631
5.4967 -0.27535
5.4937 -0.27439
5.4907 -0.27343
5.4878 -0.27246
5.4848 -0.27149
5.4818 -0.27052
5.4789 -0.26954
5.4760 -0.26856
5.4730 -0.26757
5.4701 -0.26658
5.4672 -0.26559
5.4643 -0.26459
5.4614 -0.26359
5.4585 -0.26258
5.4556 -0.26157
5.4527 -0.26056
5.4498 -0.25954
5.4469 -0.25852
5.4441 -0.25749
5.4412 -0.25647
5.4384 -0.25543
5.4355 -0.25439
5.4327 -0.25335
5.4299 -0.25231
5.4271 -0.25126
5.4243 -0.25021
5.4215 -0.24915
5.4187 -0.24809
5.4159 -0.24702
5.4132 -0.24595
5.4104 -0.24488
5.4076 -0.24380
5.4049 -0.24272
5.4022 -0.24163
5.3994 -0.24054
5.3967 -0.23945
5.3940 -0.23835
5.3913 -0.23725
5.3886 -0.23615
5.3859 -0.23504
5.3832 -0.23392
5.3806 -0.23281
5.3779 -0.23168
5.3752 -0.23056
5.3726 -0.22943
5.3700 -0.22830
5.3673 -0.22716
5.3647 -0.22602
5.3621 -0.22487
5.3595 -0.22372
5.3569 -0.22257
5.3544 -0.22141
5.3518 -0.22024
5.3492 -0.21908
5.3467 -0.21791
5.3441 -0.21673
5.3416 -0.21555
5.3391 -0.21437
5.3366 -0.21319
5.3341 -0.21199
5.3316 -0.21080
5.3291 -0.20960
5.3266 -0.20840
5.3242 -0.20719
5.3217 -0.20598
5.3193 -0.20476
5.3168 -0.20354
5.3144 -0.20232
5.3120 -0.20109
5.3096 -0.19986
5.3072 -0.19862
5.3048 -0.19738
5.3025 -0.19614
5.3001 -0.19489
5.2977 -0.19364
5.2954 -0.19238
5.2931 -0.19112
5.2908 -0.18985
5.2885 -0.18858
5.2862 -0.18731
5.2839 -0.18603
5.2816 -0.18475
5.2794 -0.18346
5.2771 -0.18217
5.2749 -0.18088
5.2727 -0.17958
5.2705 -0.17828
5.2683 -0.17697
5.2661 -0.17566
5.2639 -0.17435
5.2617 -0.17303
5.2596 -0.17171
5.2575 -0.17038
5.2553 -0.16905
5.2532 -0.16771
5.2511 -0.16637
5.2491 -0.16503
5.2470 -0.16368
5.2449 -0.16233
5.2429 -0.16097
5.2409 -0.15961
5.2388 -0.15825
5.2368 -0.15688
5.2348 -0.15551
5.2329 -0.15413
5.2309 -0.15275
5.2290 -0.15137
5.2270 -0.14998
5.2251 -0.14858
5.2232 -0.14719
5.2213 -0.14579
5.2194 -0.14438
5.2176 -0.14297
5.2157 -0.14156
5.2139 -0.14015
5.2121 -0.13873
5.2103 -0.13730
5.2085 -0.13587
5.2067 -0.13444
5.2050 -0.13300
5.2032 -0.13157
5.2015 -0.13012
5.1998 -0.12867
5.1981 -0.12722
5.1964 -0.12577
5.1948 -0.12431
5.1931 -0.12284
5.1915 -0.12138
5.1899 -0.11991
5.1883 -0.11843
5.1867 -0.11696
5.1852 -0.11548
5.1836 -0.11399
5.1821 -0.11250
5.1806 -0.11101
5.1791 -0.10951
5.1776 -0.10801
5.1762 -0.10651
5.1748 -0.10501
5.1733 -0.10350
5.1719 -0.10198
5.1706 -0.10047
5.1692 -0.098946
5.1679 -0.097423
5.1665 -0.095896
5.1652 -0.094366
5.1639 -0.092833
5.1627 -0.091297
5.1614 -0.089757
5.1602 -0.088215
5.1590 -0.086669
5.1578 -0.085121
5.1566 -0.083569
5.1555 -0.082014
5.1543 -0.080456
5.1532 -0.078896
5.1521 -0.077332
5.1511 -0.075766
5.1500 -0.074197
5.1490 -0.072626
5.1480 -0.071051
5.1470 -0.069474
5.1460 -0.067895
5.1451 -0.066313
5.1441 -0.064728
5.1432 -0.063141
5.1423 -0.061551
5.1415 -0.059960
5.1406 -0.058365
5.1398 -0.056769
5.1390 -0.055171
5.1383 -0.053570
5.1375 -0.051967
5.1368 -0.050362
5.1361 -0.048756
5.1354 -0.047147
5.1347 -0.045536
5.1341 -0.043924
5.1334 -0.042310
5.1328 -0.040694
5.1323 -0.039077
5.1317 -0.037458
5.1312 -0.035837
5.1307 -0.034216
5.1302 -0.032592
5.1297 -0.030968
5.1293 -0.029342
5.1288 -0.027715
5.1284 -0.026086
5.1281 -0.024457
5.1277 -0.022827
5.1274 -0.021196
5.1271 -0.019563
5.1268 -0.017930
5.1265 -0.016297
5.1263 -0.014662
5.1261 -0.013027
5.1259 -0.011392
5.1258 -0.0097557
5.1256 -0.0081193
5.1255 -0.0064824
5.1254 -0.0048453
5.1254 -0.0032079
5.1253 -0.0015704
5.1253 0.000067163
5.1253 0.0017048
5.1253 0.0033424
5.1254 0.0049798
5.1254 0.0066171
5.1255 0.0082541
5.1256 0.0098908
5.1258 0.011527
5.1259 0.013163
5.1261 0.014798
5.1263 0.016433
5.1266 0.018067
5.1268 0.019701
5.1271 0.021334
5.1274 0.022965
5.1278 0.024596
5.1281 0.026226
5.1285 0.027855
5.1289 0.029483
5.1293 0.031110
5.1297 0.032735
5.1302 0.034359
5.1307 0.035982
5.1312 0.037604
5.1317 0.039224
5.1323 0.040842
5.1329 0.042459
5.1335 0.044074
5.1341 0.045688
5.1348 0.047299
5.1354 0.048909
5.1361 0.050517
5.1368 0.052123
5.1376 0.053727
5.1383 0.055329
5.1391 0.056929
5.1399 0.058527
5.1407 0.060123
5.1415 0.061716
5.1424 0.063307
5.1433 0.064895
5.1442 0.066482
5.1451 0.068065
5.1461 0.069646
5.1470 0.071225
5.1480 0.072801
5.1490 0.074375
5.1501 0.075945
5.1511 0.077513
5.1522 0.079078
5.1533 0.080641
5.1544 0.082200
5.1555 0.083757
5.1567 0.085310
5.1579 0.086861
5.1591 0.088408
5.1603 0.089953
5.1615 0.091494
5.1628 0.093032
5.1640 0.094567
5.1653 0.096099
5.1666 0.097628
5.1679 0.099153
5.1693 0.10067
5.1706 0.10219
5.1720 0.10371
5.1734 0.10522
5.1748 0.10673
5.1763 0.10823
5.1777 0.10973
5.1792 0.11123
5.1807 0.11273
5.1822 0.11422
5.1837 0.11570
5.1853 0.11719
5.1868 0.11867
5.1884 0.12014
5.1900 0.12162
5.1916 0.12309
5.1932 0.12455
5.1949 0.12601
5.1965 0.12747
5.1982 0.12892
5.1999 0.13037
5.2016 0.13182
5.2033 0.13326
5.2051 0.13470
5.2068 0.13613
5.2086 0.13756
5.2104 0.13899
5.2122 0.14041
5.2140 0.14183
5.2158 0.14324
5.2177 0.14466
5.2195 0.14606
5.2214 0.14746
5.2233 0.14886
5.2252 0.15026
5.2271 0.15165
5.2290 0.15304
5.2310 0.15442
5.2330 0.15580
5.2349 0.15717
5.2369 0.15854
5.2389 0.15991
5.2409 0.16127
5.2430 0.16263
5.2450 0.16398
5.2471 0.16533
5.2491 0.16668
5.2512 0.16802
5.2533 0.16936
5.2554 0.17069
5.2575 0.17202
5.2597 0.17335
5.2618 0.17467
5.2640 0.17598
5.2661 0.17730
5.2683 0.17860
5.2705 0.17991
5.2727 0.18121
5.2749 0.18251
5.2772 0.18380
5.2794 0.18509
5.2817 0.18637
5.2839 0.18765
5.2862 0.18892
5.2885 0.19020
5.2908 0.19146
5.2931 0.19273
5.2954 0.19399
5.2978 0.19524
5.3001 0.19649
5.3025 0.19774
5.3048 0.19898
5.3072 0.20022
5.3096 0.20145
5.3120 0.20268
5.3144 0.20391
5.3168 0.20513
5.3192 0.20635
5.3217 0.20756
5.3241 0.20877
5.3266 0.20998
5.3291 0.21118
5.3315 0.21237
5.3340 0.21357
5.3365 0.21476
5.3390 0.21594
5.3415 0.21712
5.3441 0.21830
5.3466 0.21947
5.3492 0.22064
5.3517 0.22180
5.3543 0.22296
5.3568 0.22412
5.3594 0.22527
5.3620 0.22642
5.3646 0.22756
5.3672 0.22870
5.3699 0.22984
5.3725 0.23097
5.3751 0.23210
5.3778 0.23322
5.3804 0.23434
5.3831 0.23546
5.3858 0.23657
5.3884 0.23767
5.3911 0.23878
5.3938 0.23988
5.3965 0.24097
5.3993 0.24206
5.4020 0.24315
5.4047 0.24424
5.4075 0.24531
5.4102 0.24639
5.4130 0.24746
5.4157 0.24853
5.4185 0.24959
5.4213 0.25065
5.4240 0.25171
5.4268 0.25276
5.4296 0.25381
5.4325 0.25485
5.4353 0.25589
5.4381 0.25692
5.4409 0.25796
5.4438 0.25898
5.4466 0.26001
5.4495 0.26103
5.4524 0.26204
5.4553 0.26305
5.4581 0.26406
5.4610 0.26507
5.4639 0.26607
5.4668 0.26706
5.4697 0.26806
5.4726 0.26904
5.4755 0.27003
5.4785 0.27101
5.4814 0.27199
5.4844 0.27296
5.4873 0.27393
5.4903 0.27489
5.4932 0.27585
5.4962 0.27681
5.4992 0.27776
5.5022 0.27871
5.5052 0.27966
5.5082 0.28060
5.5112 0.28154
5.5142 0.28247
5.5172 0.28340
5.5202 0.28433
5.5233 0.28525
5.5263 0.28617
5.5294 0.28708
5.5324 0.28799
5.5355 0.28890
5.5386 0.28980
5.5416 0.29070
5.5447 0.29159
5.5478 0.29248
5.5509 0.29337
5.5540 0.29425
5.5571 0.29513
5.5602 0.29601
5.5633 0.29688
5.5665 0.29775
5.5696 0.29861
5.5727 0.29947
5.5759 0.30033
5.5790 0.30118
5.5822 0.30203
5.5854 0.30287
5.5885 0.30371
5.5917 0.30455
5.5949 0.30538
5.5981 0.30621
5.6013 0.30704
5.6045 0.30786
5.6077 0.30867
5.6109 0.30949
5.6141 0.31030
5.6173 0.31110
5.6206 0.31190
5.6238 0.31270
5.6270 0.31350
5.6303 0.31429
5.6335 0.31507
5.6368 0.31585
5.6401 0.31663
5.6433 0.31741
5.6466 0.31818
5.6499 0.31894
5.6532 0.31971
5.6565 0.32046
5.6598 0.32122
5.6631 0.32197
5.6664 0.32272
5.6697 0.32346
5.6730 0.32420
5.6763 0.32493
5.6797 0.32567
5.6830 0.32639
5.6864 0.32712
5.6897 0.32784
5.6931 0.32855
5.6964 0.32926
5.6998 0.32997
5.7032 0.33067
5.7065 0.33137
5.7099 0.33207
5.7133 0.33276
5.7167 0.33345
5.7201 0.33413
5.7235 0.33481
5.7269 0.33549
5.7303 0.33616
5.7337 0.33683
5.7372 0.33749
5.7406 0.33815
5.7440 0.33880
5.7475 0.33946
5.7509 0.34010
5.7544 0.34075
5.7578 0.34139
5.7613 0.34202
5.7647 0.34265
5.7682 0.34328
5.7717 0.34390
5.7752 0.34452
5.7787 0.34514
5.7822 0.34575
5.7856 0.34636
5.7891 0.34696
5.7926 0.34756
5.7962 0.34815
5.7997 0.34874
5.8032 0.34933
5.8067 0.34991
5.8102 0.35049
5.8138 0.35106
5.8173 0.35163
5.8209 0.35220
5.8244 0.35276
5.8280 0.35332
5.8315 0.35387
5.8351 0.35442
5.8386 0.35497
5.8422 0.35551
5.8458 0.35604
5.8494 0.35658
5.8530 0.35710
5.8565 0.35763
5.8601 0.35815
5.8637 0.35866
5.8673 0.35917
5.8709 0.35968
5.8746 0.36018
5.8782 0.36068
5.8818 0.36118
5.8854 0.36167
5.8890 0.36215
5.8927 0.36263
5.8963 0.36311
5.8999 0.36358
5.9036 0.36405
5.9072 0.36451
5.9109 0.36497
5.9146 0.36543
5.9182 0.36588
5.9219 0.36633
5.9255 0.36677
5.9292 0.36721
5.9329 0.36764
5.9366 0.36807
5.9403 0.36850
5.9439 0.36892
5.9476 0.36933
5.9513 0.36974
5.9550 0.37015
5.9587 0.37055
5.9624 0.37095
5.9661 0.37135
5.9699 0.37174
5.9736 0.37212
5.9773 0.37250
5.9810 0.37288
5.9847 0.37325
5.9885 0.37362
5.9922 0.37398
5.9959 0.37434
5.9997 0.37469
6.0034 0.37504
6.0072 0.37539
6.0109 0.37573
6.0147 0.37606
6.0184 0.37639
6.0222 0.37672
6.0259 0.37704
6.0297 0.37736
6.0335 0.37767
6.0372 0.37798
6.0410 0.37828
6.0448 0.37858
6.0486 0.37888
6.0524 0.37917
6.0561 0.37945
6.0599 0.37973
6.0637 0.38001
6.0675 0.38028
6.0713 0.38055
6.0751 0.38081
6.0789 0.38107
6.0827 0.38132
6.0865 0.38157
6.0903 0.38181
6.0941 0.38205
6.0979 0.38229
6.1017 0.38252
6.1056 0.38274
6.1094 0.38296
6.1132 0.38318
6.1170 0.38339
6.1208 0.38359
6.1247 0.38380
6.1285 0.38399
6.1323 0.38418
6.1361 0.38437
6.1400 0.38455
6.1438 0.38473
6.1477 0.38491
6.1515 0.38507
6.1553 0.38524
6.1592 0.38540
6.1630 0.38555
6.1669 0.38570
6.1707 0.38584
6.1745 0.38598
6.1784 0.38612
6.1822 0.38625
6.1861 0.38637
6.1899 0.38650
6.1938 0.38661
6.1977 0.38672
6.2015 0.38683
6.2054 0.38693
6.2092 0.38703
6.2131 0.38712
6.2169 0.38721
6.2208 0.38729
6.2247 0.38737
6.2285 0.38744
6.2324 0.38751
6.2362 0.38757
6.2401 0.38763
6.2440 0.38768
6.2478 0.38773
6.2517 0.38778
6.2556 0.38781
6.2594 0.38785
6.2633 0.38788
6.2672 0.38790
6.2710 0.38792
6.2749 0.38794
6.2788 0.38795
6.2826 0.38796
6.2865 0.38796
6.2904 0.38795
6.2942 0.38794
6.2981 0.38793
6.3020 0.38791
6.3058 0.38789
6.3097 0.38786
6.3136 0.38783
6.3175 0.38779
6.3213 0.38775
6.3252 0.38770
6.3290 0.38765
6.3329 0.38759
6.3368 0.38753
6.3406 0.38746
6.3445 0.38739
6.3483 0.38731
6.3522 0.38723
6.3561 0.38714
6.3599 0.38705
6.3638 0.38696
6.3676 0.38686
6.3715 0.38675
6.3753 0.38664
6.3792 0.38653
6.3830 0.38641
6.3869 0.38629
6.3907 0.38616
6.3946 0.38602
6.3984 0.38589
6.4023 0.38574
6.4061 0.38559
6.4100 0.38544
6.4138 0.38528
6.4176 0.38512
6.4215 0.38496
6.4253 0.38478
6.4291 0.38461
6.4330 0.38443
6.4368 0.38424
6.4406 0.38405
6.4445 0.38385
6.4483 0.38366
6.4521 0.38345
6.4559 0.38324
6.4597 0.38303
6.4636 0.38281
6.4674 0.38258
6.4712 0.38236
6.4750 0.38212
6.4788 0.38189
6.4826 0.38164
6.4864 0.38140
6.4902 0.38115
6.4940 0.38089
6.4978 0.38063
6.5016 0.38036
6.5054 0.38009
6.5092 0.37982
6.5129 0.37954
6.5167 0.37926
6.5205 0.37897
6.5243 0.37868
6.5281 0.37838
6.5318 0.37808
6.5356 0.37777
6.5394 0.37746
6.5431 0.37714
6.5469 0.37682
6.5506 0.37650
6.5544 0.37617
6.5581 0.37583
6.5619 0.37550
6.5656 0.37515
6.5694 0.37481
6.5731 0.37445
6.5768 0.37410
6.5806 0.37374
6.5843 0.37337
6.5880 0.37300
6.5917 0.37263
6.5955 0.37225
6.5992 0.37187
6.6029 0.37148
6.6066 0.37109
6.6103 0.37069
6.6140 0.37029
6.6177 0.36988
6.6214 0.36947
6.6251 0.36906
6.6287 0.36864
6.6324 0.36822
6.6361 0.36779
6.6398 0.36736
6.6434 0.36693
6.6471 0.36649
6.6508 0.36604
6.6544 0.36559
6.6581 0.36514
6.6617 0.36468
6.6654 0.36422
6.6690 0.36375
6.6726 0.36328
6.6763 0.36281
6.6799 0.36233
6.6835 0.36185
6.6872 0.36136
6.6908 0.36087
6.6944 0.36037
6.6980 0.35987
6.7016 0.35937
6.7052 0.35886
6.7088 0.35835
6.7124 0.35783
6.7160 0.35731
6.7195 0.35678
6.7231 0.35625
6.7267 0.35572
6.7303 0.35518
6.7338 0.35464
6.7374 0.35409
6.7409 0.35354
6.7445 0.35299
6.7480 0.35243
6.7516 0.35187
6.7551 0.35130
6.7586 0.35073
6.7622 0.35015
6.7657 0.34957
6.7692 0.34899
6.7727 0.34840
6.7762 0.34781
6.7797 0.34722
6.7832 0.34662
6.7867 0.34601
6.7902 0.34540
6.7937 0.34479
6.7972 0.34418
6.8006 0.34356
6.8041 0.34293
6.8076 0.34230
6.8110 0.34167
6.8145 0.34104
6.8179 0.34040
6.8214 0.33975
6.8248 0.33910
6.8282 0.33845
6.8317 0.33779
6.8351 0.33713
6.8385 0.33647
6.8419 0.33580
6.8453 0.33513
6.8487 0.33445
6.8521 0.33377
6.8555 0.33309
6.8589 0.33240
6.8623 0.33171
6.8656 0.33102
6.8690 0.33032
6.8724 0.32961
6.8757 0.32890
6.8791 0.32819
6.8824 0.32748
6.8858 0.32676
6.8891 0.32603
6.8924 0.32531
6.8958 0.32458
6.8991 0.32384
6.9024 0.32310
6.9057 0.32236
6.9090 0.32161
6.9123 0.32086
6.9156 0.32011
6.9189 0.31935
6.9222 0.31859
6.9254 0.31782
6.9287 0.31705
6.9320 0.31628
6.9352 0.31550
6.9385 0.31472
6.9417 0.31393
6.9450 0.31314
6.9482 0.31235
6.9514 0.31155
6.9546 0.31075
6.9579 0.30995
6.9611 0.30914
6.9643 0.30833
6.9675 0.30751
6.9707 0.30669
6.9738 0.30587
6.9770 0.30504
6.9802 0.30421
6.9834 0.30337
6.9865 0.30253
6.9897 0.30169
6.9928 0.30084
6.9960 0.29999
6.9991 0.29914
7.0022 0.29828
7.0054 0.29741
7.0085 0.29655
7.0116 0.29568
7.0147 0.29480
7.0178 0.29393
7.0209 0.29304
7.0240 0.29216
7.0271 0.29127
7.0301 0.29038
7.0332 0.28948
7.0363 0.28858
7.0393 0.28767
7.0424 0.28677
7.0454 0.28585
7.0484 0.28494
7.0515 0.28402
7.0545 0.28309
7.0575 0.28217
7.0605 0.28123
7.0635 0.28030
7.0665 0.27936
7.0695 0.27842
7.0725 0.27747
7.0755 0.27652
7.0784 0.27556
7.0814 0.27460
7.0843 0.27364
7.0873 0.27268
7.0902 0.27171
7.0931 0.27073
7.0961 0.26975
7.0990 0.26877
7.1019 0.26779
7.1048 0.26680
7.1077 0.26580
7.1106 0.26481
7.1135 0.26380
7.1163 0.26280
7.1192 0.26179
7.1221 0.26078
7.1249 0.25976
7.1278 0.25874
7.1306 0.25771
7.1334 0.25669
7.1363 0.25565
7.1391 0.25462
7.1419 0.25358
7.1447 0.25253
7.1475 0.25148
7.1503 0.25043
7.1530 0.24938
7.1558 0.24832
7.1586 0.24725
7.1613 0.24619
7.1641 0.24511
7.1668 0.24404
7.1695 0.24296
7.1722 0.24187
7.1749 0.24079
7.1777 0.23970
7.1803 0.23860
7.1830 0.23750
7.1857 0.23640
7.1884 0.23529
7.1910 0.23418
7.1937 0.23306
7.1963 0.23194
7.1990 0.23082
7.2016 0.22969
7.2042 0.22856
7.2068 0.22743
7.2094 0.22629
7.2120 0.22514
7.2146 0.22400
7.2171 0.22284
7.2197 0.22169
7.2223 0.22053
7.2248 0.21937
7.2273 0.21820
7.2299 0.21703
7.2324 0.21585
7.2349 0.21467
7.2374 0.21349
7.2399 0.21230
7.2423 0.21111
7.2448 0.20991
7.2473 0.20871
7.2497 0.20751
7.2522 0.20630
7.2546 0.20509
7.2570 0.20387
7.2594 0.20265
7.2618 0.20143
7.2642 0.20020
7.2666 0.19896
7.2689 0.19773
7.2713 0.19649
7.2736 0.19524
7.2760 0.19399
7.2783 0.19274
7.2806 0.19148
7.2829 0.19022
7.2852 0.18896
7.2875 0.18769
7.2897 0.18641
7.2920 0.18513
7.2942 0.18385
7.2965 0.18257
7.2987 0.18128
7.3009 0.17998
7.3031 0.17868
7.3053 0.17738
7.3074 0.17608
7.3096 0.17477
7.3117 0.17345
7.3139 0.17213
7.3160 0.17081
7.3181 0.16948
7.3202 0.16815
7.3223 0.16682
7.3244 0.16548
7.3264 0.16413
7.3285 0.16279
7.3305 0.16144
7.3325 0.16008
7.3345 0.15872
7.3365 0.15736
7.3385 0.15599
7.3405 0.15462
7.3424 0.15324
7.3444 0.15187
7.3463 0.15048
7.3482 0.14909
7.3501 0.14770
7.3520 0.14631
7.3539 0.14491
7.3557 0.14351
7.3576 0.14210
7.3594 0.14069
7.3612 0.13927
7.3630 0.13785
7.3648 0.13643
7.3665 0.13500
7.3683 0.13357
7.3700 0.13214
7.3717 0.13070
7.3734 0.12926
7.3751 0.12781
7.3768 0.12636
7.3784 0.12491
7.3801 0.12345
7.3817 0.12199
7.3833 0.12053
7.3849 0.11906
7.3865 0.11759
7.3880 0.11611
7.3896 0.11463
7.3911 0.11315
7.3926 0.11166
7.3941 0.11017
7.3955 0.10868
7.3970 0.10718
7.3984 0.10568
7.3998 0.10418
7.4012 0.10267
7.4026 0.10116
7.4040 0.099649
7.4053 0.098131
7.4066 0.096611
7.4080 0.095087
7.4092 0.093560
7.4105 0.092030
7.4118 0.090497
7.4130 0.088960
7.4142 0.087421
7.4154 0.085878
7.4166 0.084333
7.4177 0.082784
7.4189 0.081233
7.4200 0.079678
7.4211 0.078121
7.4221 0.076561
7.4232 0.074998
7.4242 0.073433
7.4252 0.071865
7.4262 0.070294
7.4272 0.068720
7.4281 0.067145
7.4291 0.065566
7.4300 0.063985
7.4309 0.062402
7.4317 0.060816
7.4326 0.059228
7.4334 0.057638
7.4342 0.056046
7.4350 0.054451
7.4358 0.052854
7.4365 0.051256
7.4372 0.049655
7.4379 0.048053
7.4386 0.046448
7.4392 0.044842
7.4399 0.043234
7.4405 0.041624
7.4411 0.040013
7.4416 0.038400
7.4422 0.036785
7.4427 0.035169
7.4432 0.033552
7.4437 0.031933
7.4441 0.030313
7.4445 0.028692
7.4450 0.027069
7.4453 0.025445
7.4457 0.023821
7.4460 0.022195
7.4463 0.020569
7.4466 0.018941
7.4469 0.017313
7.4471 0.015684
7.4474 0.014055
7.4476 0.012425
7.4477 0.010794
7.4479 0.0091631
7.4480 0.0075316
7.4481 0.0058998
7.4482 0.0042677
7.4483 0.0026355
7.4483 0.0010030
7.4483 -0.00062945
7.4483 -0.0022619
7.4483 -0.0038943
7.4482 -0.0055266
7.4482 -0.0071587
7.4481 -0.0087905
7.4479 -0.010422
7.4478 -0.012053
7.4476 -0.013684
7.4474 -0.015314
7.4472 -0.016943
7.4470 -0.018572
7.4467 -0.020200
7.4464 -0.021827
7.4461 -0.023454
7.4458 -0.025080
7.4454 -0.026704
7.4450 -0.028328
7.4446 -0.029950
7.4442 -0.031571
7.4438 -0.033191
7.4433 -0.034810
7.4428 -0.036427
7.4423 -0.038043
7.4418 -0.039658
7.4412 -0.041271
7.4406 -0.042882
7.4400 -0.044492
7.4394 -0.046100
7.4387 -0.047706
7.4381 -0.049311
7.4374 -0.050913
7.4367 -0.052514
7.4359 -0.054112
7.4352 -0.055709
7.4344 -0.057304
7.4336 -0.058896
7.4328 -0.060486
7.4319 -0.062074
7.4311 -0.063659
7.4302 -0.065243
7.4293 -0.066823
7.4284 -0.068402
7.4274 -0.069978
7.4264 -0.071551
7.4255 -0.073122
7.4245 -0.074690
7.4234 -0.076255
7.4224 -0.077818
7.4213 -0.079378
7.4202 -0.080935
7.4191 -0.082489
7.4180 -0.084040
7.4168 -0.085588
7.4157 -0.087134
7.4145 -0.088676
7.4133 -0.090215
7.4120 -0.091751
7.4108 -0.093284
7.4095 -0.094814
7.4082 -0.096341
7.4069 -0.097865
7.4056 -0.099385
7.4043 -0.10090
7.4029 -0.10242
7.4016 -0.10393
7.4002 -0.10543
7.3988 -0.10694
7.3973 -0.10844
7.3959 -0.10993
7.3944 -0.11143
7.3929 -0.11291
7.3914 -0.11440
7.3899 -0.11588
7.3884 -0.11736
7.3868 -0.11884
7.3853 -0.12031
7.3837 -0.12178
7.3821 -0.12324
7.3805 -0.12470
7.3788 -0.12616
7.3772 -0.12761
7.3755 -0.12906
7.3738 -0.13051
7.3721 -0.13195
7.3704 -0.13338
7.3687 -0.13482
7.3670 -0.13625
7.3652 -0.13767
7.3634 -0.13910
7.3616 -0.14051
7.3598 -0.14193
7.3580 -0.14334
7.3562 -0.14475
7.3543 -0.14615
7.3525 -0.14755
7.3506 -0.14894
7.3487 -0.15033
7.3468 -0.15172
7.3449 -0.15310
7.3429 -0.15448
7.3410 -0.15586
7.3390 -0.15723
7.3371 -0.15859
7.3351 -0.15996
7.3331 -0.16131
7.3311 -0.16267
7.3290 -0.16402
7.3270 -0.16537
7.3249 -0.16671
7.3229 -0.16805
7.3208 -0.16938
7.3187 -0.17071
7.3166 -0.17204
7.3145 -0.17336
7.3123 -0.17468
7.3102 -0.17599
7.3080 -0.17730
7.3059 -0.17861
7.3037 -0.17991
7.3015 -0.18120
7.2993 -0.18250
7.2971 -0.18379
7.2949 -0.18507
7.2926 -0.18635
7.2904 -0.18763
7.2881 -0.18890
7.2858 -0.19017
7.2836 -0.19144
7.2813 -0.19270
7.2790 -0.19395
7.2766 -0.19521
7.2743 -0.19645
7.2720 -0.19770
7.2696 -0.19894
7.2673 -0.20017
7.2649 -0.20141
7.2625 -0.20263
7.2601 -0.20386
7.2577 -0.20508
7.2553 -0.20629
7.2529 -0.20750
7.2505 -0.20871
7.2480 -0.20991
7.2456 -0.21111
7.2431 -0.21231
7.2407 -0.21350
7.2382 -0.21469
7.2357 -0.21587
7.2332 -0.21705
7.2307 -0.21822
7.2282 -0.21939
7.2256 -0.22056
7.2231 -0.22172
7.2206 -0.22288
7.2180 -0.22404
7.2154 -0.22519
7.2129 -0.22634
7.2103 -0.22748
7.2077 -0.22862
7.2051 -0.22975
7.2025 -0.23088
7.1999 -0.23201
7.1972 -0.23313
7.1946 -0.23425
7.1920 -0.23536
7.1893 -0.23647
7.1867 -0.23758
7.1840 -0.23868
7.1813 -0.23978
7.1786 -0.24088
7.1759 -0.24197
7.1732 -0.24305
7.1705 -0.24414
7.1678 -0.24522
7.1651 -0.24629
7.1623 -0.24736
7.1596 -0.24843
7.1569 -0.24949
7.1541 -0.25055
7.1513 -0.25161
7.1486 -0.25266
7.1458 -0.25371
7.1430 -0.25475
7.1402 -0.25579
7.1374 -0.25682
7.1346 -0.25786
7.1318 -0.25888
7.1290 -0.25991
7.1261 -0.26093
7.1233 -0.26194
7.1205 -0.26296
7.1176 -0.26397
7.1147 -0.26497
7.1119 -0.26597
7.1090 -0.26697
7.1061 -0.26796
7.1032 -0.26895
7.1003 -0.26993
7.0974 -0.27092
7.0945 -0.27189
7.0916 -0.27287
7.0887 -0.27384
7.0857 -0.27480
7.0828 -0.27576
7.0798 -0.27672
7.0769 -0.27768
7.0739 -0.27863
7.0710 -0.27957
7.0680 -0.28052
7.0650 -0.28146
7.0620 -0.28239
7.0590 -0.28332
7.0560 -0.28425
7.0530 -0.28517
7.0500 -0.28609
7.0470 -0.28701
7.0439 -0.28792
7.0409 -0.28883
7.0379 -0.28973
7.0348 -0.29063
7.0318 -0.29153
7.0287 -0.29242
7.0256 -0.29331
7.0226 -0.29420
7.0195 -0.29508
7.0164 -0.29596
7.0133 -0.29683
7.0102 -0.29770
7.0071 -0.29857
7.0040 -0.29943
7.0009 -0.30029
6.9977 -0.30115
6.9946 -0.30200
6.9915 -0.30284
6.9883 -0.30369
6.9852 -0.30453
6.9820 -0.30536
6.9789 -0.30620
6.9757 -0.30702
6.9725 -0.30785
6.9694 -0.30867
6.9662 -0.30949
6.9630 -0.31030
6.9598 -0.31111
6.9566 -0.31191
6.9534 -0.31271
6.9502 -0.31351
6.9470 -0.31431
6.9437 -0.31510
6.9405 -0.31588
6.9373 -0.31667
6.9340 -0.31744
6.9308 -0.31822
6.9275 -0.31899
6.9243 -0.31976
6.9210 -0.32052
6.9177 -0.32128
6.9145 -0.32203
6.9112 -0.32278
6.9079 -0.32353
6.9046 -0.32428
6.9013 -0.32502
6.8980 -0.32575
6.8947 -0.32648
6.8914 -0.32721
6.8881 -0.32794
6.8847 -0.32866
6.8814 -0.32937
6.8781 -0.33009
6.8747 -0.33080
6.8714 -0.33150
6.8680 -0.33220
6.8647 -0.33290
6.8613 -0.33359
6.8579 -0.33428
6.8546 -0.33497
6.8512 -0.33565
6.8478 -0.33633
6.8444 -0.33700
6.8410 -0.33767
6.8376 -0.33834
6.8342 -0.33900
6.8308 -0.33966
6.8274 -0.34031
6.8240 -0.34096
6.8206 -0.34161
6.8171 -0.34225
6.8137 -0.34289
6.8103 -0.34352
6.8068 -0.34415
6.8034 -0.34478
6.7999 -0.34540
6.7965 -0.34602
6.7930 -0.34663
6.7895 -0.34724
6.7861 -0.34785
6.7826 -0.34845
6.7791 -0.34905
6.7756 -0.34965
6.7721 -0.35024
6.7686 -0.35082
6.7651 -0.35140
6.7616 -0.35198
6.7581 -0.35256
6.7546 -0.35313
6.7511 -0.35369
6.7476 -0.35425
6.7440 -0.35481
6.7405 -0.35536
6.7369 -0.35591
6.7334 -0.35646
6.7299 -0.35700
6.7263 -0.35754
6.7227 -0.35807
6.7192 -0.35860
6.7156 -0.35913
6.7121 -0.35965
6.7085 -0.36016
6.7049 -0.36067
6.7013 -0.36118
6.6977 -0.36169
6.6941 -0.36219
6.6905 -0.36268
6.6869 -0.36317
6.6833 -0.36366
6.6797 -0.36414
6.6761 -0.36462
6.6725 -0.36510
6.6689 -0.36557
6.6653 -0.36603
6.6616 -0.36650
6.6580 -0.36695
6.6544 -0.36741
6.6507 -0.36786
6.6471 -0.36830
6.6434 -0.36874
6.6398 -0.36918
6.6361 -0.36961
6.6325 -0.37004
6.6288 -0.37046
6.6252 -0.37088
6.6215 -0.37129
6.6178 -0.37171
6.6141 -0.37211
6.6105 -0.37251
6.6068 -0.37291
6.6031 -0.37330
6.5994 -0.37369
6.5957 -0.37408
6.5920 -0.37446
6.5883 -0.37483
6.5846 -0.37520
6.5809 -0.37557
6.5772 -0.37593
6.5735 -0.37629
6.5697 -0.37664
6.5660 -0.37699
6.5623 -0.37734
6.5586 -0.37768
6.5548 -0.37801
6.5511 -0.37834
6.5474 -0.37867
6.5436 -0.37899
6.5399 -0.37931
6.5362 -0.37962
6.5324 -0.37993
6.5287 -0.38024
6.5249 -0.38054
6.5211 -0.38083
6.5174 -0.38112
6.5136 -0.38141
6.5099 -0.38169
6.5061 -0.38197
6.5023 -0.38224
6.4986 -0.38251
6.4948 -0.38277
6.4910 -0.38303
6.4872 -0.38329
6.4834 -0.38354
6.4797 -0.38378
6.4759 -0.38402
6.4721 -0.38426
6.4683 -0.38449
6.4645 -0.38472
6.4607 -0.38494
6.4569 -0.38516
6.4531 -0.38537
6.4493 -0.38558
6.4455 -0.38578
6.4417 -0.38598
6.4379 -0.38618
6.4341 -0.38637
6.4303 -0.38655
6.4265 -0.38673
6.4227 -0.38691
6.4188 -0.38708
6.4150 -0.38725
6.4112 -0.38741
6.4074 -0.38757
6.4036 -0.38772
6.3997 -0.38787
6.3959 -0.38801
6.3921 -0.38815
6.3883 -0.38828
6.3844 -0.38841
6.3806 -0.38854
6.3768 -0.38866
6.3729 -0.38877
6.3691 -0.38888
6.3653 -0.38899
6.3614 -0.38909
6.3576 -0.38919
6.3538 -0.38928
6.3499 -0.38936
6.3461 -0.38945
6.3423 -0.38952
6.3384 -0.38960
6.3346 -0.38966
6.3307 -0.38973
6.3269 -0.38979
6.3231 -0.38984
6.3192 -0.38989
6.3154 -0.38993
6.3115 -0.38997
6.3077 -0.39001
6.3038 -0.39004
6.3000 -0.39006
6.2961 -0.39008
6.2923 -0.39010
6.2884 -0.39011
6.2846 -0.39012
6.2808 -0.39012
6.2769 -0.39012
6.2731 -0.39011
6.2692 -0.39010
6.2654 -0.39008
6.2615 -0.39006
6.2577 -0.39003
6.2538 -0.39000
6.2500 -0.38996
6.2461 -0.38992
6.2423 -0.38988
6.2385 -0.38983
6.2346 -0.38977
6.2308 -0.38971
6.2269 -0.38965
6.2231 -0.38958
6.2193 -0.38950
6.2154 -0.38942
6.2116 -0.38934
6.2077 -0.38925
6.2039 -0.38916
6.2001 -0.38906
6.1962 -0.38896
6.1924 -0.38885
6.1886 -0.38874
6.1848 -0.38863
6.1809 -0.38850
6.1771 -0.38838
6.1733 -0.38825
6.1694 -0.38811
6.1656 -0.38797
6.1618 -0.38783
6.1580 -0.38768
6.1542 -0.38753
6.1503 -0.38737
6.1465 -0.38720
6.1427 -0.38704
6.1389 -0.38686
6.1351 -0.38669
6.1313 -0.38651
6.1275 -0.38632
6.1237 -0.38613
6.1199 -0.38593
6.1161 -0.38573
6.1123 -0.38553
6.1085 -0.38532
6.1047 -0.38510
6.1009 -0.38488
6.0971 -0.38466
6.0933 -0.38443
6.0895 -0.38420
6.0857 -0.38396
6.0819 -0.38372
6.0781 -0.38348
6.0744 -0.38322
6.0706 -0.38297
6.0668 -0.38271
6.0630 -0.38245
6.0593 -0.38218
6.0555 -0.38190
6.0517 -0.38162
6.0480 -0.38134
6.0442 -0.38105
6.0405 -0.38076
6.0367 -0.38047
6.0330 -0.38017
6.0292 -0.37986
6.0255 -0.37955
6.0217 -0.37924
6.0180 -0.37892
6.0143 -0.37860
6.0105 -0.37827
6.0068 -0.37794
6.0031 -0.37760
5.9994 -0.37726
5.9956 -0.37691
5.9919 -0.37657
5.9882 -0.37621
5.9845 -0.37585
5.9808 -0.37549
5.9771 -0.37512
5.9734 -0.37475
5.9697 -0.37438
5.9660 -0.37400
5.9623 -0.37361
5.9586 -0.37322
5.9549 -0.37283
5.9512 -0.37243
5.9476 -0.37203
5.9439 -0.37162
5.9402 -0.37121
5.9366 -0.37080
5.9329 -0.37038
5.9293 -0.36995
5.9256 -0.36953
5.9220 -0.36909
5.9183 -0.36866
5.9147 -0.36822
5.9110 -0.36777
5.9074 -0.36732
5.9038 -0.36687
5.9001 -0.36641
5.8965 -0.36595
5.8929 -0.36548
5.8893 -0.36501
5.8857 -0.36454
5.8821 -0.36406
5.8785 -0.36358
5.8749 -0.36309
5.8713 -0.36260
5.8677 -0.36210
5.8641 -0.36160
5.8605 -0.36110
5.8569 -0.36059
5.8534 -0.36008
5.8498 -0.35956
5.8462 -0.35904
5.8427 -0.35852
5.8391 -0.35799
5.8356 -0.35746
5.8320 -0.35692
5.8285 -0.35638
5.8249 -0.35584
5.8214 -0.35529
5.8179 -0.35473
5.8144 -0.35418
5.8108 -0.35362
5.8073 -0.35305
5.8038 -0.35248
5.8003 -0.35191
5.7968 -0.35133
5.7933 -0.35075
5.7898 -0.35016
5.7863 -0.34957
5.7829 -0.34898
5.7794 -0.34838
5.7759 -0.34778
5.7724 -0.34718
5.7690 -0.34657
5.7655 -0.34595
5.7621 -0.34534
5.7586 -0.34471
5.7552 -0.34409
5.7517 -0.34346
5.7483 -0.34283
5.7449 -0.34219
5.7414 -0.34155
5.7380 -0.34090
5.7346 -0.34025
5.7312 -0.33960
5.7278 -0.33895
5.7244 -0.33828
5.7210 -0.33762
5.7176 -0.33695
5.7142 -0.33628
5.7109 -0.33560
5.7075 -0.33492
5.7041 -0.33424
5.7008 -0.33355
5.6974 -0.33286
5.6941 -0.33216
5.6907 -0.33146
5.6874 -0.33076
5.6840 -0.33005
5.6807 -0.32934
5.6774 -0.32863
5.6741 -0.32791
5.6708 -0.32719
5.6674 -0.32646
5.6641 -0.32573
5.6608 -0.32499
5.6576 -0.32426
5.6543 -0.32351
5.6510 -0.32277
5.6477 -0.32202
5.6444 -0.32126
5.6412 -0.32051
5.6379 -0.31975
5.6347 -0.31898
5.6314 -0.31821
5.6282 -0.31744
5.6249 -0.31666
5.6217 -0.31588
5.6185 -0.31510
5.6153 -0.31431
5.6121 -0.31352
5.6088 -0.31273
5.6056 -0.31193
5.6024 -0.31112
5.5993 -0.31032
5.5961 -0.30951
5.5929 -0.30869
5.5897 -0.30788
5.5866 -0.30705
5.5834 -0.30623
5.5802 -0.30540
5.5771 -0.30457
5.5740 -0.30373
5.5708 -0.30289
5.5677 -0.30204
5.5646 -0.30120
5.5614 -0.30034
5.5583 -0.29949
5.5552 -0.29863
5.5521 -0.29777
5.5490 -0.29690
5.5460 -0.29603
5.5429 -0.29515
5.5398 -0.29427
5.5367 -0.29339
5.5337 -0.29251
5.5306 -0.29162
5.5276 -0.29072
5.5245 -0.28983
5.5215 -0.28892
5.5184 -0.28802
5.5154 -0.28711
5.5124 -0.28620
5.5094 -0.28528
5.5064 -0.28436
5.5034 -0.28344
5.5004 -0.28251
5.4974 -0.28158
5.4944 -0.28065
5.4915 -0.27971
5.4885 -0.27876
5.4855 -0.27782
5.4826 -0.27687
5.4797 -0.27591
5.4767 -0.27496
5.4738 -0.27399
5.4709 -0.27303
5.4679 -0.27206
5.4650 -0.27109
5.4621 -0.27011
5.4592 -0.26913
5.4564 -0.26814
5.4535 -0.26715
5.4506 -0.26616
5.4477 -0.26517
5.4449 -0.26417
5.4420 -0.26316
5.4392 -0.26215
5.4363 -0.26114
5.4335 -0.26013
5.4307 -0.25911
5.4279 -0.25809
5.4250 -0.25706
5.4222 -0.25603
5.4195 -0.25499
5.4167 -0.25396
5.4139 -0.25291
5.4111 -0.25187
5.4084 -0.25082
5.4056 -0.24976
5.4029 -0.24870
5.4001 -0.24764
5.3974 -0.24658
5.3947 -0.24551
5.3920 -0.24443
5.3892 -0.24336
5.3865 -0.24228
5.3839 -0.24119
5.3812 -0.24010
5.3785 -0.23901
5.3758 -0.23791
5.3732 -0.23681
5.3705 -0.23571
5.3679 -0.23460
5.3652 -0.23348
5.3626 -0.23237
5.3600 -0.23125
5.3574 -0.23012
5.3548 -0.22900
5.3522 -0.22786
5.3496 -0.22673
5.3470 -0.22559
5.3445 -0.22444
5.3419 -0.22329
5.3394 -0.22214
5.3368 -0.22098
5.3343 -0.21982
5.3318 -0.21866
5.3293 -0.21749
5.3268 -0.21632
5.3243 -0.21514
5.3218 -0.21396
5.3193 -0.21278
5.3169 -0.21159
5.3144 -0.21040
5.3120 -0.20920
5.3095 -0.20800
5.3071 -0.20680
5.3047 -0.20559
5.3023 -0.20438
5.2999 -0.20316
5.2975 -0.20194
5.2952 -0.20072
5.2928 -0.19949
5.2904 -0.19825
5.2881 -0.19702
5.2858 -0.19578
5.2834 -0.19453
5.2811 -0.19328
5.2788 -0.19203
5.2765 -0.19077
5.2743 -0.18951
5.2720 -0.18825
5.2697 -0.18698
5.2675 -0.18571
5.2653 -0.18443
5.2630 -0.18315
5.2608 -0.18186
5.2586 -0.18057
5.2564 -0.17928
5.2543 -0.17798
5.2521 -0.17668
5.2500 -0.17537
5.2478 -0.17406
5.2457 -0.17275
5.2436 -0.17143
5.2415 -0.17011
5.2394 -0.16879
5.2373 -0.16746
5.2352 -0.16612
5.2332 -0.16478
5.2311 -0.16344
5.2291 -0.16210
5.2271 -0.16075
5.2251 -0.15939
5.2231 -0.15804
5.2211 -0.15667
5.2192 -0.15531
5.2172 -0.15394
5.2153 -0.15256
5.2134 -0.15119
5.2115 -0.14980
5.2096 -0.14842
5.2077 -0.14703
5.2058 -0.14564
5.2040 -0.14424
5.2022 -0.14284
5.2003 -0.14143
5.1985 -0.14002
5.1967 -0.13861
5.1950 -0.13719
5.1932 -0.13577
5.1915 -0.13435
5.1897 -0.13292
5.1880 -0.13149
5.1863 -0.13005
5.1846 -0.12861
5.1830 -0.12717
5.1813 -0.12572
5.1797 -0.12427
5.1780 -0.12281
5.1764 -0.12136
5.1749 -0.11989
5.1733 -0.11843
5.1717 -0.11696
5.1702 -0.11549
5.1687 -0.11401
5.1672 -0.11253
5.1657 -0.11105
5.1642 -0.10956
5.1628 -0.10807
5.1613 -0.10657
5.1599 -0.10508
5.1585 -0.10358
5.1571 -0.10207
5.1558 -0.10057
5.1544 -0.099055
5.1531 -0.097540
5.1518 -0.096023
5.1505 -0.094503
5.1492 -0.092979
5.1480 -0.091452
5.1467 -0.089922
5.1455 -0.088389
5.1443 -0.086853
5.1431 -0.085314
5.1420 -0.083772
5.1408 -0.082227
5.1397 -0.080679
5.1386 -0.079128
5.1375 -0.077575
5.1365 -0.076019
5.1354 -0.074460
5.1344 -0.072898
5.1334 -0.071333
5.1324 -0.069766
5.1315 -0.068197
5.1305 -0.066625
5.1296 -0.065050
5.1287 -0.063473
5.1279 -0.061894
5.1270 -0.060313
5.1262 -0.058729
5.1254 -0.057143
5.1246 -0.055555
5.1238 -0.053964
5.1230 -0.052372
5.1223 -0.050777
5.1216 -0.049181
5.1209 -0.047583
5.1203 -0.045983
5.1196 -0.044381
5.1190 -0.042777
5.1184 -0.041172
5.1178 -0.039565
5.1173 -0.037957
5.1167 -0.036347
5.1162 -0.034735
5.1157 -0.033122
5.1153 -0.031508
5.1148 -0.029893
5.1144 -0.028276
5.1140 -0.026659
5.1136 -0.025040
5.1133 -0.023420
5.1130 -0.021799
5.1126 -0.020178
5.1124 -0.018555
5.1121 -0.016932
5.1119 -0.015308
5.1117 -0.013683
5.1115 -0.012058
5.1113 -0.010432
5.1112 -0.0088063
5.1110 -0.0071798
5.1109 -0.0055529
5.1109 -0.0039258
5.1108 -0.0022986
5.1108 -0.00067119
5.1108 0.00095624
5.1108 0.0025837
5.1108 0.0042110
5.1109 0.0058382
5.1110 0.0074652
5.1111 0.0090919
5.1112 0.010718
5.1114 0.012344
5.1115 0.013970
5.1117 0.015595
5.1119 0.017219
5.1122 0.018843
5.1125 0.020466
5.1127 0.022088
5.1131 0.023709
5.1134 0.025330
5.1138 0.026949
5.1141 0.028568
5.1145 0.030185
5.1150 0.031801
5.1154 0.033416
5.1159 0.035030
5.1164 0.036642
5.1169 0.038253
5.1174 0.039862
5.1180 0.041470
5.1186 0.043076
5.1192 0.044681
5.1198 0.046284
5.1204 0.047885
5.1211 0.049484
5.1218 0.051082
5.1225 0.052677
5.1232 0.054271
5.1240 0.055862
5.1248 0.057452
5.1255 0.059039
5.1264 0.060624
5.1272 0.062207
5.1281 0.063788
5.1289 0.065366
5.1298 0.066942
5.1308 0.068515
5.1317 0.070086
5.1327 0.071655
5.1337 0.073220
5.1347 0.074784
5.1357 0.076344
5.1367 0.077902
5.1378 0.079457
5.1389 0.081009
5.1400 0.082559
5.1411 0.084105
5.1423 0.085649
5.1434 0.087190
5.1446 0.088727
5.1458 0.090262
5.1470 0.091794
5.1482 0.093322
5.1495 0.094848
5.1508 0.096370
5.1521 0.097889
5.1534 0.099404
5.1547 0.10092
5.1561 0.10243
5.1574 0.10393
5.1588 0.10543
5.1602 0.10693
5.1616 0.10843
5.1631 0.10992
5.1645 0.11141
5.1660 0.11290
5.1675 0.11438
5.1690 0.11586
5.1705 0.11733
5.1721 0.11880
5.1736 0.12027
5.1752 0.12173
5.1768 0.12319
5.1784 0.12465
5.1800 0.12610
5.1816 0.12755
5.1833 0.12900
5.1850 0.13044
5.1867 0.13188
5.1884 0.13331
5.1901 0.13474
5.1918 0.13617
5.1936 0.13759
5.1953 0.13901
5.1971 0.14042
5.1989 0.14183
5.2007 0.14324
5.2025 0.14464
5.2044 0.14604
5.2062 0.14744
5.2081 0.14883
5.2099 0.15022
5.2118 0.15160
5.2137 0.15298
5.2157 0.15436
5.2176 0.15573
5.2195 0.15710
5.2215 0.15846
5.2235 0.15982
5.2255 0.16117
5.2275 0.16253
5.2295 0.16387
5.2315 0.16522
5.2335 0.16656
5.2356 0.16789
5.2377 0.16922
5.2397 0.17055
5.2418 0.17188
5.2439 0.17319
5.2460 0.17451
5.2482 0.17582
5.2503 0.17713
5.2524 0.17843
5.2546 0.17973
5.2568 0.18103
5.2590 0.18232
5.2612 0.18360
5.2634 0.18489
5.2656 0.18617
5.2678 0.18744
5.2701 0.18871
5.2723 0.18998
5.2746 0.19124
5.2768 0.19250
5.2791 0.19375
5.2814 0.19500
5.2837 0.19625
5.2861 0.19749
5.2884 0.19873
5.2907 0.19996
5.2931 0.20119
5.2954 0.20242
5.2978 0.20364
5.3002 0.20486
5.3026 0.20608
5.3050 0.20729
5.3074 0.20849
5.3098 0.20969
5.3122 0.21089
5.3147 0.21208
5.3171 0.21327
5.3196 0.21446
5.3221 0.21564
5.3245 0.21682
5.3270 0.21799
5.3295 0.21916
5.3320 0.22033
5.3345 0.22149
5.3371 0.22265
5.3396 0.22380
5.3421 0.22495
5.3447 0.22610
5.3473 0.22724
5.3498 0.22838
5.3524 0.22951
5.3550 0.23064
5.3576 0.23177
5.3602 0.23289
5.3628 0.23401
5.3654 0.23512
5.3681 0.23623
5.3707 0.23734
5.3733 0.23844
5.3760 0.23954
5.3787 0.24063
5.3813 0.24172
5.3840 0.24281
5.3867 0.24389
5.3894 0.24497
5.3921 0.24605
5.3948 0.24712
5.3975 0.24819
5.4002 0.24925
5.4030 0.25031
5.4057 0.25136
5.4085 0.25242
5.4112 0.25346
5.4140 0.25451
5.4167 0.25555
5.4195 0.25658
5.4223 0.25762
5.4251 0.25864
5.4279 0.25967
5.4307 0.26069
5.4335 0.26171
5.4363 0.26272
5.4392 0.26373
5.4420 0.26474
5.4449 0.26574
5.4477 0.26674
5.4506 0.26773
5.4534 0.26872
5.4563 0.26971
5.4592 0.27069
5.4621 0.27167
5.4650 0.27264
5.4679 0.27361
5.4708 0.27458
5.4737 0.27554
5.4766 0.27650
5.4796 0.27746
5.4825 0.27841
5.4854 0.27936
5.4884 0.28031
5.4913 0.28125
5.4943 0.28218
5.4973 0.28312
5.5002 0.28405
5.5032 0.28497
5.5062 0.28589
5.5092 0.28681
5.5122 0.28773
5.5152 0.28864
5.5182 0.28954
5.5213 0.29045
5.5243 0.29135
5.5273 0.29224
5.5304 0.29313
5.5334 0.29402
5.5365 0.29491
5.5395 0.29579
5.5426 0.29666
5.5456 0.29754
5.5487 0.29841
5.5518 0.29927
5.5549 0.30013
5.5580 0.30099
5.5611 0.30184
5.5642 0.30269
5.5673 0.30354
5.5704 0.30438
5.5736 0.30522
5.5767 0.30606
5.5798 0.30689
5.5830 0.30772
5.5861 0.30854
5.5893 0.30936
5.5924 0.31018
5.5956 0.31099
5.5988 0.31180
5.6019 0.31261
5.6051 0.31341
5.6083 0.31421
5.6115 0.31500
5.6147 0.31579
5.6179 0.31658
5.6211 0.31736
5.6243 0.31814
5.6276 0.31892
5.6308 0.31969
5.6340 0.32045
5.6373 0.32122
5.6405 0.32198
5.6438 0.32273
5.6470 0.32349
5.6503 0.32424
5.6535 0.32498
5.6568 0.32572
5.6601 0.32646
5.6634 0.32719
5.6667 0.32792
5.6700 0.32865
5.6733 0.32937
5.6766 0.33009
5.6799 0.33080
5.6832 0.33152
5.6865 0.33222
5.6898 0.33293
5.6932 0.33363
5.6965 0.33432
5.6999 0.33501
5.7032 0.33570
5.7066 0.33638
5.7099 0.33706
5.7133 0.33774
5.7166 0.33841
5.7200 0.33908
5.7234 0.33975
5.7268 0.34041
5.7302 0.34106
5.7336 0.34172
5.7369 0.34237
5.7403 0.34301
5.7438 0.34365
5.7472 0.34429
5.7506 0.34492
5.7540 0.34555
5.7574 0.34618
5.7609 0.34680
5.7643 0.34742
5.7677 0.34803
5.7712 0.34864
5.7746 0.34925
5.7781 0.34985
5.7816 0.35045
5.7850 0.35104
5.7885 0.35163
5.7920 0.35222
5.7954 0.35280
5.7989 0.35338
5.8024 0.35396
5.8059 0.35453
5.8094 0.35509
5.8129 0.35565
5.8164 0.35621
5.8199 0.35677
5.8234 0.35732
5.8270 0.35786
5.8305 0.35841
5.8340 0.35894
5.8375 0.35948
5.8411 0.36001
5.8446 0.36054
5.8482 0.36106
5.8517 0.36158
5.8553 0.36209
5.8588 0.36260
5.8624 0.36310
5.8660 0.36361
5.8695 0.36410
5.8731 0.36460
5.8767 0.36509
5.8803 0.36557
5.8839 0.36605
5.8875 0.36653
5.8911 0.36700
5.8947 0.36747
5.8983 0.36793
5.9019 0.36839
5.9055 0.36885
5.9091 0.36930
5.9127 0.36975
5.9163 0.37019
5.9200 0.37063
5.9236 0.37107
5.9272 0.37150
5.9309 0.37192
5.9345 0.37235
5.9381 0.37277
5.9418 0.37318
5.9454 0.37359
5.9491 0.37399
5.9528 0.37440
5.9564 0.37479
5.9601 0.37518
5.9638 0.37557
5.9674 0.37596
5.9711 0.37634
5.9748 0.37671
5.9785 0.37708
5.9822 0.37745
5.9858 0.37781
5.9895 0.37817
5.9932 0.37852
5.9969 0.37887
6.0006 0.37922
6.0043 0.37956
6.0080 0.37989
6.0118 0.38023
6.0155 0.38055
6.0192 0.38088
6.0229 0.38119
6.0266 0.38151
6.0304 0.38182
6.0341 0.38212
6.0378 0.38242
6.0415 0.38272
6.0453 0.38301
6.0490 0.38330
6.0528 0.38358
6.0565 0.38386
6.0603 0.38414
6.0640 0.38441
6.0678 0.38467
6.0715 0.38493
6.0753 0.38519
6.0790 0.38544
6.0828 0.38569
6.0865 0.38593
6.0903 0.38617
6.0941 0.38640
6.0979 0.38663
6.1016 0.38686
6.1054 0.38708
6.1092 0.38729
6.1130 0.38750
6.1167 0.38771
6.1205 0.38791
6.1243 0.38811
6.1281 0.38830
6.1319 0.38849
6.1357 0.38868
6.1395 0.38885
6.1433 0.38903
6.1470 0.38920
6.1508 0.38936
6.1546 0.38953
6.1584 0.38968
6.1622 0.38983
6.1660 0.38998
6.1699 0.39012
6.1737 0.39026
6.1775 0.39039
6.1813 0.39052
6.1851 0.39065
6.1889 0.39077
6.1927 0.39088
6.1965 0.39099
6.2003 0.39110
6.2041 0.39120
6.2080 0.39129
6.2118 0.39139
6.2156 0.39147
6.2194 0.39155
6.2232 0.39163
6.2270 0.39171
6.2309 0.39177
6.2347 0.39184
6.2385 0.39190
6.2423 0.39195
6.2462 0.39200
6.2500 0.39205
6.2538 0.39209
6.2576 0.39212
6.2614 0.39215
6.2653 0.39218
6.2691 0.39220
6.2729 0.39222
6.2767 0.39223
6.2806 0.39224
6.2844 0.39224
6.2882 0.39224
6.2920 0.39223
6.2958 0.39222
6.2997 0.39221
6.3035 0.39219
6.3073 0.39216
6.3111 0.39213
6.3150 0.39210
6.3188 0.39206
6.3226 0.39202
6.3264 0.39197
6.3302 0.39192
6.3341 0.39186
6.3379 0.39180
6.3417 0.39173
6.3455 0.39166
6.3493 0.39158
6.3532 0.39150
6.3570 0.39142
6.3608 0.39133
6.3646 0.39123
6.3684 0.39114
6.3722 0.39103
6.3761 0.39092
6.3799 0.39081
6.3837 0.39069
6.3875 0.39057
6.3913 0.39044
6.3951 0.39031
6.3989 0.39018
6.4027 0.39004
6.4065 0.38989
6.4103 0.38974
6.4141 0.38959
6.4179 0.38943
6.4217 0.38926
6.4255 0.38909
6.4293 0.38892
6.4331 0.38874
6.4369 0.38856
6.4406 0.38838
6.4444 0.38819
6.4482 0.38799
6.4520 0.38779
6.4558 0.38758
6.4595 0.38738
6.4633 0.38716
6.4671 0.38694
6.4709 0.38672
6.4746 0.38649
6.4784 0.38626
6.4822 0.38602
6.4859 0.38578
6.4897 0.38554
6.4934 0.38529
6.4972 0.38504
6.5010 0.38478
6.5047 0.38451
6.5085 0.38425
6.5122 0.38397
6.5159 0.38370
6.5197 0.38342
6.5234 0.38313
6.5272 0.38284
6.5309 0.38255
6.5346 0.38225
6.5383 0.38194
6.5421 0.38164
6.5458 0.38132
6.5495 0.38101
6.5532 0.38069
6.5569 0.38036
6.5606 0.38003
6.5644 0.37970
6.5681 0.37936
6.5718 0.37902
6.5755 0.37867
6.5791 0.37832
6.5828 0.37796
6.5865 0.37760
6.5902 0.37724
6.5939 0.37687
6.5976 0.37650
6.6012 0.37612
6.6049 0.37574
6.6086 0.37535
6.6122 0.37496
6.6159 0.37457
6.6196 0.37417
6.6232 0.37377
6.6269 0.37336
6.6305 0.37295
6.6341 0.37253
6.6378 0.37211
6.6414 0.37169
6.6451 0.37126
6.6487 0.37083
6.6523 0.37039
6.6559 0.36995
6.6595 0.36951
6.6632 0.36906
6.6668 0.36860
6.6704 0.36815
6.6740 0.36768
6.6776 0.36722
6.6812 0.36675
6.6848 0.36627
6.6883 0.36580
6.6919 0.36531
6.6955 0.36483
6.6991 0.36434
6.7026 0.36384
6.7062 0.36334
6.7098 0.36284
6.7133 0.36233
6.7169 0.36182
6.7204 0.36131
6.7240 0.36079
6.7275 0.36027
6.7310 0.35974
6.7346 0.35921
6.7381 0.35867
6.7416 0.35813
6.7451 0.35759
6.7486 0.35704
6.7522 0.35649
6.7557 0.35594
6.7592 0.35538
6.7626 0.35481
6.7661 0.35425
6.7696 0.35367
6.7731 0.35310
6.7766 0.35252
6.7801 0.35194
6.7835 0.35135
6.7870 0.35076
6.7904 0.35016
6.7939 0.34957
6.7973 0.34896
6.8008 0.34836
6.8042 0.34775
6.8077 0.34713
6.8111 0.34651
6.8145 0.34589
6.8179 0.34526
6.8213 0.34463
6.8248 0.34400
6.8282 0.34336
6.8316 0.34272
6.8350 0.34208
6.8383 0.34143
6.8417 0.34077
6.8451 0.34012
6.8485 0.33946
6.8519 0.33879
6.8552 0.33812
6.8586 0.33745
6.8619 0.33677
6.8653 0.33609
6.8686 0.33541
6.8720 0.33472
6.8753 0.33403
6.8786 0.33334
6.8820 0.33264
6.8853 0.33193
6.8886 0.33123
6.8919 0.33052
6.8952 0.32980
6.8985 0.32908
6.9018 0.32836
6.9051 0.32764
6.9084 0.32691
6.9116 0.32617
6.9149 0.32544
6.9182 0.32470
6.9214 0.32395
6.9247 0.32320
6.9279 0.32245
6.9312 0.32170
6.9344 0.32094
6.9376 0.32017
6.9409 0.31941
6.9441 0.31864
6.9473 0.31786
6.9505 0.31708
6.9537 0.31630
6.9569 0.31552
6.9601 0.31473
6.9633 0.31393
6.9665 0.31314
6.9697 0.31234
6.9728 0.31153
6.9760 0.31072
6.9792 0.30991
6.9823 0.30910
6.9855 0.30828
6.9886 0.30746
6.9917 0.30663
6.9949 0.30580
6.9980 0.30497
7.0011 0.30413
7.0042 0.30329
7.0073 0.30244
7.0104 0.30159
7.0135 0.30074
7.0166 0.29988
7.0197 0.29902
7.0228 0.29816
7.0258 0.29729
7.0289 0.29642
7.0320 0.29555
7.0350 0.29467
7.0381 0.29378
7.0411 0.29290
7.0441 0.29201
7.0472 0.29112
7.0502 0.29022
7.0532 0.28932
7.0562 0.28841
7.0592 0.28750
7.0622 0.28659
7.0652 0.28568
7.0682 0.28476
7.0711 0.28383
7.0741 0.28291
7.0771 0.28198
7.0800 0.28104
7.0830 0.28010
7.0859 0.27916
7.0889 0.27821
7.0918 0.27727
7.0947 0.27631
7.0976 0.27535
7.1005 0.27439
7.1034 0.27343
7.1063 0.27246
7.1092 0.27149
7.1121 0.27051
7.1150 0.26953
7.1179 0.26855
7.1207 0.26756
7.1236 0.26657
7.1264 0.26558
7.1292 0.26458
7.1321 0.26358
7.1349 0.26257
7.1377 0.26156
7.1405 0.26055
7.1433 0.25953
7.1461 0.25851
7.1489 0.25748
7.1517 0.25645
7.1545 0.25542
7.1573 0.25438
7.1600 0.25334
7.1628 0.25230
7.1655 0.25125
7.1683 0.25020
7.1710 0.24914
7.1737 0.24809
7.1764 0.24702
7.1792 0.24595
7.1819 0.24488
7.1845 0.24381
7.1872 0.24273
7.1899 0.24165
7.1926 0.24056
7.1952 0.23947
7.1979 0.23838
7.2005 0.23728
7.2032 0.23618
7.2058 0.23507
7.2084 0.23396
7.2110 0.23285
7.2136 0.23173
7.2162 0.23061
7.2188 0.22948
7.2214 0.22835
7.2239 0.22722
7.2265 0.22608
7.2290 0.22494
7.2316 0.22380
7.2341 0.22265
7.2366 0.22150
7.2392 0.22034
7.2417 0.21918
7.2441 0.21801
7.2466 0.21685
7.2491 0.21567
7.2516 0.21450
7.2540 0.21332
7.2565 0.21213
7.2589 0.21094
7.2614 0.20975
7.2638 0.20856
7.2662 0.20735
7.2686 0.20615
7.2710 0.20494
7.2734 0.20373
7.2757 0.20251
7.2781 0.20129
7.2804 0.20007
7.2828 0.19884
7.2851 0.19761
7.2874 0.19637
7.2897 0.19513
7.2920 0.19389
7.2943 0.19264
7.2966 0.19139
7.2989 0.19013
7.3011 0.18887
7.3034 0.18761
7.3056 0.18634
7.3078 0.18506
7.3100 0.18379
7.3122 0.18251
7.3144 0.18122
7.3166 0.17993
7.3188 0.17864
7.3209 0.17735
7.3231 0.17605
7.3252 0.17474
7.3273 0.17343
7.3294 0.17212
7.3315 0.17080
7.3336 0.16948
7.3357 0.16816
7.3377 0.16683
7.3398 0.16550
7.3418 0.16416
7.3438 0.16282
7.3458 0.16148
7.3478 0.16013
7.3498 0.15878
7.3518 0.15742
7.3537 0.15606
7.3557 0.15469
7.3576 0.15333
7.3595 0.15195
7.3614 0.15058
7.3633 0.14920
7.3652 0.14781
7.3670 0.14643
7.3689 0.14503
7.3707 0.14364
7.3725 0.14224
7.3743 0.14084
7.3761 0.13943
7.3779 0.13802
7.3796 0.13660
7.3814 0.13518
7.3831 0.13376
7.3848 0.13234
7.3865 0.13091
7.3882 0.12947
7.3898 0.12804
7.3915 0.12659
7.3931 0.12515
7.3947 0.12370
7.3963 0.12225
7.3979 0.12079
7.3995 0.11933
7.4010 0.11787
7.4026 0.11640
7.4041 0.11493
7.4056 0.11346
7.4071 0.11198
7.4086 0.11050
7.4100 0.10902
7.4115 0.10753
7.4129 0.10604
7.4143 0.10454
7.4157 0.10305
7.4170 0.10155
7.4184 0.10004
7.4197 0.098534
7.4210 0.097023
7.4223 0.095509
7.4236 0.093992
7.4249 0.092471
7.4261 0.090948
7.4273 0.089421
7.4285 0.087891
7.4297 0.086359
7.4309 0.084823
7.4320 0.083285
7.4331 0.081743
7.4342 0.080199
7.4353 0.078652
7.4364 0.077102
7.4374 0.075549
7.4385 0.073994
7.4395 0.072436
7.4405 0.070875
7.4414 0.069312
7.4424 0.067746
7.4433 0.066178
7.4442 0.064608
7.4451 0.063035
7.4460 0.061459
7.4468 0.059882
7.4476 0.058302
7.4484 0.056720
7.4492 0.055136
7.4500 0.053550
7.4507 0.051961
7.4514 0.050371
7.4521 0.048779
7.4528 0.047185
7.4535 0.045589
7.4541 0.043992
7.4547 0.042392
7.4553 0.040792
7.4559 0.039189
7.4564 0.037585
7.4569 0.035979
7.4575 0.034372
7.4579 0.032764
7.4584 0.031155
7.4588 0.029544
7.4592 0.027932
7.4596 0.026318
7.4600 0.024704
7.4603 0.023089
7.4607 0.021473
7.4610 0.019856
7.4612 0.018238
7.4615 0.016620
7.4617 0.015000
7.4619 0.013380
7.4621 0.011760
7.4623 0.010139
7.4624 0.0085177
7.4626 0.0068960
7.4627 0.0052740
7.4627 0.0036517
7.4628 0.0020293
7.4628 0.00040678
7.4628 -0.0012158
7.4628 -0.0028383
7.4628 -0.0044607
7.4627 -0.0060830
7.4626 -0.0077051
7.4625 -0.0093269
7.4624 -0.010948
7.4622 -0.012569
7.4621 -0.014190
7.4619 -0.015810
7.4616 -0.017429
7.4614 -0.019048
7.4611 -0.020666
7.4608 -0.022283
7.4605 -0.023900
7.4602 -0.025515
7.4598 -0.027129
7.4595 -0.028743
7.4591 -0.030355
7.4586 -0.031966
7.4582 -0.033576
7.4577 -0.035185
7.4572 -0.036792
7.4567 -0.038398
7.4562 -0.040003
7.4556 -0.041605
7.4550 -0.043207
7.4544 -0.044806
7.4538 -0.046404
7.4532 -0.048001
7.4525 -0.049595
7.4518 -0.051188
7.4511 -0.052778
7.4504 -0.054367
7.4496 -0.055954
7.4489 -0.057538
7.4481 -0.059121
7.4473 -0.060701
7.4464 -0.062279
7.4456 -0.063855
7.4447 -0.065428
7.4438 -0.067000
7.4429 -0.068568
7.4420 -0.070134
7.4410 -0.071698
7.4400 -0.073259
7.4390 -0.074818
7.4380 -0.076374
7.4370 -0.077927
7.4359 -0.079477
7.4348 -0.081025
7.4337 -0.082570
7.4326 -0.084112
7.4315 -0.085651
7.4303 -0.087187
7.4292 -0.088721
7.4280 -0.090251
7.4268 -0.091778
7.4255 -0.093302
7.4243 -0.094823
7.4230 -0.096341
7.4217 -0.097856
7.4204 -0.099367
7.4191 -0.10088
7.4178 -0.10238
7.4164 -0.10388
7.4150 -0.10538
7.4136 -0.10688
7.4122 -0.10837
7.4108 -0.10986
7.4094 -0.11134
7.4079 -0.11282
7.4064 -0.11430
7.4049 -0.11577
7.4034 -0.11724
7.4019 -0.11871
7.4003 -0.12018
7.3988 -0.12164
7.3972 -0.12309
7.3956 -0.12454
7.3940 -0.12599
7.3924 -0.12744
7.3907 -0.12888
7.3891 -0.13032
7.3874 -0.13175
7.3857 -0.13318
7.3840 -0.13461
7.3823 -0.13603
7.3806 -0.13745
7.3788 -0.13887
7.3770 -0.14028
7.3753 -0.14169
7.3735 -0.14309
7.3717 -0.14449
7.3698 -0.14589
7.3680 -0.14728
7.3662 -0.14867
7.3643 -0.15005
7.3624 -0.15143
7.3605 -0.15281
7.3586 -0.15418
7.3567 -0.15555
7.3548 -0.15691
7.3528 -0.15827
7.3509 -0.15963
7.3489 -0.16098
7.3469 -0.16233
7.3449 -0.16368
7.3429 -0.16502
7.3409 -0.16636
7.3388 -0.16769
7.3368 -0.16902
7.3347 -0.17034
7.3326 -0.17166
7.3306 -0.17298
7.3285 -0.17429
7.3264 -0.17560
7.3242 -0.17691
7.3221 -0.17821
7.3200 -0.17950
7.3178 -0.18080
7.3156 -0.18209
7.3134 -0.18337
7.3113 -0.18465
7.3091 -0.18593
7.3068 -0.18720
7.3046 -0.18847
7.3024 -0.18974
7.3001 -0.19100
7.2979 -0.19225
7.2956 -0.19351
7.2933 -0.19475
7.2910 -0.19600
7.2887 -0.19724
7.2864 -0.19848
7.2841 -0.19971
7.2818 -0.20094
7.2794 -0.20216
7.2771 -0.20338
7.2747 -0.20460
7.2723 -0.20581
7.2700 -0.20702
7.2676 -0.20822
7.2652 -0.20942
7.2628 -0.21062
7.2603 -0.21181
7.2579 -0.21300
7.2555 -0.21419
7.2530 -0.21537
7.2506 -0.21654
7.2481 -0.21772
7.2456 -0.21889
7.2431 -0.22005
7.2406 -0.22121
7.2381 -0.22237
7.2356 -0.22352
7.2331 -0.22467
7.2306 -0.22582
7.2280 -0.22696
7.2255 -0.22810
7.2229 -0.22923
7.2204 -0.23036
7.2178 -0.23148
7.2152 -0.23261
7.2126 -0.23372
7.2100 -0.23484
7.2074 -0.23595
7.2048 -0.23705
7.2022 -0.23816
7.1995 -0.23925
7.1969 -0.24035
7.1943 -0.24144
7.1916 -0.24253
7.1889 -0.24361
7.1863 -0.24469
7.1836 -0.24576
7.1809 -0.24683
7.1782 -0.24790
7.1755 -0.24896
7.1728 -0.25002
7.1701 -0.25108
7.1674 -0.25213
7.1646 -0.25318
7.1619 -0.25422
7.1591 -0.25526
7.1564 -0.25630
7.1536 -0.25733
7.1509 -0.25836
7.1481 -0.25939
7.1453 -0.26041
7.1425 -0.26143
7.1397 -0.26244
7.1369 -0.26345
7.1341 -0.26446
7.1313 -0.26546
7.1284 -0.26646
7.1256 -0.26746
7.1227 -0.26845
7.1199 -0.26943
7.1170 -0.27042
7.1142 -0.27140
7.1113 -0.27237
7.1084 -0.27335
7.1056 -0.27432
7.1027 -0.27528
7.0998 -0.27624
7.0969 -0.27720
7.0939 -0.27815
7.0910 -0.27910
7.0881 -0.28005
7.0852 -0.28099
7.0822 -0.28193
7.0793 -0.28287
7.0763 -0.28380
7.0734 -0.28473
7.0704 -0.28565
7.0675 -0.28657
7.0645 -0.28749
7.0615 -0.28840
7.0585 -0.28931
7.0555 -0.29021
7.0525 -0.29112
7.0495 -0.29201
7.0465 -0.29291
7.0435 -0.29380
7.0405 -0.29469
7.0374 -0.29557
7.0344 -0.29645
7.0313 -0.29732
7.0283 -0.29820
7.0252 -0.29907
7.0222 -0.29993
7.0191 -0.30079
7.0160 -0.30165
7.0130 -0.30250
7.0099 -0.30335
7.0068 -0.30420
7.0037 -0.30504
7.0006 -0.30588
6.9975 -0.30672
6.9944 -0.30755
6.9912 -0.30837
6.9881 -0.30920
6.9850 -0.31002
6.9818 -0.31084
6.9787 -0.31165
6.9756 -0.31246
6.9724 -0.31326
6.9692 -0.31407
6.9661 -0.31486
6.9629 -0.31566
6.9597 -0.31645
6.9566 -0.31724
6.9534 -0.31802
6.9502 -0.31880
6.9470 -0.31958
6.9438 -0.32035
6.9406 -0.32112
6.9373 -0.32188
6.9341 -0.32264
6.9309 -0.32340
6.9277 -0.32415
6.9244 -0.32490
6.9212 -0.32565
6.9179 -0.32639
6.9147 -0.32713
6.9114 -0.32787
6.9082 -0.32860
6.9049 -0.32933
6.9016 -0.33005
6.8983 -0.33077
6.8950 -0.33149
6.8918 -0.33220
6.8885 -0.33291
6.8852 -0.33361
6.8819 -0.33431
6.8785 -0.33501
6.8752 -0.33571
6.8719 -0.33640
6.8686 -0.33708
6.8652 -0.33776
6.8619 -0.33844
6.8586 -0.33912
6.8552 -0.33979
6.8519 -0.34046
6.8485 -0.34112
6.8451 -0.34178
6.8418 -0.34244
6.8384 -0.34309
6.8350 -0.34374
6.8317 -0.34438
6.8283 -0.34502
6.8249 -0.34566
6.8215 -0.34629
6.8181 -0.34692
6.8147 -0.34755
6.8113 -0.34817
6.8079 -0.34879
6.8044 -0.34940
6.8010 -0.35001
6.7976 -0.35062
6.7942 -0.35122
6.7907 -0.35182
6.7873 -0.35241
6.7838 -0.35300
6.7804 -0.35359
6.7769 -0.35417
6.7735 -0.35475
6.7700 -0.35533
6.7665 -0.35590
6.7630 -0.35646
6.7596 -0.35703
6.7561 -0.35759
6.7526 -0.35814
6.7491 -0.35869
6.7456 -0.35924
6.7421 -0.35978
6.7386 -0.36032
6.7351 -0.36086
6.7316 -0.36139
6.7281 -0.36192
6.7245 -0.36244
6.7210 -0.36296
6.7175 -0.36348
6.7139 -0.36399
6.7104 -0.36449
6.7069 -0.36500
6.7033 -0.36550
6.6998 -0.36599
6.6962 -0.36648
6.6926 -0.36697
6.6891 -0.36745
6.6855 -0.36793
6.6819 -0.36841
6.6784 -0.36888
6.6748 -0.36935
6.6712 -0.36981
6.6676 -0.37027
6.6640 -0.37072
6.6604 -0.37117
6.6568 -0.37162
6.6532 -0.37206
6.6496 -0.37250
6.6460 -0.37293
6.6424 -0.37336
6.6388 -0.37379
6.6352 -0.37421
6.6315 -0.37463
6.6279 -0.37504
6.6243 -0.37545
6.6206 -0.37585
6.6170 -0.37626
6.6134 -0.37665
6.6097 -0.37704
6.6061 -0.37743
6.6024 -0.37782
6.5988 -0.37819
6.5951 -0.37857
6.5914 -0.37894
6.5878 -0.37931
6.5841 -0.37967
6.5804 -0.38003
6.5768 -0.38038
6.5731 -0.38073
6.5694 -0.38108
6.5657 -0.38142
6.5620 -0.38175
6.5583 -0.38209
6.5547 -0.38241
6.5510 -0.38274
6.5473 -0.38306
6.5436 -0.38337
6.5399 -0.38368
6.5362 -0.38399
6.5324 -0.38429
6.5287 -0.38459
6.5250 -0.38488
6.5213 -0.38517
6.5176 -0.38546
6.5139 -0.38574
6.5101 -0.38601
6.5064 -0.38629
