x y
0.0 0.0
0.005 -0.005000000000
0.01 -0.009999972130
0.015 -0.01499986028
0.02 -0.01999960776
0.025 -0.02499915735
0.03 -0.02999845123
0.035 -0.03499743099
0.04 -0.03999603769
0.045 -0.04499421174
0.05 -0.04999189301
0.055 -0.05498902074
0.06 -0.05998553359
0.065 -0.06498136960
0.07 -0.06997646620
0.075 -0.07497076021
0.08 -0.07996418782
0.085 -0.08495668460
0.09 -0.08994818549
0.095 -0.09493862479
0.1 -0.09992793616
0.105 -0.1049160526
0.11 -0.1099029065
0.115 -0.1148884296
0.12 -0.1198725528
0.125 -0.1248552066
0.13 -0.1298363208
0.135 -0.1348158242
0.14 -0.1397936454
0.145 -0.1447697119
0.15 -0.1497439507
0.155 -0.1547162882
0.16 -0.1596866499
0.165 -0.1646549607
0.17 -0.1696211449
0.17500000000000002 -0.1745851258
0.18 -0.1795468263
0.185 -0.1845061683
0.19 -0.1894630732
0.195 -0.1944174616
0.2 -0.1993692533
0.20500000000000002 -0.2043183675
0.21 -0.2092647225
0.215 -0.2142082360
0.22 -0.2191488248
0.225 -0.2240864051
0.23 -0.2290208922
0.23500000000000001 -0.2339522008
0.24 -0.2388802447
0.245 -0.2438049370
0.25 -0.2487261901
0.255 -0.2536439155
0.26 -0.2585580239
0.265 -0.2634684254
0.27 -0.2683750292
0.275 -0.2732777437
0.28 -0.2781764766
0.28500000000000003 -0.2830711346
0.29 -0.2879616240
0.295 -0.2928478499
0.3 -0.2977297168
0.305 -0.3026071285
0.31 -0.3074799877
0.315 -0.3123481966
0.32 -0.3172116565
0.325 -0.3220702679
0.33 -0.3269239303
0.335 -0.3317725427
0.34 -0.3366160032
0.34500000000000003 -0.3414542090
0.35000000000000003 -0.3462870566
0.355 -0.3511144416
0.36 -0.3559362588
0.365 -0.3607524023
0.37 -0.3655627653
0.375 -0.3703672402
0.38 -0.3751657187
0.385 -0.3799580916
0.39 -0.3847442488
0.395 -0.3895240797
0.4 -0.3942974725
0.405 -0.3990643150
0.41000000000000003 -0.4038244940
0.41500000000000004 -0.4085778954
0.42 -0.4133244046
0.425 -0.4180639060
0.43 -0.4227962833
0.435 -0.4275214194
0.44 -0.4322391965
0.445 -0.4369494958
0.45 -0.4416521980
0.455 -0.4463471829
0.46 -0.4510343296
0.465 -0.4557135165
0.47000000000000003 -0.4603846211
0.47500000000000003 -0.4650475203
0.48 -0.4697020902
0.485 -0.4743482061
0.49 -0.4789857429
0.495 -0.4836145743
0.5 -0.4882345738
0.505 -0.4928456139
0.51 -0.4974475664
0.515 -0.5020403026
0.52 -0.5066236931
0.525 -0.5111976076
0.53 -0.5157619155
0.535 -0.5203164853
0.54 -0.5248611851
0.545 -0.5293958821
0.55 -0.5339204432
0.555 -0.5384347344
0.56 -0.5429386214
0.5650000000000001 -0.5474319692
0.5700000000000001 -0.5519146422
0.5750000000000001 -0.5563865043
0.58 -0.5608474190
0.585 -0.5652972490
0.59 -0.5697358568
0.595 -0.5741631042
0.6 -0.5785788527
0.605 -0.5829829631
0.61 -0.5873752961
0.615 -0.5917557117
0.62 -0.5961240696
0.625 -0.6004802291
0.63 -0.6048240492
0.635 -0.6091553884
0.64 -0.6134741049
0.645 -0.6177800567
0.65 -0.6220731014
0.655 -0.6263530964
0.66 -0.6306198988
0.665 -0.6348733654
0.67 -0.6391133528
0.675 -0.6433397175
0.68 -0.6475523158
0.685 -0.6517510038
0.6900000000000001 -0.6559356374
0.6950000000000001 -0.6601060725
0.7000000000000001 -0.6642621649
0.705 -0.6684037704
0.71 -0.6725307445
0.715 -0.6766429430
0.72 -0.6807402215
0.725 -0.6848224357
0.73 -0.6888894414
0.735 -0.6929410944
0.74 -0.6969772505
0.745 -0.7009977659
0.75 -0.7050024968
0.755 -0.7089912996
0.76 -0.7129640308
0.765 -0.7169205473
0.77 -0.7208607061
0.775 -0.7247843647
0.78 -0.7286913806
0.785 -0.7325816120
0.79 -0.7364549171
0.795 -0.7403111548
0.8 -0.7441501841
0.805 -0.7479718648
0.81 -0.7517760570
0.8150000000000001 -0.7555626211
0.8200000000000001 -0.7593314184
0.8250000000000001 -0.7630823105
0.8300000000000001 -0.7668151596
0.835 -0.7705298287
0.84 -0.7742261811
0.845 -0.7779040811
0.85 -0.7815633935
0.855 -0.7852039839
0.86 -0.7888257185
0.865 -0.7924284645
0.87 -0.7960120897
0.875 -0.7995764627
0.88 -0.8031214533
0.885 -0.8066469317
0.89 -0.8101527694
0.895 -0.8136388385
0.9 -0.8171050123
0.905 -0.8205511651
0.91 -0.8239771720
0.915 -0.8273829092
0.92 -0.8307682542
0.925 -0.8341330851
0.93 -0.8374772817
0.935 -0.8408007244
0.9400000000000001 -0.8441032952
0.9450000000000001 -0.8473848768
0.9500000000000001 -0.8506453536
0.9550000000000001 -0.8538846109
0.96 -0.8571025353
0.965 -0.8602990147
0.97 -0.8634739385
0.975 -0.8666271970
0.98 -0.8697586821
0.985 -0.8728682870
0.99 -0.8759559064
0.995 -0.8790214361
1.0 -0.8820647736
1.0050000000000001 -0.8850858176
1.01 -0.8880844684
1.0150000000000001 -0.8910606278
1.02 -0.8940141989
1.025 -0.8969450864
1.03 -0.8998531966
1.035 -0.9027384372
1.04 -0.9056007175
1.045 -0.9084399483
1.05 -0.9112560421
1.055 -0.9140489127
1.06 -0.9168184759
1.065 -0.9195646488
1.07 -0.9222873502
1.075 -0.9249865006
1.08 -0.9276620221
1.085 -0.9303138383
1.09 -0.9329418746
1.095 -0.9355460582
1.1 -0.9381263176
1.105 -0.9406825833
1.11 -0.9432147874
1.115 -0.9457228636
1.12 -0.9482067474
1.125 -0.9506663758
1.1300000000000001 -0.9531016879
1.135 -0.9555126240
1.1400000000000001 -0.9578991265
1.145 -0.9602611393
1.1500000000000001 -0.9625986082
1.155 -0.9649114803
1.16 -0.9671997050
1.165 -0.9694632328
1.17 -0.9717020164
1.175 -0.9739160100
1.18 -0.9761051694
1.185 -0.9782694522
1.19 -0.9804088177
1.195 -0.9825232269
1.2 -0.9846126425
1.205 -0.9866770288
1.21 -0.9887163519
1.215 -0.9907305794
1.22 -0.9927196806
1.225 -0.9946836266
1.23 -0.9966223900
1.235 -0.9985359450
1.24 -1.000424268
1.245 -1.002287335
1.25 -1.004125127
1.2550000000000001 -1.005937624
1.26 -1.007724809
1.2650000000000001 -1.009486664
1.27 -1.011223176
1.2750000000000001 -1.012934332
1.28 -1.014620120
1.285 -1.016280530
1.29 -1.017915554
1.295 -1.019525185
1.3 -1.021109418
1.305 -1.022668248
1.31 -1.024201673
1.315 -1.025709692
1.32 -1.027192306
1.325 -1.028649516
1.33 -1.030081325
1.335 -1.031487739
1.34 -1.032868762
1.345 -1.034224403
1.35 -1.035554669
1.355 -1.036859571
1.36 -1.038139121
1.365 -1.039393329
1.37 -1.040622212
1.375 -1.041825782
1.3800000000000001 -1.043004058
1.385 -1.044157055
1.3900000000000001 -1.045284794
1.395 -1.046387293
1.4000000000000001 -1.047464574
1.405 -1.048516659
1.41 -1.049543571
1.415 -1.050545335
1.42 -1.051521976
1.425 -1.052473521
1.43 -1.053399997
1.435 -1.054301433
1.44 -1.055177859
1.445 -1.056029305
1.45 -1.056855802
1.455 -1.057657384
1.46 -1.058434085
1.465 -1.059185937
1.47 -1.059912978
1.475 -1.060615243
1.48 -1.061292768
1.485 -1.061945593
1.49 -1.062573756
1.495 -1.063177297
1.5 -1.063756256
1.5050000000000001 -1.064310674
1.51 -1.064840593
1.5150000000000001 -1.065346056
1.52 -1.065827106
1.5250000000000001 -1.066283788
1.53 -1.066716146
1.5350000000000001 -1.067124225
1.54 -1.067508073
1.545 -1.067867735
1.55 -1.068203260
1.555 -1.068514695
1.56 -1.068802088
1.565 -1.069065490
1.57 -1.069304949
1.575 -1.069520517
1.58 -1.069712243
1.585 -1.069880180
1.59 -1.070024378
1.595 -1.070144892
1.6 -1.070241772
1.605 -1.070315073
1.61 -1.070364847
1.615 -1.070391150
1.62 -1.070394036
1.625 -1.070373559
1.6300000000000001 -1.070329775
1.635 -1.070262740
1.6400000000000001 -1.070172508
1.645 -1.070059138
1.6500000000000001 -1.069922685
1.655 -1.069763206
1.6600000000000001 -1.069580759
1.665 -1.069375401
1.67 -1.069147189
1.675 -1.068896183
1.68 -1.068622440
1.685 -1.068326018
1.69 -1.068006977
1.695 -1.067665376
1.7 -1.067301273
1.705 -1.066914729
1.71 -1.066505801
1.715 -1.066074552
1.72 -1.065621039
1.725 -1.065145323
1.73 -1.064647465
1.735 -1.064127524
1.74 -1.063585561
1.745 -1.063021636
1.75 -1.062435811
1.7550000000000001 -1.061828145
1.76 -1.061198699
1.7650000000000001 -1.060547535
1.77 -1.059874712
1.7750000000000001 -1.059180293
1.78 -1.058464337
1.7850000000000001 -1.057726907
1.79 -1.056968062
1.795 -1.056187864
1.8 -1.055386374
1.805 -1.054563654
1.81 -1.053719763
1.815 -1.052854763
1.82 -1.051968715
1.825 -1.051061680
1.83 -1.050133720
1.835 -1.049184894
1.84 -1.048215263
1.845 -1.047224890
1.85 -1.046213833
1.855 -1.045182154
1.86 -1.044129914
1.865 -1.043057173
1.87 -1.041963991
1.875 -1.040850428
1.8800000000000001 -1.039716546
1.885 -1.038562403
1.8900000000000001 -1.037388061
1.895 -1.036193579
1.9000000000000001 -1.034979016
1.905 -1.033744433
1.9100000000000001 -1.032489889
1.915 -1.031215444
1.92 -1.029921156
1.925 -1.028607085
1.93 -1.027273290
1.935 -1.025919830
1.94 -1.024546763
1.945 -1.023154148
1.95 -1.021742044
1.955 -1.020310509
1.96 -1.018859600
1.965 -1.017389376
1.97 -1.015899894
1.975 -1.014391213
1.98 -1.012863389
1.985 -1.011316479
1.99 -1.009750541
1.995 -1.008165631
2.0 -1.006561807
2.005 -1.004939124
2.0100000000000002 -1.003297639
2.015 -1.001637408
2.02 -0.9999584866
2.025 -0.9982609308
2.0300000000000002 -0.9965447960
2.035 -0.9948101375
2.04 -0.9930570103
2.045 -0.9912854693
2.05 -0.9894955691
2.055 -0.9876873643
2.06 -0.9858609090
2.065 -0.9840162573
2.07 -0.9821534630
2.075 -0.9802725797
2.08 -0.9783736608
2.085 -0.9764567595
2.09 -0.9745219286
2.095 -0.9725692209
2.1 -0.9705986890
2.105 -0.9686103851
2.11 -0.9666043613
2.115 -0.9645806694
2.12 -0.9625393611
2.125 -0.9604804877
2.13 -0.9584041005
2.1350000000000002 -0.9563102504
2.14 -0.9541989880
2.145 -0.9520703640
2.15 -0.9499244285
2.1550000000000002 -0.9477612317
2.16 -0.9455808233
2.165 -0.9433832530
2.17 -0.9411685701
2.1750000000000003 -0.9389368238
2.18 -0.9366880630
2.185 -0.9344223363
2.19 -0.9321396924
2.195 -0.9298401793
2.2 -0.9275238452
2.205 -0.9251907378
2.21 -0.9228409048
2.215 -0.9204743934
2.22 -0.9180912507
2.225 -0.9156915238
2.23 -0.9132752592
2.235 -0.9108425035
2.24 -0.9083933029
2.245 -0.9059277033
2.25 -0.9034457507
2.255 -0.9009474906
2.2600000000000002 -0.8984329683
2.265 -0.8959022291
2.27 -0.8933553178
2.275 -0.8907922791
2.2800000000000002 -0.8882131577
2.285 -0.8856179978
2.29 -0.8830068434
2.295 -0.8803797384
2.3000000000000003 -0.8777367266
2.305 -0.8750778514
2.31 -0.8724031560
2.315 -0.8697126834
2.32 -0.8670064766
2.325 -0.8642845782
2.33 -0.8615470305
2.335 -0.8587938760
2.34 -0.8560251565
2.345 -0.8532409140
2.35 -0.8504411901
2.355 -0.8476260263
2.36 -0.8447954638
2.365 -0.8419495438
2.37 -0.8390883071
2.375 -0.8362117944
2.38 -0.8333200463
2.3850000000000002 -0.8304131032
2.39 -0.8274910051
2.395 -0.8245537920
2.4 -0.8216015039
2.4050000000000002 -0.8186341802
2.41 -0.8156518605
2.415 -0.8126545841
2.42 -0.8096423901
2.4250000000000003 -0.8066153175
2.43 -0.8035734050
2.435 -0.8005166913
2.44 -0.7974452149
2.445 -0.7943590141
2.45 -0.7912581270
2.455 -0.7881425918
2.46 -0.7850124462
2.465 -0.7818677280
2.47 -0.7787084748
2.475 -0.7755347240
2.48 -0.7723465129
2.485 -0.7691438788
2.49 -0.7659268585
2.495 -0.7626954890
2.5 -0.7594498072
2.505 -0.7561898496
2.5100000000000002 -0.7529156529
2.515 -0.7496272533
2.52 -0.7463246873
2.525 -0.7430079910
2.5300000000000002 -0.7396772005
2.535 -0.7363323518
2.54 -0.7329734808
2.545 -0.7296006232
2.5500000000000003 -0.7262138148
2.555 -0.7228130911
2.56 -0.7193984876
2.565 -0.7159700399
2.57 -0.7125277831
2.575 -0.7090717527
2.58 -0.7056019837
2.585 -0.7021185114
2.59 -0.6986213708
2.595 -0.6951105969
2.6 -0.6915862247
2.605 -0.6880482890
2.61 -0.6844968248
2.615 -0.6809318668
2.62 -0.6773534498
2.625 -0.6737616086
2.63 -0.6701563778
2.6350000000000002 -0.6665377922
2.64 -0.6629058865
2.645 -0.6592606952
2.65 -0.6556022531
2.6550000000000002 -0.6519305948
2.66 -0.6482457549
2.665 -0.6445477681
2.67 -0.6408366690
2.6750000000000003 -0.6371124923
2.68 -0.6333752728
2.685 -0.6296250452
2.69 -0.6258618442
2.695 -0.6220857046
2.7 -0.6182966614
2.705 -0.6144947494
2.71 -0.6106800035
2.715 -0.6068524590
2.72 -0.6030121507
2.725 -0.5991591140
2.73 -0.5952933841
2.735 -0.5914149965
2.74 -0.5875239865
2.745 -0.5836203897
2.75 -0.5797042419
2.755 -0.5757755789
2.7600000000000002 -0.5718344366
2.765 -0.5678808512
2.77 -0.5639148588
2.775 -0.5599364959
2.7800000000000002 -0.5559457990
2.785 -0.5519428049
2.79 -0.5479275506
2.795 -0.5439000730
2.8000000000000003 -0.5398604096
2.805 -0.5358085979
2.81 -0.5317446756
2.815 -0.5276686806
2.82 -0.5235806513
2.825 -0.5194806261
2.83 -0.5153686437
2.835 -0.5112447431
2.84 -0.5071089636
2.845 -0.5029613449
2.85 -0.4988019267
2.855 -0.4946307494
2.86 -0.4904478534
2.865 -0.4862532797
2.87 -0.4820470695
2.875 -0.4778292644
2.88 -0.4735999064
2.8850000000000002 -0.4693590380
2.89 -0.4651067019
2.895 -0.4608429413
2.9 -0.4565678000
2.9050000000000002 -0.4522813221
2.91 -0.4479835522
2.915 -0.4436745353
2.92 -0.4393543172
2.9250000000000003 -0.4350229438
2.93 -0.4306804618
2.935 -0.4263269185
2.94 -0.4219623617
2.945 -0.4175868396
2.95 -0.4132004013
2.955 -0.4088030964
2.96 -0.4043949751
2.965 -0.3999760884
2.97 -0.3955464878
2.975 -0.3911062258
2.98 -0.3866553553
2.985 -0.3821939301
2.99 -0.3777220049
2.995 -0.3732396350
3.0 -0.3687468766
3.005 -0.3642437868
3.0100000000000002 -0.3597304235
3.015 -0.3552068455
3.02 -0.3506731126
3.025 -0.3461292854
3.0300000000000002 -0.3415754257
3.035 -0.3370115962
3.04 -0.3324378605
3.045 -0.3278542834
3.0500000000000003 -0.3232609309
3.055 -0.3186578700
3.06 -0.3140451688
3.065 -0.3094228966
3.0700000000000003 -0.3047911242
3.075 -0.3001499233
3.08 -0.2954993670
3.085 -0.2908395300
3.09 -0.2861704879
3.095 -0.2814923181
3.1 -0.2768050992
3.105 -0.2721089116
3.11 -0.2674038367
3.115 -0.2626899581
3.12 -0.2579673604
3.125 -0.2532361303
3.13 -0.2484963561
3.1350000000000002 -0.2437481277
3.14 -0.2389915369
3.145 -0.2342266773
3.15 -0.2294536445
3.1550000000000002 -0.2246725358
3.16 -0.2198834509
3.165 -0.2150864911
3.17 -0.2102817600
3.1750000000000003 -0.2054693635
3.18 -0.2006494095
3.185 -0.1958220082
3.19 -0.1909872723
3.1950000000000003 -0.1861453166
3.2 -0.1812962587
3.205 -0.1764402184
3.21 -0.1715773184
3.215 -0.1667076837
3.22 -0.1618314424
3.225 -0.1569487250
3.23 -0.1520596653
3.235 -0.1471643996
3.24 -0.1422630675
3.245 -0.1373558116
3.25 -0.1324427777
3.255 -0.1275241147
3.2600000000000002 -0.1225999751
3.265 -0.1176705145
3.27 -0.1127358923
3.275 -0.1077962712
3.2800000000000002 -0.1028518178
3.285 -0.09790270234
3.29 -0.09294909888
3.295 -0.08799118551
3.3000000000000003 -0.08302914434
3.305 -0.07806316159
3.31 -0.07309342776
3.315 -0.06812013764
3.3200000000000003 -0.06314349048
3.325 -0.05816369008
3.33 -0.05318094487
3.335 -0.04819546805
3.34 -0.04320747767
3.345 -0.03821719676
3.35 -0.03322485344
3.355 -0.02823068099
3.36 -0.02323491806
3.365 -0.01823780867
3.37 -0.01323960242
3.375 -0.008240554560
3.38 -0.003240926112
3.3850000000000002 0.001759015995
3.39 0.006758998815
3.395 0.01175874326
3.4 0.01675796398
3.4050000000000002 0.02175636924
3.41 0.02675366079
3.415 0.03174953377
3.42 0.03674367654
3.4250000000000003 0.04173577062
3.43 0.04672549049
3.435 0.05171250354
3.44 0.05669646993
3.4450000000000003 0.06167704245
3.45 0.06665386640
3.455 0.07162657952
3.46 0.07659481184
3.465 0.08155818557
3.47 0.08651631498
3.475 0.09146880635
3.48 0.09641525781
3.485 0.1013552593
3.49 0.1062883923
3.495 0.1112142300
3.5 0.1161323372
3.505 0.1210422698
3.5100000000000002 0.1259435755
3.515 0.1308357928
3.52 0.1357184519
3.525 0.1405910738
3.5300000000000002 0.1454531708
3.535 0.1503042464
3.54 0.1551437950
3.545 0.1599713021
3.5500000000000003 0.1647862444
3.555 0.1695880894
3.56 0.1743762960
3.565 0.1791503141
3.5700000000000003 0.1839095846
3.575 0.1886535397
3.58 0.1933816031
3.585 0.1980931897
3.59 0.2027877059
3.595 0.2074645496
3.6 0.2121231107
3.605 0.2167627708
3.61 0.2213829036
3.615 0.2259828751
3.62 0.2305620437
3.625 0.2351197605
3.63 0.2396553698
3.6350000000000002 0.2441682086
3.64 0.2486576079
3.645 0.2531228923
3.65 0.2575633805
3.6550000000000002 0.2619783858
3.66 0.2663672163
3.665 0.2707291755
3.67 0.2750635624
3.6750000000000003 0.2793696724
3.68 0.2836467971
3.685 0.2878942256
3.69 0.2921112441
3.6950000000000003 0.2962971374
3.7 0.3004511885
3.705 0.3045726798
3.71 0.3086608933
3.715 0.3127151115
3.72 0.3167346178
3.725 0.3207186971
3.73 0.3246666365
3.735 0.3285777261
3.74 0.3324512592
3.745 0.3362865336
3.75 0.3400828516
3.755 0.3438395213
3.7600000000000002 0.3475558566
3.765 0.3512311786
3.77 0.3548648158
3.775 0.3584561047
3.7800000000000002 0.3620043910
3.785 0.3655090298
3.79 0.3689693863
3.795 0.3723848365
3.8000000000000003 0.3757547681
3.805 0.3790785806
3.81 0.3823556864
3.815 0.3855855110
3.8200000000000003 0.3887674939
3.825 0.3919010887
3.83 0.3949857641
3.835 0.3980210040
3.84 0.4010063084
3.845 0.4039411932
3.85 0.4068251913
3.855 0.4096578524
3.86 0.4124387436
3.865 0.4151674500
3.87 0.4178435743
3.875 0.4204667376
3.88 0.4230365794
3.8850000000000002 0.4255527579
3.89 0.4280149498
3.895 0.4304228510
3.9 0.4327761759
3.9050000000000002 0.4350746581
3.91 0.4373180503
3.915 0.4395061238
3.92 0.4416386691
3.9250000000000003 0.4437154951
3.93 0.4457364297
3.935 0.4477013191
3.94 0.4496100279
3.9450000000000003 0.4514624387
3.95 0.4532584521
3.955 0.4549979863
3.96 0.4566809767
3.9650000000000003 0.4583073758
3.97 0.4598771528
3.975 0.4613902933
3.98 0.4628467988
3.985 0.4642466865
3.99 0.4655899887
3.995 0.4668767527
4.0 0.4681070401
4.005 0.4692809264
4.01 0.4703985008
4.015 0.4714598657
4.0200000000000005 0.4724651358
4.025 0.4734144383
4.03 0.4743079122
4.035 0.4751457077
4.04 0.4759279857
4.045 0.4766549179
4.05 0.4773266856
4.055 0.4779434797
4.0600000000000005 0.4785055003
4.065 0.4790129560
4.07 0.4794660634
4.075 0.4798650473
4.08 0.4802101394
4.085 0.4805015784
4.09 0.4807396097
4.095 0.4809244846
4.1 0.4810564602
4.105 0.4811357989
4.11 0.4811627680
4.115 0.4811376395
4.12 0.4810606894
4.125 0.4809321980
4.13 0.4807524488
4.135 0.4805217286
4.14 0.4802403272
4.1450000000000005 0.4799085370
4.15 0.4795266527
4.155 0.4790949710
4.16 0.4786137905
4.165 0.4780834112
4.17 0.4775041344
4.175 0.4768762625
4.18 0.4762000985
4.1850000000000005 0.4754759462
4.19 0.4747041096
4.195 0.4738848929
4.2 0.4730186003
4.205 0.4721055359
4.21 0.4711460031
4.215 0.4701403051
4.22 0.4690887441
4.225 0.4679916217
4.23 0.4668492384
4.235 0.4656618934
4.24 0.4644298850
4.245 0.4631535098
4.25 0.4618330632
4.255 0.4604688388
4.26 0.4590611287
4.265 0.4576102230
4.2700000000000005 0.4561164103
4.275 0.4545799769
4.28 0.4530012074
4.285 0.4513803841
4.29 0.4497177874
4.295 0.4480136953
4.3 0.4462683837
4.305 0.4444821263
4.3100000000000005 0.4426551943
4.315 0.4407878567
4.32 0.4388803799
4.325 0.4369330282
4.33 0.4349460631
4.335 0.4329197440
4.34 0.4308543277
4.345 0.4287500683
4.3500000000000005 0.4266072177
4.355 0.4244260251
4.36 0.4222067374
4.365 0.4199495987
4.37 0.4176548510
4.375 0.4153227333
4.38 0.4129534826
4.385 0.4105473331
4.39 0.4081045167
4.3950000000000005 0.4056252628
4.4 0.4031097984
4.405 0.4005583479
4.41 0.3979711338
4.415 0.3953483757
4.42 0.3926902912
4.425 0.3899970955
4.43 0.3872690016
4.4350000000000005 0.3845062202
4.44 0.3817089598
4.445 0.3788774269
4.45 0.3760118258
4.455 0.3731123586
4.46 0.3701792256
4.465 0.3672126250
4.47 0.3642127531
4.4750000000000005 0.3611798044
4.48 0.3581139716
4.485 0.3550154454
4.49 0.3518844150
4.495 0.3487210682
4.5 0.3455255907
4.505 0.3422981671
4.51 0.3390389805
4.515 0.3357482125
4.5200000000000005 0.3324260436
4.525 0.3290726529
4.53 0.3256882186
4.535 0.3222729176
4.54 0.3188269261
4.545 0.3153504193
4.55 0.3118435716
4.555 0.3083065569
4.5600000000000005 0.3047395484
4.565 0.3011427188
4.57 0.2975162407
4.575 0.2938602863
4.58 0.2901750275
4.585 0.2864606368
4.59 0.2827172862
4.595 0.2789451484
4.6000000000000005 0.2751443964
4.605 0.2713152039
4.61 0.2674577452
4.615 0.2635721957
4.62 0.2596587316
4.625 0.2557175307
4.63 0.2517487721
4.635 0.2477526365
4.64 0.2437293065
4.6450000000000005 0.2396789669
4.65 0.2356018047
4.655 0.2314980095
4.66 0.2273677736
4.665 0.2232112926
4.67 0.2190287653
4.675 0.2148203940
4.68 0.2105863854
4.6850000000000005 0.2063269500
4.69 0.2020423032
4.695 0.1977326653
4.7 0.1933982619
4.705 0.1890393246
4.71 0.1846560910
4.715 0.1802488053
4.72 0.1758177188
4.7250000000000005 0.1713630905
4.73 0.1668851874
4.735 0.1623842853
4.74 0.1578606691
4.745 0.1533146336
4.75 0.1487464841
4.755 0.1441565371
4.76 0.1395451209
4.765 0.1349125765
4.7700000000000005 0.1302592585
4.775 0.1255855356
4.78 0.1208917917
4.785 0.1161784271
4.79 0.1114458588
4.795 0.1066945224
4.8 0.1019248725
4.805 0.09713738411
4.8100000000000005 0.09233255416
4.815 0.08751090237
4.82 0.08267297281
4.825 0.07781933532
4.83 0.07295058701
4.835 0.06806735384
4.84 0.06317029227
4.845 0.05826009103
4.8500000000000005 0.05333747296
4.855 0.04840319689
4.86 0.04345805966
4.865 0.03850289824
4.87 0.03353859187
4.875 0.02856606438
4.88 0.02358628651
4.885 0.01860027839
4.89 0.01360911203
4.8950000000000005 0.008613914001
4.9 0.003615868042
4.905 -0.001383782137
4.91 -0.006383730071
4.915 -0.01138260368
4.92 -0.01637896240
4.925 -0.02137129428
4.93 -0.02635801309
4.9350000000000005 -0.03133745550
4.94 -0.03630787823
4.945 -0.04126745539
4.95 -0.04621427588
4.955 -0.05114634100
4.96 -0.05606156220
4.965 -0.06095775919
4.97 -0.06583265826
4.9750000000000005 -0.07068389108
4.98 -0.07550899383
4.985 -0.08030540694
4.99 -0.08507047530
4.995 -0.08980144918
5.0 -0.09449548586
5.005 -0.09914965206
5.01 -0.1037609272
5.015 -0.1083262075
5.0200000000000005 -0.1128423116
5.025 -0.1173059860
5.03 -0.1217139133
5.035 -0.1260627199
5.04 -0.1303489860
5.045 -0.1345692559
5.05 -0.1387200498
5.055 -0.1427978767
5.0600000000000005 -0.1467992477
5.065 -0.1507206905
5.07 -0.1545587647
5.075 -0.1583100770
5.08 -0.1619712977
5.085 -0.1655391760
5.09 -0.1690105564
5.095 -0.1723823943
5.1000000000000005 -0.1756517707
5.105 -0.1788159065
5.11 -0.1818721760
5.115 -0.1848181186
5.12 -0.1876514493
5.125 -0.1903700680
5.13 -0.1929720665
5.135 -0.1954557344
5.14 -0.1978195627
5.1450000000000005 -0.2000622461
5.15 -0.2021826827
5.155 -0.2041799728
5.16 -0.2060534159
5.165 -0.2078025059
5.17 -0.2094269249
5.175 -0.2109265367
5.18 -0.2123013779
5.1850000000000005 -0.2135516494
5.19 -0.2146777063
5.195 -0.2156800479
5.2 -0.2165593071
5.205 -0.2173162399
5.21 -0.2179517140
5.215 -0.2184666988
5.22 -0.2188622546
5.2250000000000005 -0.2191395221
5.23 -0.2192997132
5.235 -0.2193441008
5.24 -0.2192740105
5.245 -0.2190908117
5.25 -0.2187959099
5.255 -0.2183907393
5.26 -0.2178767560
5.265 -0.2172554315
5.2700000000000005 -0.2165282473
5.275 -0.2156966894
5.28 -0.2147622440
5.285 -0.2137263926
5.29 -0.2125906090
5.295 -0.2113563554
5.3 -0.2100250797
5.305 -0.2085982128
5.3100000000000005 -0.2070771668
5.315 -0.2054633324
5.32 -0.2037580780
5.325 -0.2019627483
5.33 -0.2000786628
5.335 -0.1981071156
5.34 -0.1960493742
5.345 -0.1939066797
5.3500000000000005 -0.1916802462
5.355 -0.1893712608
5.36 -0.1869808839
5.365 -0.1845102494
5.37 -0.1819604646
5.375 -0.1793326116
5.38 -0.1766277472
5.385 -0.1738469039
5.39 -0.1709910907
5.3950000000000005 -0.1680612941
5.4 -0.1650584792
5.405 -0.1619835909
5.41 -0.1588375549
5.415 -0.1556212795
5.42 -0.1523356568
5.425 -0.1489815646
5.43 -0.1455598680
5.4350000000000005 -0.1420714214
5.44 -0.1385170710
5.445 -0.1348976562
5.45 -0.1312140132
5.455 -0.1274669770
5.46 -0.1236573847
5.465 -0.1197860786
5.47 -0.1158539102
5.4750000000000005 -0.1118617439
5.48 -0.1078104615
5.485 -0.1037009669
5.49 -0.09953419188
5.495 -0.09531110197
5.5 -0.09103270301
5.505 -0.08670004881
5.51 -0.08231424941
5.515 -0.07787648048
5.5200000000000005 -0.07338799372
5.525 -0.06885012865
5.53 -0.06426432570
5.535 -0.05963214102
5.54 -0.05495526304
5.545 -0.05023553108
5.55 -0.04547495618
5.555 -0.04067574459
5.5600000000000005 -0.03584032390
5.565 -0.03097137239
5.57 -0.02607185167
5.575 -0.02114504297
5.58 -0.01619458732
5.585 -0.01122452973
5.59 -0.006239367490
5.595 -0.001244102464
5.6000000000000005 0.003755702877
5.605 0.008753866361
5.61 0.01374352494
5.615 0.01871707296
5.62 0.02366610216
5.625 0.02858134626
5.63 0.03345263423
5.635 0.03826885690
5.64 0.04301795296
5.6450000000000005 0.04768692095
5.65 0.05226186424
5.655 0.05672807620
5.66 0.06107017138
5.665 0.06527226669
5.67 0.06931821308
5.675 0.07319187384
5.68 0.07687744017
5.6850000000000005 0.08035976940
5.69 0.08362472644
5.695 0.08665950619
5.7 0.08945291448
5.705 0.09199558762
5.71 0.09428013640
5.715 0.09630120748
5.72 0.09805546316
5.7250000000000005 0.09954148773
5.73 0.1007596340
5.735 0.1017118268
5.74 0.1024013404
5.745 0.1028325665
5.75 0.1030107854
5.755 0.1029419515
5.76 0.1026324989
5.765 0.1020891709
5.7700000000000005 0.1013188760
5.775 0.1003285685
5.78 0.09912515262
5.785 0.09771540810
5.79 0.09610593408
5.795 0.09430310895
5.8 0.09231306360
5.805 0.09014166568
5.8100000000000005 0.08779451303
5.815 0.08527693482
5.82 0.08259399882
5.825 0.07975052429
5.83 0.07675109958
5.835 0.07360010431
5.84 0.07030173615
5.845 0.06686004242
5.8500000000000005 0.06327895743
5.855 0.05956234634
5.86 0.05571405743
5.865 0.05173798456
5.87 0.04763814295
5.875 0.04341876169
5.88 0.03908439817
5.885 0.03464008033
5.89 0.03009148517
5.8950000000000005 0.02544516351
5.9 0.02070882400
5.905 0.01589169219
5.91 0.01100496277
5.915 0.006062365414
5.92 0.001080862503
5.925 -0.003918510095
5.93 -0.008909668058
5.9350000000000005 -0.01386041840
5.94 -0.01873143345
5.945 -0.02347548576
5.95 -0.02803730426
5.955 -0.03235452465
5.96 -0.03636019422
5.965 -0.03998701893
5.97 -0.04317295012
5.9750000000000005 -0.04586698378
5.98 -0.04803363557
5.985 -0.04965486144
5.99 -0.05072913619
5.995 -0.05126839601
6.0 -0.05129403265
6.005 -0.05083300005
6.01 -0.04991465158
6.015000000000001 -0.04856849469
6.0200000000000005 -0.04682278164
6.025 -0.04470374978
6.03 -0.04223531988
6.035 -0.03943910104
6.04 -0.03633460049
6.045 -0.03293958369
6.05 -0.02927057205
6.055 -0.02534350554
6.0600000000000005 -0.02117464393
6.065 -0.01678184219
6.07 -0.01218642688
6.075 -0.007416035930
6.08 -0.002508969414
6.085 0.002479215760
6.09 0.007466191424
6.095 0.01233079581
6.1000000000000005 0.01690241859
6.105 0.02096320022
6.11 0.02427971679
6.115 0.02666522908
6.12 0.02803469354
6.125 0.02840823065
6.13 0.02787058498
6.135 0.02652709094
6.140000000000001 0.02447785614
6.1450000000000005 0.02180844142
6.15 0.01858947478
6.155 0.01488028788
6.16 0.01073497005
6.165 0.006211796563
6.17 0.001389764476
6.175 -0.003599886383
6.18 -0.008515909680
6.1850000000000005 -0.01293105971
6.19 -0.01624874798
6.195 -0.01799826948
6.2 -0.01814002567
6.205 -0.01692146523
6.21 -0.01461486957
6.215 -0.01142919798
6.22 -0.007518939775
6.2250000000000005 -0.003020130236
6.23 0.001886825633
6.235 0.006841658297
6.24 0.01106481545
6.245 0.01345006315
6.25 0.01360571868
6.255 0.01198668952
6.26 0.009076980281
6.265000000000001 0.005194035269
6.2700000000000005 0.0005824140870
6.275 -0.004411730437
6.28 -0.008968562234
6.285 -0.01155891100
6.29 -0.01149848615
6.295 -0.009468230693
6.3 -0.006092989036
6.305 -0.001751596792
6.3100000000000005 0.003185905891
6.315 0.007915704331
6.32 0.01070011136
6.325 0.01058893677
6.33 0.008391401250
6.335 0.004818107114
6.34 0.0002903628695
6.345 -0.004707589087
6.3500000000000005 -0.008986267736
6.355 -0.01059767896
6.36 -0.009458576518
6.365 -0.006546012643
6.37 -0.002444842151
6.375 0.002417329984
6.38 0.007243653420
6.385 0.01016360955
6.390000000000001 0.01001235729
6.3950000000000005 0.007697495044
6.4 0.003990531474
6.405 -0.0006537483440
6.41 -0.005642039977
6.415 -0.009466598428
6.42 -0.01028312306
6.425 -0.008560367491
6.43 -0.005239180746
6.4350000000000005 -0.0008415568976
6.44 0.004140345134
6.445 0.008556494700
6.45 0.01032968456
6.455 0.009235703391
6.46 0.006314650732
6.465 0.002185772163
6.47 -0.002698928932
6.4750000000000005 -0.007470824552
6.48 -0.01015248168
6.485 -0.009753135596
6.49 -0.007264198998
6.495 -0.003428016147
6.5 0.001300725732
6.505 0.006251895325
6.51 0.009733689634
6.515000000000001 0.01011102768
6.5200000000000005 0.008101554438
6.525 0.004585852062
6.53 0.00005642375442
6.535 -0.004943490986
6.54 -0.009063780544
6.545 -0.01029273223
6.55 -0.008824083844
6.555 -0.005660995108
6.5600000000000005 -0.001365924878
6.565 0.003587255021
6.57 0.008160545423
6.575 0.01027539824
6.58 0.009422448367
6.585 0.006649693659
6.59 0.002619880366
6.595 -0.002216835037
6.6000000000000005 -0.007066906560
6.605 -0.01003290703
6.61 -0.009882934811
6.615 -0.007546400220
6.62 -0.003812011317
6.625 0.0008560732261
6.63 0.005835426839
6.635 0.009542510754
6.640000000000001 0.01018611151
6.6450000000000005 0.008342088940
6.65 0.004934916693
6.655 0.0004763356829
6.66 -0.004517716012
6.665 -0.008801227225
6.67 -0.01030848551
6.675 -0.009024759215
6.68 -0.005979834434
6.6850000000000005 -0.001764699881
6.69 0.003158533052
6.695 0.007836213152
6.7 0.01022446897
6.705 0.009581184930
6.71 0.006939148739
6.715 0.002998169479
6.72 -0.001790959855
6.7250000000000005 -0.006695551634
6.73 -0.009907271061
6.735 -0.009994914533
6.74 -0.007805049974
6.745 -0.004168905724
6.75 0.0004380155418
6.755 0.005432735034
6.76 0.009338215720
6.765000000000001 0.01024453530
6.7700000000000005 0.008566778328
6.775 0.005268188581
6.78 0.0008818173297
6.785 -0.004098206865
6.79 -0.008523449970
6.795 -0.01030569687
6.8 -0.009211676765
6.805 -0.006287152643
6.8100000000000005 -0.002153908292
6.815 0.002733624493
6.82 0.007498372741
6.825 0.01015211855
6.83 0.009725784938
6.835 0.007218369217
6.84 0.003368669840
6.845 -0.001368502229
6.8500000000000005 -0.006314162017
6.855 -0.009757913997
6.86 -0.01009105525
6.865 -0.008053207033
6.87 -0.004518200336
6.875 0.00002402479720
6.88 0.005024009264
6.885 0.009110463454
6.890000000000001 0.01028486880
6.8950000000000005 0.008780052305
6.9 0.005593417124
6.905 0.001282295173
6.91 -0.003676269998
6.915 -0.008225551627
6.92 -0.01028229307
6.925 -0.009385976895
6.93 -0.006585914659
6.9350000000000005 -0.002537432016
6.94 0.002308888887
6.945 0.007145327293
6.95 0.01005654286
6.955 0.009856072428
6.96 0.007488289132
6.965 0.003732840152
6.97 -0.0009481226192
6.9750000000000005 -0.005922663526
6.98 -0.009583963375
6.985 -0.01017069154
6.99 -0.008290950789
6.995 -0.004860303431
7.0 -0.0003862256057
7.005 0.004609845522
7.01 0.008859646449
7.015000000000001 0.01030630378
7.0200000000000005 0.008981683309
7.025 0.005910654389
7.03 0.001677790553
7.035 -0.003252548365
7.04 -0.007908779277
7.045 -0.01023738555
7.05 -0.009547231000
7.055 -0.006876011455
7.0600000000000005 -0.002915198737
7.065 0.001884839446
7.07 0.006778575278
7.075 0.009937052231
7.08 0.009971411742
7.085 0.007748624375
7.09 0.004090475263
7.095 -0.0005303084820
7.1000000000000005 -0.005522528646
7.105 -0.009385520598
7.11 -0.01023309401
7.115 -0.008517913576
7.12 -0.005194962490
7.125 -0.0007923121016
7.13 0.004191490024
7.135 0.008586839134
7.140000000000001 0.01030805508
7.1450000000000005 0.009171275863
7.15 0.006219700081
7.155 0.002068039893
7.16 -0.002827906517
7.165 -0.007574697241
7.17 -0.01017014685
7.175 -0.009694909096
7.18 -0.007157200579
7.1850000000000005 -0.003286991889
7.19 0.001462087763
7.195 0.006399721578
7.2 0.009793177886
7.205 0.01007111777
7.21 0.007999020916
7.215 0.004441295223
7.22 -0.0001155920901
7.2250000000000005 -0.005115230741
7.23 -0.009163031165
7.235 -0.01027752151
7.24 -0.008733711880
7.245 -0.005521921761
7.25 -0.001193837130
7.255 0.003770097243
7.26 0.008293347427
7.265000000000001 0.01028931396
7.2700000000000005 0.009348402707
7.275 0.006520349825
7.28 0.002452805220
7.285 -0.002403114732
7.29 -0.007224919825
7.295 -0.01007979850
7.3 -0.009828424337
7.305 -0.007429200355
7.3100000000000005 -0.003652573127
7.315 0.001041216721
7.32 0.006010349005
7.325 0.009624692938
7.33 0.01015447960
7.335 0.008239104623
7.34 0.004785012293
7.345 0.0002955213866
7.3500000000000005 -0.004702167597
7.355 -0.008917252106
7.36 -0.01030321815
7.365 -0.008937959417
7.37 -0.005840948558
7.375 -0.001590460438
7.38 0.003346695305
7.385 0.007980632743
7.390000000000001 0.01024925152
7.3950000000000005 0.009512595716
7.4 0.006812388847
7.405 0.002831867000
7.41 -0.001978859694
7.415 -0.006861071362
7.42 -0.009965663551
7.425 -0.009947139139
7.43 -0.007691692198
7.4350000000000005 -0.004011681962
7.44 0.0006227868734
7.445 0.005612001716
7.45 0.009431658800
7.455 0.01022077044
7.46 0.008468493097
7.465 0.005121346192
7.47 0.0007025681602
7.4750000000000005 -0.004284638517
7.48 -0.008649219213
7.485 -0.01030940689
7.49 -0.009130259412
7.495 -0.006151829784
7.5 -0.001981895570
7.505 0.002922187831
7.51 0.007650253876
7.515000000000001 0.01018703853
7.5200000000000005 0.009663335538
7.525 0.007095577868
7.53 0.003205005708
7.535 -0.001555768750
7.54 -0.006484765703
7.545 -0.009827229723
7.55 -0.01005037540
7.555 -0.007944326295
7.5600000000000005 -0.004364039275
7.565 0.0002073381724
7.57 0.005206169800
7.575 0.009214451383
7.58 0.01026925186
7.585 0.008686802372
7.59 0.005450035225
7.595 0.001105136949
7.6000000000000005 -0.003863826540
7.605 -0.008360196416
7.61 -0.01029528480
7.615 -0.009310191614
7.62 -0.006454360821
7.625 -0.002367897295
7.63 0.002497367473
7.635 0.007303819527
7.640000000000001 0.01010188198
7.6450000000000005 0.009800047403
7.65 0.007369643335
7.655 0.003571987296
7.66 -0.001134431239
7.665 -0.006097592737
7.67 -0.009664212140
7.675 -0.01013742687
7.68 -0.008186731645
7.6850000000000005 -0.004709357387
7.69 -0.0002046166113
7.695 0.004794270203
7.7 0.008973760785
7.705 0.01029917177
7.71 0.008893647133
7.715 0.005770841468
7.72 0.001502874597
7.7250000000000005 -0.003440788249
7.73 -0.008051615987
7.735 -0.01026002634
7.74 -0.009477298014
7.745 -0.006748330464
7.75 -0.002748243575
7.755 0.002072937433
7.76 0.006942953969
7.765000000000001 0.009993077140
7.7700000000000005 0.009922104249
7.775 0.007634274559
7.78 0.003932556146
7.785 -0.0007154122093
7.79 -0.005701106418
7.795 -0.009476605109
7.8 -0.01020756971
7.805000000000001 -0.008418526913
7.8100000000000005 -0.005047353248
7.815 -0.0006126034218
7.82 0.004377625813
7.825 0.008710564781
7.83 0.01030975838
7.835 0.009088633934
7.84 0.006083548224
7.845 0.001895483532
7.8500000000000005 -0.003016454086
7.855 -0.007725019646
7.86 -0.01020279978
7.865 -0.009631071240
7.87 -0.007033505924
7.875 -0.003122716345
7.88 0.001649536193
7.885 0.006569274698
7.890000000000001 0.009860069587
7.8950000000000005 0.01002883591
7.9 0.007889127896
7.905 0.004286436591
7.91 -0.0002992564994
7.915 -0.005296810365
7.92 -0.009264713804
7.925 -0.01026006804
7.930000000000001 -0.008639328207
7.9350000000000005 -0.005377760336
7.94 -0.001016198588
7.945 0.003957446679
7.95 0.008426081672
7.955 0.01030021460
7.96 0.009271348982
7.965 0.006387950212
7.97 0.002282710797
7.9750000000000005 -0.002591639690
7.98 -0.007382008451
7.985 -0.01012280008
7.99 -0.009770948805
7.995 -0.007309621762
8.0 -0.003491085687
8.005 0.001227760028
8.01 0.006184377934
8.015 0.009702518962
8.02 0.01011954136
8.025 0.008133836075
8.03 0.004633341756
8.035 0.0001135161939
8.040000000000001 -0.004886139549
8.045 -0.009029160016
8.05 -0.01029417323
8.055 -0.008848750864
8.06 -0.005700335390
8.065 -0.001415035963
8.07 0.003534817819
8.075 0.008121711634
8.08 0.01026971902
8.085 0.009441343804
8.09 0.006683839053
8.095 0.002664330898
8.1 -0.002167066008
8.105 -0.007024205522
8.11 -0.01001929779
8.115 -0.009896314636
8.120000000000001 -0.007576375402
8.125 -0.003853100936
8.13 0.0008081786750
8.135 0.005789826721
8.14 0.009520354048
8.145 0.01019349995
8.15 0.008368019218
8.155 0.004972986421
8.16 0.0005224221422
8.165000000000001 -0.004470439501
8.17 -0.008770861143
8.175 -0.01030911845
8.18 -0.009046404146
8.185 -0.006014857622
8.19 -0.001808806309
8.195 0.003110697062
8.2 0.007798976824
8.205 0.01021743905
8.21 0.009598122723
8.215 0.006970987896
8.22 0.003040126442
8.225 -0.001743383781
8.23 -0.006653231306
8.235 -0.009891699522
8.24 -0.01000650713
8.245000000000001 -0.007833429844
8.25 -0.004208490332
8.255 0.0003913415983
8.26 0.005387137292
8.265 0.009313809565
8.27 0.01024997833
8.275 0.008591293608
8.28 0.005305099586
8.285 0.0009270256538
8.290000000000001 -0.004050946660
8.295 -0.008490986926
8.3 -0.01030411247
8.305 -0.009231880003
8.31 -0.006321120362
8.315 -0.002197248088
8.32 0.002685924038
8.325 0.007459468824
8.33 0.01014256002
8.335 0.009741135612
8.34 0.007249139191
8.345 0.003409871194
8.35 -0.001321196997
8.355 -0.006270687782
8.36 -0.009739612200
8.365 -0.01010083103
8.370000000000001 -0.008080422105
8.375 -0.004556968451
8.38 -0.00002222513098
8.385 0.004977761609
8.39 0.009083437945
8.395 0.01028823106
8.4 0.008803274960
8.405 0.005629432613
8.41 0.001326947563
8.415000000000001 -0.003628774371
8.42 -0.008190902459
8.425 -0.01027833865
8.43 -0.009404738862
8.435 -0.006618917278
8.44 -0.002580131372
8.445 0.002261238669
8.45 0.007104808396
8.455 0.01004433080
8.46 0.009869777792
8.465 0.007517998615
8.47 0.003773319428
8.475 -0.0009010803958
8.48 -0.005878146423
8.485 -0.009562900916
8.49 -0.01017856925
8.495000000000001 -0.008316974212
8.5 -0.004898248542
8.505 -0.0004320287235
8.51 0.004563066858
8.515 0.008830094046
8.52 0.01030749592
8.525 0.009003574683
8.53 0.005945760198
8.535 0.001721866505
8.540000000000001 -0.003204908300
8.545 -0.007872107730
8.55 -0.01023096496
8.555 -0.009564496377
8.56 -0.006908026842
8.565 -0.002957238589
8.57 0.001837305133
8.575000000000001 0.006736618185
8.58 0.009922122233
8.585 0.009983396818
8.59 0.007777236237
8.595 0.004130203664
8.6 -0.0004835879056
8.605 -0.005477135218
8.61 -0.009361730527
8.615 -0.01023899099
8.620000000000001 -0.008542702783
8.625 -0.005232055532
8.63 -0.0008376218980
8.635 0.004144315168
8.64 0.008554896200
8.645 0.01030698748
8.65 0.009191789750
8.655 0.006253873588
8.66 0.002111511547
8.665000000000001 -0.002780212998
8.67 -0.007536182861
8.675 -0.01016116938
8.68 -0.009710614778
8.685 -0.007188199092
8.69 -0.003328346656
8.695 0.001414736008
8.700000000000001 0.006356505354
8.705 0.009775491402
8.71 0.01008130381
8.715 0.008026493925
8.72 0.004480240560
8.725 -0.00006925146397
8.73 -0.005069122089
8.735 -0.009136583338
8.74 -0.01028135374
8.745000000000001 -0.008757223732
8.75 -0.005558135460
8.755 -0.001238612542
8.76 0.003722647973
8.765 0.008259171403
8.77 0.01028589435
8.775 0.009367488826
8.78 0.006553567721
8.785 0.002495647370
8.790000000000001 -0.002355448561
8.795 -0.007184744924
8.8 -0.01006818198
8.805 -0.009842501126
8.81 -0.007459148017
8.815 -0.003693214675
8.82 0.0009941114488
8.825000000000001 0.005966049175
8.83 0.009604241797
8.835 0.01016278567
8.84 0.008265396092
8.845 0.004823142489
8.85 0.0003414277022
8.855 -0.004655494865
8.86 -0.008888249715
8.865 -0.01030489958
8.870000000000001 -0.008960150101
8.875 -0.005876258169
8.88 -0.001634666794
8.885 0.003299079105
8.89 0.007944394753
8.895 0.01024338629
8.9 0.009530198457
8.905 0.006844625726
8.91 0.002874055323
8.915000000000001 -0.001931293811
8.92 -0.006819417922
8.925 -0.009951341054
8.93 -0.009959512705
8.935 -0.007720551138
8.94 -0.004051579749
8.945 0.0005759897811
8.950000000000001 0.005566788574
8.955 0.009408469295
8.96 0.01022711421
8.965 0.008493559935
8.97 0.005158630784
8.975 0.0007479912134
8.98 -0.004237540576
8.985 -0.008617793843
8.99 -0.01030884868
8.995000000000001 -0.009151083189
9.0 -0.006186212171
9.005 -0.002025503586
9.01 0.002874498871
9.015 0.007612132780
9.02 0.01017863601
9.025 0.009679393141
9.03 0.007126804843
9.035 0.003246514854
9.040000000000001 -0.001508370879
9.045 -0.006441813620
9.05 -0.009810156853
9.055 -0.01006096764
9.06 -0.007972055709
9.065 -0.004403161199
9.07 0.0001609083671
9.075000000000001 0.005160206444
9.08 0.009188585605
9.085 0.01027354967
9.09 0.008710601455
9.095 0.005486446296
9.1 0.001150034167
9.105 -0.003816428398
9.11 -0.008326501598
9.115 -0.01029239525
9.120000000000001 -0.009329599200
9.125 -0.006487792894
9.13 -0.002410881251
9.135 0.002449688703
9.14 0.007263997398
9.145 0.01009085759
9.15 0.009814491955
9.155 0.007399827360
9.16 0.003612789691
9.165000000000001 -0.001087265861
9.17 -0.006053518484
9.175 -0.009644373557
9.18 -0.01014615724
9.185 -0.008213289056
9.19 -0.004747671196
9.195 -0.0002506237498
9.200000000000001 0.004747710210
9.205 0.008945314886
9.21 0.01030133809
9.215 0.008916134886
9.22 0.005806353759
9.225 0.001547209938
9.23 -0.003393200526
9.235 -0.008015820369
9.24 -0.01025471193
9.245000000000001 -0.009495235076
9.25 -0.006780787418
9.255 -0.002790579129
9.26 0.002025343301
9.265 0.006901613043
9.27 0.009979359930
9.275 0.009934862452
9.28 0.007663378561
9.285 0.003972621734
9.290000000000001 -0.0006685415153
9.295 -0.005656081605
9.3 -0.009454019235
9.305 -0.01021435616
9.31 -0.008443869259
9.315 -0.005084828015
9.32 -0.0006581376348
9.325000000000001 0.004330610946
9.33 0.008679664563
9.335 0.01030970505
9.34 0.009109765179
9.345 0.006118138360
9.35 0.001939226651
9.355 -0.002968773759
9.36 -0.007687300813
9.365 -0.01019496802
9.370000000000001 -0.009647477417
9.375 -0.007064959734
9.38 -0.003164378514
9.385 0.001602095378
9.39 0.006526595453
9.395 0.009843609557
9.4 0.01003983038
9.405 0.007917111618
9.41 0.004325733510
9.415000000000001 -0.0002527402466
9.42 -0.005250999876
9.425 -0.009239434828
9.43 -0.01026482723
9.435 -0.008663412382
9.44 -0.005414367540
9.445 -0.001061215842
9.450000000000001 0.003910105108
9.455 0.008392876390
9.46 0.01029785050
9.465 0.009291075363
9.47 0.006421595248
9.475 0.002325835369
9.48 -0.002543951977
9.485 -0.007342548075
9.49 -0.01011236428
9.495000000000001 -0.009785757507
9.5 -0.007340040323
9.505 -0.003532047448
9.51 0.001180537606
9.515 0.006140537715
9.52 0.009683293835
9.525 0.01012869198
9.53 0.008160657305
9.535 0.004671837652
9.540000000000001 0.0001596216783
9.545 -0.004839699281
9.55 -0.009001276827
9.555 -0.01029682011
9.56 -0.008871533468
9.565 -0.005736049217
9.57 -0.001459498804
9.575000000000001 0.003487263339
9.58 0.008086367151
9.585 0.01026495085
9.59 0.009459612218
9.595 0.006716514709
9.6 0.002706812464
9.605 -0.002119446997
9.61 -0.006983186001
9.615 -0.01000618337
9.620000000000001 -0.009909453660
9.625 -0.007605722481
9.63 -0.003893332754
9.635 0.0007612373225
9.64 0.005744998363
9.645 0.009498374476
9.65 0.01020072497
9.655 0.008393634953
9.66 0.005010649960
9.665000000000001 0.0005680653480
9.67 -0.004423514020
9.675 -0.008740493454
9.68 -0.01030956550
9.685 -0.009067840485
9.69 -0.006049654386
9.695 -0.001852683247
9.700000000000001 0.003063029552
9.705 0.007761669214
9.71 0.01021017376
9.715 0.009614874192
9.72 0.007002666961
9.725 0.003081940307
9.73 -0.001695903219
9.735 -0.006610833638
9.74 -0.009875851214
9.745000000000001 -0.01001789987
9.75 -0.007861665791
9.755 -0.004247960645
9.76 0.0003447416777
9.765 0.005341487358
9.77 0.009289121785
9.775 0.01025519472
9.78 0.008615660740
9.785 0.005341901654
9.790000000000001 0.0009721611017
9.795 -0.004003667263
9.8 -0.008458279375
9.805 -0.01030226921
9.81 -0.009251922568
9.815 -0.006354977169
9.82 -0.002240512079
9.825000000000001 0.002638231118
9.83 0.007420379193
9.835 0.01013270913
9.84 0.009756304901
9.845 0.007279790499
9.85 0.003450990862
9.855 -0.001273920620
9.86 -0.006227090119
9.865 -0.009721001044
9.870000000000001 -0.01011039787
9.875 -0.008107505033
9.88 -0.004595644885
9.885 -0.00006842641670
9.89 0.004931448197
9.895 0.009056123389
9.9 0.01029135420
9.905 0.008826350219
9.91 0.005665346814
9.915000000000001 0.001371536357
9.92 -0.003581258050
9.925 -0.008156017806
9.93 -0.01027411213
9.935 -0.009423335723
9.94 -0.006651810297
9.945 -0.002622757736
9.950000000000001 0.002213598210
9.955 0.007064119203
9.96 0.01003181643
9.965 0.009883293856
9.97 0.007547586811
9.975 0.003813715913
9.98 -0.0008540713651
9.985 -0.005833522735
9.99 -0.009541529927
9.995000000000001 -0.01018622875
10.0 -0.008342861210
10.005 -0.004936099414
10.01 -0.0004777786768
10.015 0.004516237237
10.02 0.008800266040
10.025 0.01030843891
10.03 0.009025313781
10.035 0.005980762468
10.040000000000001 0.001765875935
10.045 -0.003157257915
10.05 -0.007835220279
10.055 -0.01022426176
10.06 -0.009581589922
10.065 -0.006939929626
10.07 -0.002999202845
10.075000000000001 0.001789788060
10.08 0.006694510875
10.085 0.009906884197
10.09 0.009995183906
10.095 0.007805722340
10.1 0.004169845770
10.105 -0.0004369071419
10.11 -0.005431653636
10.115 -0.009337637967
10.120000000000001 -0.01024466040
10.125 -0.008567350745
10.13 -0.005269051163
10.135 -0.0008828736239
10.14 0.004097103709
10.145 0.008522694425
10.15 0.01030566049
10.155 0.009212145946
10.16 0.006287941000
10.165000000000001 0.002154913750
10.17 -0.002732518697
10.175 -0.007497472974
10.18 -0.01015189953
10.185 -0.009726141151
10.19 -0.007219081402
10.195 -0.003369622801
10.200000000000001 0.001367408786
10.205 0.006313158823
10.21 0.009757494353
10.215 0.01009128287
10.22 0.008053836432
10.225 0.004519095965
10.23 -0.00002295697846
10.235 -0.005022942796
10.24 -0.009109843018
10.245000000000001 -0.01028494885
10.25 -0.008780589470
10.255 -0.005594248854
10.26 -0.001283325682
10.265 0.003675174872
10.27 0.008224755187
10.275 0.01028220485
10.28 0.009386411297
10.285 0.006586676805
10.290000000000001 0.002538417333
10.295 -0.002307790135
10.3 -0.007144395001
10.305 -0.01005626466
10.31 -0.009856390493
10.315 -0.007488975407
10.32 -0.003733774286
10.325000000000001 0.0009470377436
10.33 0.005921638448
10.335 0.009583481274
10.34 0.01017087558
10.345 0.008291552229
10.35 0.004861179229
10.355 0.0003872820893
10.36 -0.004608767730
10.365 -0.008858968298
10.370000000000001 -0.01030633406
10.375 -0.008982189663
10.38 -0.005911464821
10.385 -0.001678807351
10.39 0.003251450277
10.395 0.007907936362
10.4 0.01023724071
10.405 0.009547630930
10.41 0.006876750741
10.415000000000001 0.002916168692
10.42 -0.001883743494
10.425 -0.006777609788
10.43 -0.009936711527
10.435 -0.009971690243
10.44 -0.007749285347
10.445 -0.004091392049
10.450000000000001 0.0005292310381
10.455 0.005521483246
10.46 0.009384975603
10.465 0.01023323250
10.47 0.008518486601
10.475 0.005195818650
10.48 0.0007933572292
10.485 -0.004190402976
10.49 -0.008586105717
10.495000000000001 -0.01030803338
10.5 -0.009171750517
10.505 -0.006220489037
10.51 -0.002069042776
10.515 0.002826807108
10.52 0.007573811630
10.525 0.01016994319
10.53 0.009695273154
10.535 0.007157916458
10.540000000000001 0.003287946077
10.545 -0.001460995946
10.55 -0.006398726847
10.555 -0.009792773676
10.56 -0.01007135490
10.565 -0.007999655685
10.57 -0.004442193995
10.575000000000001 0.0001145233379
10.58 0.005114168660
10.585 0.009162424796
10.59 0.01027761251
10.595 0.008734255513
10.6 0.005522757681
10.605 0.001194869984
10.61 -0.003769003728
10.615 -0.008292562327
10.620000000000001 -0.01028923816
10.625 -0.009348844514
10.63 -0.006521116781
10.635 -0.002453793621
10.64 0.002402015859
10.645 0.007223995707
10.65 0.01007953410
10.655 0.009828750936
10.66 0.007429892054
10.665000000000001 0.003653510908
10.67 -0.001040130509
10.675 -0.006009329078
10.68 -0.009624224988
10.685 -0.01015467349
10.69 -0.008239712209
10.695 -0.004785892313
10.700000000000001 -0.0002965801906
10.705 0.004701092331
10.71 0.008916586703
10.715 0.01030325969
10.72 0.008938472650
10.725 0.005841763666
10.73 0.001591480213
10.735 -0.003345597816
10.74 -0.007979799890
10.745000000000001 -0.01024911947
10.75 -0.009513003403
10.755 -0.006813133223
10.76 -0.002832840359
10.765 0.001977763045
10.77 0.006860112933
10.775 0.009965336844
10.78 0.009947426572
10.785 0.007692358850
10.790000000000001 0.004012602638
10.795 -0.0006217076892
10.8 -0.005610960524
10.805 -0.009431127671
10.81 -0.01022091920
10.815 -0.008469072508
10.82 -0.005122206756
10.825000000000001 -0.0007036158822
10.83 0.004283553282
10.835 0.008648497775
10.84 0.01030939690
10.845 0.009130741195
10.85 0.006152623547
10.855 0.001982901586
10.86 -0.002921088553
10.865 -0.007649377386
10.870000000000001 -0.01018684809
10.875 -0.009663707688
10.88 -0.007096299002
10.885 -0.003205963443
10.89 0.001554675891
10.895 0.006483777113
10.9 0.009826839655
10.905 0.01005062187
10.91 0.007944966962
10.915000000000001 0.004364942106
10.92 -0.0002062673824
10.925 -0.005205111114
10.93 -0.009213858461
10.935 -0.01026935357
10.94 -0.008687352613
10.945 -0.005450875686
10.950000000000001 -0.001106172599
10.955 0.003862734236
10.96 0.008359422457
10.965 0.01029522119
10.97 0.009310640816
10.975 0.006455132707
10.98 0.002368888957
10.985 -0.002496268331
10.99 -0.007302903594
10.995000000000001 -0.01010163121
11.0 -0.009800382458
11.005 -0.007370340471
11.01 -0.003572928776
11.015 0.001133343660
11.02 0.006096578059
11.025 0.009663758318
11.03 0.01013763053
11.035 0.008187345349
11.040000000000001 0.004710241630
11.045 0.0002056777249
11.05 -0.004793197576
11.055 -0.008973108246
11.06 -0.01029922446
11.065 -0.008894167201
11.07 -0.005771661241
11.075000000000001 -0.001503897336
11.08 0.003439691445
11.085 0.008050793383
11.09 0.01025990695
11.095 0.009477713389
11.1 0.006749079904
11.105 0.002749220319
11.11 -0.002071840153
11.115 -0.006942002796
11.120000000000001 -0.009992764373
11.125 -0.009922400526
11.13 -0.007634946847
11.135 -0.003933480679
11.14 0.0007143313470
11.145 0.005700069616
11.15 0.009476087912
11.155 0.01020772866
11.16 0.008419112661
11.165000000000001 0.005048218186
11.17 0.0006136536923
11.175 -0.004376542531
11.18 -0.008709855492
11.185 -0.01030976001
11.19 -0.009089122790
11.195 -0.006084346768
11.200000000000001 -0.001896492654
11.205 0.003015355033
11.21 0.007724152480
11.215 0.01020262248
11.22 0.009631451406
11.225 0.007034232277
11.23 0.003123677599
11.235 -0.001648442364
11.24 -0.006568292449
11.245000000000001 -0.009859693641
11.25 -0.01002909163
11.255 -0.007889774412
11.26 -0.004287343447
11.265 0.0002981837335
11.27 0.005295755248
11.275 0.009264134436
11.28 0.01026018036
11.285 0.008639885008
11.290000000000001 0.005378605310
11.295 0.001017236994
11.3 -0.003956355711
11.305 -0.008425319046
11.31 -0.01030016308
11.315 -0.009271805518
11.32 -0.006388727000
11.325000000000001 -0.002283705694
11.33 0.002590540364
11.335 0.007381100908
11.34 0.01012256285
11.345 0.009771292235
11.35 0.007310324294
11.355 0.003492030832
11.36 -0.001226671152
11.365 -0.006183368699
11.370000000000001 -0.009702079285
11.375 -0.01011975468
11.38 -0.008134455848
11.385 -0.004634230188
11.39 -0.0001145795608
11.395 0.004885069722
11.4 0.009028520482
11.405 0.01029423697
11.41 0.008849277716
11.415000000000001 0.005701159803
11.42 0.001416061633
11.425 -0.003533721807
11.43 -0.008120899478
11.435 -0.01026961220
11.44 -0.009441766802
11.445 -0.006684593528
11.450000000000001 -0.002665311003
11.455 0.002165968173
11.46 0.007023261808
11.465 0.01001899890
11.47 0.009896619671
11.475 0.007577053284
11.48 0.003854029295
11.485 -0.0008070961986
11.49 -0.005788794492
11.495000000000001 -0.009519850840
11.5 -0.01019366899
11.505 -0.008368611258
11.51 -0.004973855705
11.515 -0.0005234749144
11.52 0.004469358313
11.525 0.008770164169
11.53 0.01030913159
11.535 0.009046900022
11.540000000000001 0.006015660924
11.545 0.001809818510
11.55 -0.003109598326
11.555 -0.007798119188
11.56 -0.01021727478
11.565 -0.009598510830
11.57 -0.006971719433
11.575000000000001 -0.003041091186
11.58 0.001742289052
11.585 0.006652255596
11.59 0.009891337670
11.595 0.01000677201
11.6 0.007834082163
11.605 0.004209401176
11.61 -0.0003902669193
11.615 -0.005386085920
11.620000000000001 -0.009313243849
11.625 -0.01025010117
11.63 -0.008591856919
11.635 -0.005305949046
11.64 -0.0009280667738
11.645 0.004049857158
11.65 0.008490235820
11.655 0.01030407293
11.66 0.009232343812
11.665000000000001 0.006321902025
11.67 0.002198246191
11.675 -0.002684824613
11.68 -0.007458569879
11.685 -0.01014233626
11.69 -0.009741487333
11.695 -0.007249847079
11.700000000000001 -0.003410819971
11.705 0.001320106894
11.71 0.006269684187
11.715 0.009739186678
11.72 0.01010105392
11.725 0.008081047899
11.73 0.004557861036
11.735 0.00002329069082
11.74 -0.004976694748
11.745000000000001 -0.009082811553
11.75 -0.01028830575
11.755 -0.008803808546
11.76 -0.005630261637
11.765 -0.001327976127
11.77 0.003627679268
11.775 0.008190100953
11.78 0.01027824429
11.785 0.009405169415
11.790000000000001 0.006619676755
11.795 0.002581114807
11.8 -0.002260140360
11.805 -0.007103872348
11.81 -0.01004404573
11.815 -0.009870091497
11.82 -0.007518682043
11.825000000000001 -0.003774251573
11.83 0.0008999963773
11.835 0.005877118960
11.84 0.009562411749
11.845 0.01017874828
11.85 0.008317572492
11.855 0.004899122135
11.86 0.0004330839428
11.865 -0.004561987918
11.870000000000001 -0.008829409554
11.875 -0.01030752047
11.88 -0.009004077525
11.885 -0.005946568230
11.89 -0.001722881751
11.895 0.003203809985
11.9 0.007871259831
11.905 0.01023081363
11.91 0.009564892352
11.915000000000001 0.006908763527
11.92 0.002958206792
11.925 -0.001836209582
11.93 -0.006735649219
11.935 -0.009921774439
11.94 -0.009983670765
11.945 -0.007777894311
11.950000000000001 -0.004131118459
11.955 0.0004825113795
11.96 0.005476087771
11.965 0.009361178553
11.97 0.01023912425
11.975 0.008543272555
11.98 0.005232909446
11.985 0.0008386656871
11.99 -0.004143227266
11.995000000000001 -0.008554156798
12.0 -0.01030695982
12.005 -0.009192260775
12.01 -0.006254660099
12.015 -0.002112512829
12.02 0.002779113564
12.025 0.007535292721
12.030000000000001 0.01016095899
12.035 0.009710974711
12.040000000000001 0.007188912294
12.045 0.003329299031
12.05 -0.001413644752
12.055 -0.006355507598
12.06 -0.009775080035
12.065 -0.01008153618
12.07 -0.008027125690
12.075000000000001 -0.004481137261
12.08 0.00006818377142
12.085 0.005068058363
12.09 0.009135970214
12.095 0.01028143928
12.1 0.008757764001
12.105 0.005558969068
12.11 0.001239643962
12.115 -0.003721553897
12.120000000000001 -0.008258380744
12.125 -0.01028581234
12.13 -0.009367926867
12.135 -0.006554332171
12.14 -0.002496634108
12.145 0.002354349859
12.15 0.007183816749
12.155000000000001 0.01006791065
12.16 0.009842823414
12.165000000000001 0.007459836947
12.17 0.003694150570
12.175 -0.0009930259586
12.18 -0.005965026670
12.185 -0.009603766713
12.19 -0.01016297459
12.195 -0.008266000563
12.200000000000001 -0.004824020356
12.205 -0.0003424853132
12.21 0.004654418329
12.215 0.008887577863
12.22 0.01030493543
12.225 0.008960659856
12.23 0.005877070904
12.235 0.001635685053
12.24 -0.003297981314
12.245000000000001 -0.007943556797
12.25 -0.01024324779
12.255 -0.009530602226
12.26 -0.006845367525
12.265 -0.002875026955
12.27 0.001930197514
12.275 0.006818455905
12.280000000000001 0.009951007278
12.285 0.009959795630
12.290000000000001 0.007721214918
12.295 0.004052498457
12.3 -0.0005749114757
12.305 -0.005565745238
12.31 -0.009407931147
12.315 -0.01022725779
12.32 -0.008494136119
12.325000000000001 -0.005159489120
12.33 -0.0007490376238
12.335 0.004236454413
12.34 0.008617066328
12.345 0.01030883279
12.35 0.009151561371
12.355 0.006187003502
12.36 0.002026508017
12.365 -0.002873399520
12.370000000000001 -0.007611251654
12.375 -0.01017843890
12.38 -0.009679761207
12.385 -0.007127523321
12.39 -0.003247470795
12.395 0.001507278542
12.4 0.006440821902
12.405000000000001 0.009809759635
12.41 0.01006120940
12.415000000000001 0.007972693397
12.42 0.004404061980
12.425 -0.0001598386031
12.43 -0.005159146023
12.435 -0.009187985870
12.44 -0.01027364598
12.445 -0.008711148358
12.450000000000001 -0.005487284462
12.455 -0.001151068405
12.46 0.003815335469
12.465 0.008325721982
12.47 0.01029232549
12.475 0.009330044668
12.48 0.006488562289
12.485 0.002411871264
12.49 -0.002448589689
12.495000000000001 -0.007263077301
12.5 -0.01009059993
12.505 -0.009814822743
12.51 -0.007400521751
12.515 -0.003613729303
12.52 0.001086178966
12.525 0.006052501127
12.530000000000001 0.009643912586
12.535 0.01014635597
12.540000000000001 0.008213899671
12.545 0.004748553306
12.55 0.0002516837010
12.555 -0.004746636230
12.56 -0.008944655822
12.565 -0.01030138515
12.57 -0.008916651503
12.575000000000001 -0.005807171174
12.58 -0.001548231181
12.585 0.003392103363
12.59 0.008014992556
12.595 0.01025458615
12.6 0.009495646571
12.605 0.006781534300
12.61 0.002791554164
12.615 -0.002024246332
12.620000000000001 -0.006900658175
12.625 -0.009979040120
12.63 -0.009935154266
12.635 -0.007664048003
12.64 -0.003973544320
12.645 0.0006674614943
12.65 0.005655042560
12.655000000000001 0.009453494984
12.66 0.01021450997
12.665000000000001 0.008444451807
12.67 0.005085690744
12.675 0.0006591866215
12.68 -0.004329526659
12.685 -0.008678949108
12.69 -0.01030970082
12.695 -0.009110250464
12.700000000000001 -0.006118934487
12.705 -0.001940234205
12.71 0.002967674581
12.715 0.007686428906
12.72 0.01019478409
12.725 0.009647853537
12.73 0.007065683451
12.735 0.003165337991
12.74 -0.001601002031
12.745000000000001 -0.006525609972
12.75 -0.009843226472
12.755 -0.01004008143
12.76 -0.007917755181
12.765 -0.004326638333
12.77 0.0002516684739
12.775 0.005249942933
12.780000000000001 0.009238848592
12.785 0.01026493419
12.790000000000001 0.008663965869
12.795 0.005415210233
12.8 0.001062252858
12.805 -0.003909013450
12.81 -0.008392108010
12.815 -0.01029779288
12.82 -0.009291528196
12.825000000000001 -0.006422369558
12.83 -0.002326828631
12.835 0.002542852735
12.84 0.007341636264
12.845 0.01011212022
12.85 0.009786096711
12.855 0.007340740130
12.86 0.003532990742
12.865 -0.001179449378
12.870000000000001 -0.006139525704
12.875 -0.009682847001
12.88 -0.01012890042
12.885 -0.008161274013
12.89 -0.004672723969
12.895 -0.0001606839114
12.9 0.004838628019
12.905000000000001 0.009000630699
12.91 0.01029687827
12.915000000000001 0.008872056895
12.92 0.005736871286
12.925 0.001460522995
12.93 -0.003486166913
12.935 -0.008085549685
12.94 -0.01026483769
12.945 -0.009460031369
12.950000000000001 -0.006717266640
12.955 -0.002707790872
12.96 0.002118349434
12.965 0.006982238489
12.97 0.01000587747
12.975 0.009909754275
12.98 0.007606397539
12.985 0.003894259182
12.99 -0.0007601556548
12.995000000000001 -0.005743963797
13.0 -0.009497864185
13.005 -0.01020088892
13.01 -0.008394223816
13.015 -0.005011517050
13.02 -0.0005691168607
13.025 0.004422431755
13.030000000000001 0.008739790231
13.035 0.01030957283
13.040000000000001 0.009068332817
13.045 0.006050455284
13.05 0.001853693894
13.055 -0.003061930644
13.06 -0.007760806732
13.065 -0.01021000291
13.07 -0.009615258291
13.075000000000001 -0.007003395880
13.08 -0.003082903289
13.085 0.001694808936
13.09 0.006609854595
13.095 0.009875482237
13.1 0.01001816012
13.105 0.007862315181
13.11 0.004248869476
13.115 -0.0003436679585
13.120000000000001 -0.005340434069
13.125 -0.009288549151
13.13 -0.01025531225
13.135 -0.008616220763
13.14 -0.005342748848
13.145 -0.0009732008537
13.15 0.004002577004
13.155000000000001 0.008457522419
13.16 0.01030222363
13.165000000000001 0.009252382705
13.17 0.006355756369
13.175 0.002241508562
13.18 -0.002637131733
13.185 -0.007419475874
13.19 -0.01013247857
13.195 -0.009756652438
13.200000000000001 -0.007280495682
13.205 -0.003451937805
13.21 0.001272831129
13.215 0.006226083647
13.22 0.009720568361
13.225 0.01011061593
13.23 0.008108127787
13.235 0.004596535373
13.24 0.00006949087373
13.245000000000001 -0.004930379816
13.25 -0.009055490334
13.255 -0.01029142336
13.26 -0.008826880405
13.265 -0.005666173508
13.27 -0.001372563461
13.275 0.003580162474
13.280000000000001 0.008155210888
13.285 0.01027401148
13.290000000000001 0.009423762462
13.295 0.006652567247
13.3 0.002623739489
13.305 -0.002212500131
13.31 -0.007063179252
13.315 -0.01003152438
13.32 -0.009883603186
13.325000000000001 -0.007548267439
13.33 -0.003814646146
13.335 0.0008529881192
13.34 0.005832492839
13.345 0.009541033652
13.35 0.01018640274
13.355 0.008343456339
13.36 0.004936970830
13.365 0.0004788326639
13.370000000000001 -0.004515157143
13.375 -0.008799575214
13.38 -0.01030845770
13.385 -0.009025813106
13.39 -0.005981568110
13.395 -0.001766889644
13.4 0.003156159376
13.405000000000001 0.007834367429
13.41 0.01022410389
13.415000000000001 0.009581981926
13.42 0.006940663712
13.425 0.003000169302
13.43 -0.001788692916
13.435 -0.006693538472
13.44 -0.009906529297
13.445 -0.009995453277
13.450000000000001 -0.007806377509
13.455 -0.004170758571
13.46 0.0004358315422
13.465 0.005430604181
13.47 0.009337079031
13.475 0.01024478840
13.48 0.008567917255
13.485 0.005269902828
13.49 0.0008839160686
13.495000000000001 -0.004096014981
13.5 -0.008521949080
13.505 -0.01030562683
13.51 -0.009212613328
13.515 -0.006288725062
13.52 -0.002155913427
13.525 0.002731419256
13.530000000000001 0.007496578354
13.535 0.01015168239
13.540000000000001 0.009726496940
13.545 0.007219791922
13.55 0.003370573361
13.555 -0.001366318104
13.56 -0.006312158088
13.565 -0.009757075826
13.57 -0.01009151046
13.575000000000001 -0.008054465183
13.58 -0.004519990589
13.585 0.00002189035627
13.59 0.005021877462
13.595 0.009109223167
13.6 0.01028502892
13.605 0.008781126365
13.61 0.005595080147
13.615 0.001284355663
13.620000000000001 -0.003674080261
13.625 -0.008223959016
13.63 -0.01028211661
13.635 -0.009386845559
13.64 -0.006587438744
13.645 -0.002539402405
13.65 0.002306691621
13.655000000000001 0.007143462817
13.66 0.01005598639
13.665000000000001 0.009856708451
13.67 0.007489661560
13.675 0.003734708289
13.68 -0.0009459529879
13.685 -0.005920613410
13.69 -0.009582999061
13.695 -0.01017105951
13.700000000000001 -0.008292153576
13.705 -0.004862054939
13.71 -0.0003883384987
13.715 0.004607689957
13.72 0.008858290032
13.725 0.01030636420
13.73 0.008982695928
13.735 0.005912275182
13.74 0.001679824092
13.745000000000001 -0.003250352207
13.75 -0.007907093349
13.755 -0.01023709573
13.76 -0.009548030767
13.765 -0.006877489959
13.77 -0.002917138595
13.775 0.001882647563
13.780000000000001 0.006776644229
13.785 0.009936370666
13.790000000000001 0.009971968638
13.795 0.007749946247
13.8 0.004092308783
13.805 -0.0005281536223
13.81 -0.005520437806
13.815 -0.009384430450
13.82 -0.01023337087
13.825000000000001 -0.008519059549
13.83 -0.005196674754
13.835 -0.0007944023216
13.84 0.004189315914
13.845 0.008585372166
13.85 0.01030801155
13.855 0.009172225087
13.86 0.006221277935
13.865 0.002070045620
13.870000000000001 -0.002825707701
13.875 -0.007572925918
13.88 -0.01016973937
13.885 -0.009695637116
13.89 -0.007158632274
13.895 -0.003288900220
13.9 0.001459904144
13.905000000000001 0.006397732048
13.91 0.009792369302
13.915000000000001 0.01007159193
13.92 0.008000290385
13.925 0.004443092718
13.93 -0.0001134546117
13.935 -0.005113106542
13.94 -0.009161818273
13.945 -0.01027770338
13.950000000000001 -0.008734799068
13.955 -0.005523593547
13.96 -0.001195902804
13.965 0.003767910201
13.97 0.008291777099
13.975 0.01028916222
13.98 0.009349286235
13.985 0.006521883680
13.99 0.002454781983
13.995000000000001 -0.002400916990
14.0 -0.007223071496
14.005 -0.01007926954
14.01 -0.009829077436
14.015 -0.007430583690
14.02 -0.003654448647
14.025 0.001039044313
14.030000000000001 0.006008309090
14.035 0.009623756874
14.040000000000001 0.01015486728
14.045 0.008240319724
14.05 0.004786772284
14.055 0.0002976389685
14.06 -0.004700017034
14.065 -0.008915921150
14.07 -0.01030330109
14.075000000000001 -0.008938985804
14.08 -0.005842578720
14.085 -0.001592499954
14.09 0.003344500319
14.095 0.007978966918
14.1 0.01024898726
14.105 0.009513411000
14.11 0.006813877540
14.115 0.002833813680
14.120000000000001 -0.001976666403
14.125 -0.006859154420
14.13 -0.009965009975
14.135 -0.009947713902
14.14 -0.007693025436
14.145 -0.004013523269
14.15 0.0006206285241
14.155000000000001 0.005609919281
14.16 0.009430596379
14.165000000000001 0.01022106785
14.17 0.008469651845
14.175 0.005123067270
14.18 0.0007046635751
14.185 -0.004282468025
14.19 -0.008647776195
14.195 -0.01030938679
14.200000000000001 -0.009131222895
14.205 -0.006153417254
14.21 -0.001983907567
14.215 0.002919989273
14.22 0.007648500787
14.225 0.01018665751
14.23 0.009664079745
14.235 0.007097020076
14.24 0.003206921139
14.245000000000001 -0.001553583042
14.25 -0.006482788449
14.255 -0.009826449422
14.26 -0.01005086824
14.265 -0.007945607561
14.27 -0.004365844893
14.275 0.0002051966135
14.280000000000001 0.005204052385
14.285 0.009213265381
14.290000000000001 0.01026945515
14.295 0.008687902778
14.3 0.005451716097
14.305 0.001107208219
14.31 -0.003861641915
14.315 -0.008358648367
14.32 -0.01029515745
14.325000000000001 -0.009311089933
14.33 -0.006455904537
14.335 -0.002369880583
14.34 0.002495169190
14.345 0.007301987563
14.35 0.01010138028
14.355 0.009800717417
14.36 0.007371037546
14.365 0.003573870215
14.370000000000001 -0.001132256094
14.375 -0.006095563316
14.38 -0.009663304329
14.385 -0.01013783407
14.39 -0.008187958983
14.395 -0.004711125826
14.4 -0.0002067388141
14.405000000000001 0.004792124916
14.41 0.008972455555
14.415000000000001 0.01029927701
14.42 0.008894687191
14.425 0.005772480961
14.43 0.001504920043
14.435 -0.003438594629
14.44 -0.008049970656
14.445 -0.01025978742
14.450000000000001 -0.009478128677
14.455 -0.006749829287
14.46 -0.002750197028
14.465 0.002070742877
14.47 0.006941051534
14.475 0.009992451443
14.48 0.009922696702
14.485 0.007635619072
14.49 0.003934405171
14.495000000000001 -0.0007132505002
14.5 -0.005699032758
14.505 -0.009475570550
14.51 -0.01020788749
14.515 -0.008419698338
14.52 -0.005049083076
14.525 -0.0006147039364
14.530000000000001 0.004375459222
14.535 0.008709146058
14.540000000000001 0.01030976150
14.545 0.009089611565
14.55 0.006085145258
14.555 0.001897501742
14.56 -0.003014255974
14.565 -0.007723285203
14.57 -0.01020244503
14.575000000000001 -0.009631831480
14.58 -0.007034958571
14.585 -0.003124638815
14.59 0.001647348543
14.595 0.006567310122
14.6 0.009859317530
14.605 0.01002934725
14.61 0.007890420862
14.615 0.004288250257
14.620000000000001 -0.0002971109880
14.625 -0.005294700085
14.63 -0.009263554908
14.635 -0.01026029256
14.64 -0.008640441732
14.645 -0.005379450234
14.65 -0.001018275370
14.655000000000001 0.003955264726
14.66 0.008424556286
14.665000000000001 0.01030011142
14.67 0.009272261969
14.675 0.006389503731
14.68 0.002284700553
14.685 -0.002589441038
14.69 -0.007380193266
14.695 -0.01012232547
14.700000000000001 -0.009771635567
14.705 -0.007311026765
14.71 -0.003492975936
14.715 0.001225582289
14.72 0.006182359399
14.725 0.009701639442
14.73 0.01011996789
14.735 0.008135075551
14.74 0.004635118572
14.745000000000001 0.0001156429016
14.75 -0.004883999862
14.755 -0.009027880797
14.76 -0.01029430058
14.765 -0.008849804490
14.77 -0.005701984161
14.775 -0.001417087269
14.780000000000001 0.003532625786
14.785 0.008120087199
14.790000000000001 0.01026950524
14.795 0.009442189711
14.8 0.006685347944
14.805 0.002666291069
14.81 -0.002164870343
14.815 -0.007022318005
14.82 -0.01001869985
14.825000000000001 -0.009896924604
14.83 -0.007577731100
14.835 -0.003854957609
14.84 0.0008060137407
14.845 0.005787762208
14.85 0.009519347468
14.855 0.01019383791
14.86 0.008369203224
14.865 0.004974724938
14.870000000000001 0.0005245276581
14.875 -0.004468277101
14.88 -0.008769467051
14.885 -0.01030914459
14.89 -0.009047395817
14.895 -0.006016464171
14.9 -0.001810830676
14.905000000000001 0.003108499586
14.91 0.007797261439
14.915000000000001 0.01021711037
14.92 0.009598898846
14.925 0.006972450911
14.93 0.003042055892
14.935 -0.001741194333
14.94 -0.006651279808
14.945 -0.009890975653
14.950000000000001 -0.01000703678
14.955 -0.007834734415
14.96 -0.004210311975
14.965 0.0003891922603
14.97 0.005385034501
14.975 0.009312677971
14.98 0.01025022389
14.985 0.008592420154
14.99 0.005306798454
14.995000000000001 0.0009291078638
