x y
0.5 0.0
0.5000000000 -0.005000000000
0.4999497513 -0.009999747500
0.4998487541 -0.01499872735
0.4996965068 -0.01999640889
0.4994925061 -0.02499224553
0.4992362475 -0.02998567437
0.4989272258 -0.03497611579
0.4985649352 -0.03996297306
0.4981488701 -0.04494563198
0.4976785255 -0.04992346042
0.4971533976 -0.05489580802
0.4965729840 -0.05986200577
0.4959367849 -0.06482136567
0.4952443031 -0.06977318038
0.4944950451 -0.07471672289
0.4936885217 -0.07965124617
0.4928242488 -0.08457598295
0.4919017479 -0.08949014534
0.4909205472 -0.09439292468
0.4898801825 -0.09928349124
0.4887801979 -0.1041609941
0.4876201468 -0.1090245608
0.4863995931 -0.1138732976
0.4851181120 -0.1187062891
0.4837752909 -0.1235225980
0.4823707311 -0.1283212657
0.4809040483 -0.1331013118
0.4793748740 -0.1378617347
0.4777828570 -0.1426015113
0.4761276643 -0.1473195975
0.4744089824 -0.1520149284
0.4726265186 -0.1566864188
0.4707800025 -0.1613329636
0.4688691873 -0.1659534382
0.4668938509 -0.1705466991
0.4648537975 -0.1751115849
0.4627488589 -0.1796469166
0.4605788960 -0.1841514988
0.4583437997 -0.1886241205
0.4560434930 -0.1930635561
0.4536779316 -0.1974685669
0.4512471057 -0.2018379015
0.4487510407 -0.2061702980
0.4461897992 -0.2104644850
0.4435634816 -0.2147191831
0.4408722273 -0.2189331065
0.4381162157 -0.2231049646
0.4352956676 -0.2272334641
0.4324108453 -0.2313173104
0.4294620543 -0.2353552098
0.4264496431 -0.2393458712
0.4233740045 -0.2432880086
0.4202355755 -0.2471803425
0.4170348381 -0.2510216028
0.4137723194 -0.2548105303
0.4104485912 -0.2585458792
0.4070642709 -0.2622264193
0.4036200202 -0.2658509382
0.4001165458 -0.2694182435
0.3965545980 -0.2729271647
0.3929349707 -0.2763765557
0.3892585006 -0.2797652969
0.3855260656 -0.2830922970
0.3817385846 -0.2863564949
0.3778970159 -0.2895568620
0.3740023558 -0.2926924039
0.3700556373 -0.2957621616
0.3660579283 -0.2987652139
0.3620103302 -0.3017006781
0.3579139762 -0.3045677120
0.3537700289 -0.3073655148
0.3495796787 -0.3100933281
0.3453441419 -0.3127504370
0.3410646582 -0.3153361709
0.3367424892 -0.3178499041
0.3323789153 -0.3202910562
0.3279752346 -0.3226590925
0.3235327597 -0.3249535243
0.3190528163 -0.3271739087
0.3145367405 -0.3293198489
0.3099858768 -0.3313909933
0.3054015759 -0.3333870358
0.3007851929 -0.3353077149
0.2961380850 -0.3371528132
0.2914616094 -0.3389221565
0.2867571217 -0.3406156132
0.2820259740 -0.3422330931
0.2772695129 -0.3437745465
0.2724890784 -0.3452399631
0.2676860016 -0.3466293704
0.2628616036 -0.3479428332
0.2580171944 -0.3491804516
0.2531540710 -0.3503423598
0.2482735166 -0.3514287250
0.2433767996 -0.3524397455
0.2384651722 -0.3533756496
0.2335398700 -0.3542366940
0.2286021106 -0.3550231622
0.2236530935 -0.3557353633
0.2186939994 -0.3563736304
0.2137259890 -0.3569383190
0.2087502036 -0.3574298056
0.2037677638 -0.3578484866
0.1987797699 -0.3581947766
0.1937873012 -0.3584691068
0.1887914164 -0.3586719245
0.1837931530 -0.3588036907
0.1787935274 -0.3588648799
0.1737935353 -0.3588559780
0.1687941515 -0.3587774819
0.1637963301 -0.3586298978
0.1588010047 -0.3584137403
0.1538090887 -0.3581295314
0.1488214756 -0.3577777996
0.1438390391 -0.3573590787
0.1388626339 -0.3568739072
0.1338930957 -0.3563228271
0.1289312414 -0.3557063835
0.1239778704 -0.3550251234
0.1190337640 -0.3542795953
0.1140996867 -0.3534703484
0.1091763860 -0.3525979319
0.1042645935 -0.3516628947
0.09936502504 -0.3506657844
0.09447838132 -0.3496071471
0.08960534837 -0.3484875266
0.08474659817 -0.3473074645
0.07990278911 -0.3460674993
0.07507456655 -0.3447681661
0.07026256334 -0.3434099963
0.06546740041 -0.3419935174
0.06068968722 -0.3405192526
0.05593002239 -0.3389877205
0.05118899419 -0.3373994347
0.04646718105 -0.3357549042
0.04176515216 -0.3340546324
0.03708346792 -0.3322991174
0.03242268054 -0.3304888520
0.02778333449 -0.3286243230
0.02316596709 -0.3267060117
0.01857110896 -0.3247343934
0.01399928457 -0.3227099375
0.009451012726 -0.3206331074
0.004926807087 -0.3185043605
0.0004271766540 -0.3163241481
-0.004047373732 -0.3140929155
-0.008496342899 -0.3118111019
-0.01291923286 -0.3094791404
-0.01731554830 -0.3070974582
-0.02168479615 -0.3046664762
-0.02602648505 -0.3021866098
-0.03034012489 -0.2996582682
-0.03462522634 -0.2970818548
-0.03888130036 -0.2944577676
-0.04310785774 -0.2917863985
-0.04730440861 -0.2890681342
-0.05147046196 -0.2863033559
-0.05560552519 -0.2834924393
-0.05970910359 -0.2806357551
-0.06378069989 -0.2777336690
-0.06781981377 -0.2747865418
-0.07182594135 -0.2717947293
-0.07579857474 -0.2687585831
-0.07973720152 -0.2656784501
-0.08364130423 -0.2625546732
-0.08751035987 -0.2593875912
-0.09134383942 -0.2561775391
-0.09514120725 -0.2529248483
-0.09890192065 -0.2496298468
-0.1026254293 -0.2462928596
-0.1063111746 -0.2429142088
-0.1099585893 -0.2394942138
-0.1135670969 -0.2360331918
-0.1171361108 -0.2325314580
-0.1206650340 -0.2289893258
-0.1241532585 -0.2254071072
-0.1276001645 -0.2217851133
-0.1310051197 -0.2181236546
-0.1343674790 -0.2144230412
-0.1376865834 -0.2106835833
-0.1409617598 -0.2069055917
-0.1441923196 -0.2030893786
-0.1473775587 -0.1992352571
-0.1505167562 -0.1953435430
-0.1536091739 -0.1914145542
-0.1566540554 -0.1874486121
-0.1596506252 -0.1834460418
-0.1625980882 -0.1794071728
-0.1654956283 -0.1753323401
-0.1683424078 -0.1712218844
-0.1711375665 -0.1670761531
-0.1738802206 -0.1628955015
-0.1765694618 -0.1586802931
-0.1792043561 -0.1544309011
-0.1817839429 -0.1501477093
-0.1843072341 -0.1458311133
-0.1867732125 -0.1414815213
-0.1891808310 -0.1370993559
-0.1915290115 -0.1326850555
-0.1938166433 -0.1282390752
-0.1960425823 -0.1237618891
-0.1982056495 -0.1192539915
-0.2003046297 -0.1147158992
-0.2023382705 -0.1101481530
-0.2043052804 -0.1055513202
-0.2062043282 -0.1009259967
-0.2080340412 -0.09627280957
-0.2097930040 -0.09159241965
-0.2114797573 -0.08688552433
-0.2130927963 -0.08215286068
-0.2146305698 -0.07739520869
-0.2160914791 -0.07261339481
-0.2174738764 -0.06780829567
-0.2187760642 -0.06298084221
-0.2199962942 -0.05813202391
-0.2211327664 -0.05326289352
-0.2221836291 -0.04837457195
-0.2231469776 -0.04346825361
-0.2240208548 -0.03854521201
-0.2248032511 -0.03360680579
-0.2254921050 -0.02865448509
-0.2260853038 -0.02368979827
-0.2265806852 -0.01871439907
-0.2269760394 -0.01373005407
-0.2272691112 -0.008738650567
-0.2274576041 -0.003742204787
-0.2275391837 0.001257129646
-0.2275114831 0.006257052914
-0.2273721093 0.01125511003
-0.2271186501 0.01624868174
-0.2267486829 0.02123497539
-0.2262597850 0.02621101586
-0.2256495447 0.03117363681
-0.2249155750 0.03611947228
-0.2240555286 0.04104494893
-0.2230671149 0.04594627920
-0.2219481191 0.05081945561
-0.2206964229 0.05566024652
-0.2193100278 0.06046419372
-0.2177870801 0.06522661226
-0.2161258976 0.06994259282
-0.2143249981 0.07460700715
-0.2123831293 0.07921451686
-0.2102992998 0.08375958610
-0.2080728100 0.08823649833
-0.2057032837 0.09263937752
-0.2031906984 0.09696221398
-0.2005354140 0.1011988949
-0.1977381994 0.1053432393
-0.1948002553 0.1093890376
-0.1917232330 0.1133300951
-0.1885092480 0.1171602779
-0.1851608877 0.1208735626
-0.1816812125 0.1244640862
-0.1780737495 0.1279261970
-0.1743424797 0.1312545038
-0.1704918170 0.1344439233
-0.1665265807 0.1374897238
-0.1624519615 0.1403875642
-0.1582734819 0.1431335262
-0.1539969515 0.1457241416
-0.1496284199 0.1481564105
-0.1451741264 0.1504278129
-0.1406404493 0.1525363129
-0.1360338561 0.1544803547
-0.1313608543 0.1562588525
-0.1266279460 0.1578711737
-0.1218415855 0.1593171174
-0.1170081408 0.1605968878
-0.1121338604 0.1617110648
-0.1072248446 0.1626605719
-0.1022870219 0.1634466427
-0.09732613049 0.1640707870
-0.09234770379 0.1645347564
-0.08735706115 0.1648405112
-0.08235930199 0.1649901890
-0.07735930369 0.1649860739
-0.07236172247 0.1648305683
-0.06737099706 0.1645261675
-0.06239135447 0.1640754351
-0.05742681764 0.1634809823
-0.05248121453 0.1627454486
-0.04755818833 0.1618714846
-0.04266120850 0.1608617378
-0.03779358241 0.1597188397
-0.03295846734 0.1584453946
-0.02815888273 0.1570439712
-0.02339772246 0.1555170944
-0.01867776713 0.1538672393
-0.01400169621 0.1520968267
-0.009372100034 0.1502082190
-0.004791491582 0.1482037175
-0.0002623180687 0.1460855609
0.004213027722 0.1438559242
0.008632196301 0.1415169182
0.01299287054 0.1390705903
0.01729275488 0.1365189252
0.02152956472 0.1338638466
0.02570101583 0.1311072190
0.02980481384 0.1282508504
0.03383864373 0.1252964949
0.03780015919 0.1222458564
0.04168697192 0.1191005922
0.04549664065 0.1158623173
0.04922665999 0.1125326092
0.05287444882 0.1091130133
0.05643733835 0.1056050483
0.05991255966 0.1020102135
0.06329723058 0.09832999579
0.06658834200 0.09456587761
0.06978274333 0.09071934670
0.07287712718 0.08679190623
0.07586801294 0.08278508675
0.07875172952 0.07870045963
0.08152439678 0.07453965246
0.08418190588 0.07030436671
0.08671989829 0.06599639799
0.08913374360 0.06161765950
0.09141851603 0.05717020910
0.09356896970 0.05265628077
0.09557951302 0.04807832101
0.09744418224 0.04343903134
0.09915661475 0.03874141759
0.1007100229 0.03398884742
0.1020971689 0.02918511702
0.1033103433 0.02433452861
0.1043413472 0.01944198009
0.1051814826 0.01451306819
0.1058215535 0.009554206501
0.1062518822 0.004572759200
0.1064623474 -0.0004228092744
0.1064424508 -0.005422769687
0.1061814213 -0.01041595139
0.1056683670 -0.01538955927
0.1048924873 -0.02032899352
0.1038433548 -0.02521768670
0.1025112779 -0.03003697826
0.1008877484 -0.03476605342
0.09896597061 -0.03938197912
0.09674145625 -0.04385987326
0.09421265087 -0.04817324124
0.09138153957 -0.05229450425
0.08825416139 -0.05619572274
0.08484095253 -0.05984948865
0.08115684345 -0.06322992357
0.07722105901 -0.06631368765
0.07305661221 -0.06908088529
0.06868953178 -0.07151575870
0.06414790936 -0.07360708981
0.05946087837 -0.07534827920
0.05465763833 -0.07673712227
0.04976661661 -0.07777534508
0.04481482395 -0.07846798457
0.03982742217 -0.07882270057
0.03482749183 -0.07884909310
0.02983596801 -0.07855807760
0.02487170429 -0.07796134847
0.01995162529 -0.07707094254
0.01509093410 -0.07589890112
0.01030334789 -0.07445702099
0.005601343555 -0.07275668125
0.0009964011097 -0.07080873231
-0.003500761418 -0.06862343389
-0.007879964413 -0.06621043137
-0.01213135422 -0.06357876181
-0.01624519985 -0.06073688318
-0.02021169555 -0.05769272289
-0.02402076513 -0.05445374328
-0.02766186338 -0.05102702422
-0.03112376914 -0.04741936452
-0.03439436462 -0.04363740666
-0.03746039474 -0.03968779158
-0.04030720056 -0.03557735406
-0.04291842091 -0.03131337373
-0.04527565790 -0.02690390281
-0.04735810510 -0.02235820004
-0.04914214433 -0.01768731104
-0.05060093067 -0.01290484908
-0.05170401068 -0.008028045365
-0.05241706434 -0.003079151097
-0.05270193655 0.001912727089
-0.05251724233 0.006909314729
-0.05181998962 0.01186045992
-0.05056882515 0.01670138828
-0.04872953077 0.02135079644
-0.04628298338 0.02571134753
-0.04323457613 0.02967458021
-0.03962215165 0.03313151374
-0.03551811263 0.03598753609
-0.03102276770 0.03817657103
-0.02625052100 0.03966843611
-0.02131467125 0.04046680152
-0.01631645519 0.04060035355
-0.01134035179 0.04011209646
-0.006454360651 0.03905045123
-0.001712916560 0.03746340746
0.002839375044 0.03539540332
0.007164120349 0.03288610500
0.01122593585 0.02997034527
0.01498962475 0.02667874294
0.01841754903 0.02303877932
0.02146696466 0.01907632247
0.02408707770 0.01481780070
0.02621561174 0.01029349491
0.02777483590 0.005542829697
0.02866754280 0.0006231676762
0.02877503804 -0.004375676668
0.02796306947 -0.009309306876
0.02610853086 -0.01395265551
0.02316238186 -0.01799248299
0.01923388829 -0.02108552975
0.01461118093 -0.02299093696
0.009656471640 -0.02366239499
0.004677455769 -0.02320479150
-0.0001137447410 -0.02177496715
-0.004576517031 -0.01952026906
-0.008606395970 -0.01656052655
-0.01210728961 -0.01299068849
-0.01496999177 -0.008891306058
-0.01705180799 -0.004345314281
-0.01815415170 0.0005316559202
-0.01800561311 0.005529449062
-0.01630035536 0.01022967203
-0.01292598628 0.01391933778
-0.008330367161 0.01588918166
-0.003331840207 0.01601054180
0.001467862391 0.01460952254
0.005754432276 0.01203555311
0.009328855044 0.008539340610
0.01198785911 0.004304993271
0.01344410270 -0.0004782435628
0.01326313681 -0.005474967624
0.01095583307 -0.009910770758
0.006678681276 -0.01250036002
0.001681616333 -0.01267165498
-0.003011814280 -0.01094779041
-0.006963684706 -0.007884667794
-0.009893114637 -0.003832700336
-0.01143658682 0.0009231059701
-0.01101751842 0.005905513187
-0.008063513044 0.009939599482
-0.003289419052 0.01142554246
0.001601773100 0.01038812291
0.005785956826 0.007650860308
0.008899930258 0.003738933741
0.01053981638 -0.0009844944109
0.01005223465 -0.005960664028
0.006829855284 -0.009783787258
0.001925148255 -0.01075530615
-0.002835581957 -0.009227088936
-0.006726013697 -0.006086302271
-0.009369937437 -0.001842522440
-0.01025111908 0.003079216980
-0.008584821417 0.007793392634
-0.004300291803 0.01037075679
0.0006815978788 0.009945580127
0.005028225351 0.007474380091
0.008272454929 0.003669780974
0.009978863080 -0.001030024471
0.009437868987 -0.006000670847
0.006028614588 -0.009658126853
0.001066738931 -0.01027439787
-0.003581750349 -0.008432782440
-0.007252721048 -0.005038084497
-0.009543993920 -0.0005939795668
-0.009845234416 0.004396937600
-0.007352858615 0.008731457512
-0.002622047367 0.01034992127
0.002232456014 0.009152508675
0.006244138250 0.006168148502
0.009001938632 0.001997472652
0.009981264181 -0.002905681585
0.008368757396 -0.007638526593
0.004072973373 -0.01019708862
-0.0009019286080 -0.009696738461
-0.005202591961 -0.007146386579
-0.008359827285 -0.003269291647
-0.009914323876 0.001482922610
-0.009116363559 0.006418837858
-0.005437169437 0.009804621461
-0.0004445925910 0.01007697498
0.004104949175 0.008002928282
0.007617698634 0.004444755825
0.009675959287 -0.0001119494637
0.009617777341 -0.005111610938
0.006686067657 -0.009161929238
0.001813043127 -0.01028158630
-0.002943995896 -0.008741917587
-0.006778617539 -0.005533229871
-0.009286188911 -0.001207483021
-0.009892150065 0.003755662260
-0.007770466895 0.008283184819
-0.003190692133 0.01028959034
0.001721510572 0.009356710616
0.005848477267 0.006533920170
0.008761422485 0.002470085755
0.009960828817 -0.002383925416
0.008649126005 -0.007208802174
0.004552582905 -0.01007556597
-0.0004416296309 -0.009835064110
-0.004832124001 -0.007442667991
-0.008114242429 -0.003670705820
-0.009844871832 0.001020234584
-0.009301635709 0.005990636430
-0.005857998743 0.009615738421
-0.0008875514159 0.01015855825
0.003734429457 0.008251389459
0.007354755790 0.004802732149
0.009563071660 0.0003168274446
0.009725937369 -0.004680519327
0.007049483938 -0.008903858887
0.002249570260 -0.01030415482
-0.002563140686 -0.008948495067
-0.006493360507 -0.005857642085
-0.009133229499 -0.001611338786
-0.009933404060 0.003324217988
-0.008068861735 0.007963558665
-0.003620501833 0.01024655980
0.001326576253 0.009521012828
0.005539211546 0.006827742717
0.008571210405 0.002851943060
0.009942861835 -0.001956234594
0.008876875442 -0.006841280450
0.004967856215 -0.009958902731
-0.00003214039560 -0.009953081235
-0.004498492386 -0.007705482539
-0.007889097259 -0.004030731038
-0.009773808847 0.0006004526369
-0.009457534528 0.005590439666
-0.006243564813 0.009420635311
-0.001308499835 0.01022383744
0.003377729213 0.008480490858
0.007097353473 0.005139174446
0.009444416088 0.0007242795343
0.009812696342 -0.004262138985
0.007386844338 -0.008634237115
0.002675732103 -0.01030917637
-0.002185705958 -0.009140236693
-0.006206587258 -0.006168282188
-0.008972156650 -0.002002753898
-0.009956540212 0.002899387369
-0.008343506480 0.007632052811
-0.004043231014 0.01018305868
0.0009304833763 0.009671038012
0.005225105764 0.007110526629
0.008371794301 0.003224866935
0.009908598635 -0.001533098222
0.009081658639 -0.006464241116
0.005374247675 -0.009819103848
0.0003798375869 -0.01005546769
-0.004158771711 -0.007957605533
-0.007654554366 -0.004382762373
-0.009687877273 0.0001851253184
-0.009591428704 0.005184194999
-0.006615474350 0.009202116811
-0.001731135309 0.01027133715
0.003014942299 0.008698204181
0.006831002744 0.005467463913
0.009312347864 0.001126619940
0.009879074471 -0.003841158332
0.007705730144 -0.008344110079
0.003101582183 -0.01029393611
-0.001802545146 -0.009319495171
-0.005911372582 -0.006470365987
-0.008798949337 -0.002388466861
-0.009961259670 0.002474560457
-0.008596834939 0.007284793835
-0.004462407811 0.01009664595
0.0005291944950 0.009806979908
0.004902938352 0.007384096363
0.008161208527 0.003591514727
0.009857735697 -0.001111866563
0.009264298284 -0.006076524864
0.005771989020 -0.009654761302
0.0007957495528 -0.01014162963
-0.003811629900 -0.008199451833
-0.007409811532 -0.004727695945
-0.009587058601 -0.0002266299374
-0.009703841790 0.004772006045
-0.006972702655 0.008960189306
-0.002155621776 0.01030023849
0.002645596618 0.008904422619
0.006555445747 0.005787841193
0.009167040368 0.001524090083
0.009925643141 -0.003418027058
0.008005232424 -0.008034521689
0.003526584909 -0.01025751886
-0.001413516595 -0.009485899051
-0.005607626364 -0.006763869800
-0.008613794919 -0.002768503656
-0.009948106979 0.002050169535
-0.008828471036 0.006923198917
-0.004876780627 0.009986553762
0.0001228792093 0.009928231176
0.004572768056 0.007648211602
0.007939671136 0.003951731703
0.009790774517 -0.0006929874785
0.009424876129 -0.005679581343
0.006159259978 -0.009465839542
0.001215074633 -0.01021084376
-0.003457287618 -0.008430666521
-0.007155158239 -0.005065290929
-0.009471864543 -0.0006343912573
-0.009795216968 0.004355142109
-0.007313576632 0.008695817314
-0.002581222651 0.01030976459
0.002269908229 0.009098761207
0.006270917359 0.006100107186
0.009008932944 0.001916416153
0.009953007568 -0.002993647299
0.008284391531 -0.007707002847
0.003949705319 -0.01019908941
-0.001018818971 -0.009638940884
-0.005295494917 -0.007048565842
-0.008417010268 -0.003142654692
-0.009917648073 0.001626840688
-0.009038126042 0.006548876953
-0.005284750566 0.009852234721
-0.0002880598970 0.01003412028
0.004234806604 0.007902529646
0.007707491817 0.004305244919
0.009708248423 -0.0002770004915
0.009563581856 -0.005274907212
0.006534144504 -0.009252659005
0.001637158026 -0.01026237354
-0.003096027512 -0.008650866585
-0.006890915939 -0.005395283407
-0.009342815805 -0.001037739713
-0.009866073927 0.003934805002
-0.007636594910 0.008410229374
-0.003007112821 0.01029911677
0.001888093106 0.009280804959
0.005977631417 0.006404057421
0.008838432244 0.002303347894
0.009961775323 -0.002568828245
0.008542472337 -0.007363156043
0.004369740925 -0.01011784524
-0.0006186999925 -0.009778055285
-0.004975135488 -0.007324186957
-0.008208900531 -0.003510689396
-0.009870432389 0.001205168096
-0.009225673254 0.006163422391
-0.005684553418 0.009693361528
-0.0007031281217 0.01012394487
0.003889304016 0.008146682357
0.007464995453 0.004651767373
0.009610693421 0.0001355764740
0.009680726707 -0.004863933036
0.006894776465 -0.009015858041
0.002061289688 -0.01029546953
-0.002728122785 -0.008859667261
-0.006617384183 -0.005717431468
-0.009200409400 -0.001436312371
-0.009916987496 0.003512072804
-0.007940488641 0.008104833659
-0.003432385595 0.01026747254
0.001500352722 0.009450103158
0.005675767472 0.006699482926
0.008655902194 0.002684660759
0.009952539862 -0.002144286410
0.008778953254 -0.007004604761
0.004785310611 -0.01001306258
-0.0002134695611 -0.009902623486
-0.004646725114 -0.007590428598
-0.007989767968 -0.003872355915
-0.009806998206 0.0007857203256
-0.009391135423 0.005768396127
-0.006074313373 0.009509878653
-0.001121749704 0.01019698353
0.003536535677 0.008380289466
0.007212513634 0.004991014313
0.009498644353 0.0005442619778
0.009776728509 -0.004447998953
0.007239417191 -0.008756368863
0.002486711967 -0.01030936373
-0.002353822764 -0.009056677211
-0.006334827128 -0.006031515354
-0.009045106104 -0.001829802862
-0.009948561312 0.003087896670
-0.008224233983 0.007781157292
-0.003856021602 0.01021399937
0.001106893676 0.009606157330
0.005365483845 0.006986155466
0.008461672006 0.003060137270
0.009925873829 -0.001720669463
0.008993503081 -0.006632968802
0.005194848834 -0.009884157186
0.0001964830132 -0.01001198176
-0.004310472351 -0.007846952114
-0.007759922827 -0.004227381503
-0.009727880289 0.0003690457432
-0.009534672543 0.005365311425
-0.006452111065 0.009302037824
-0.001543280517 0.01025250226
0.003176786651 0.008602967202
0.006950372569 0.005322715790
0.009372626479 0.0009486231993
0.009852091065 -0.004028335080
0.007566516358 -0.008475373224
0.002912612923 -0.01030326349
-0.001973349707 -0.009241487061
-0.006043468228 -0.006337328797
-0.008877323051 -0.002217951800
-0.009961404412 0.002663110339
-0.008487044981 0.007440794325
-0.004276854563 0.01013788473
0.0007079536404 0.009748414353
0.005046936134 0.007263815609
0.008256049704 0.003429550348
0.009882330316 -0.001298579449
0.009185959867 -0.006249848801
0.005596623233 -0.009730748473
0.0006106818755 -0.01010543338
-0.003966620305 -0.008093393436
-0.007519687625 -0.004575480330
-0.009633614408 -0.00004433107642
-0.009656569886 0.004955616228
-0.006816061846 0.009070408334
-0.001967021329 0.01028975490
0.002810334103 0.008814331209
0.006678878272 0.005646624466
0.009233143389 0.001348284122
0.009907379260 -0.003606047921
0.007874751504 -0.008174244984
0.003338106220 -0.01027635097
-0.001586907071 -0.009413655146
-0.005743493893 -0.006634665043
-0.008697433272 -0.002600530421
-0.009956114286 0.002238449027
-0.008728354596 0.007085366207
-0.004693544172 0.01003838244
0.0003038269872 0.009876266759
0.004720295762 0.007532167026
0.008039337104 0.003792653077
0.009822449389 -0.0008785898600
0.009356314307 -0.005856814251
0.005988777428 -0.009552716761
0.001028568278 -0.01018226040
-0.003615439938 -0.008329374084
-0.007269393344 -0.004916365953
-0.009524736215 -0.0004539194786
-0.009757223224 0.004540672576
-0.007164392839 0.008815860361
-0.002392225144 0.01030797815
0.002437433327 0.009013992425
0.006398303512 0.005962516163
0.009080664751 0.001742926351
0.009943192524 -0.003182116374
0.008163044458 -0.007854489739
0.003762200508 -0.01022779388
-0.001194698189 -0.009572694413
-0.005435065662 -0.006923301332
-0.008505772648 -0.002977321275
-0.009933268336 0.001814573554
-0.008947791335 0.006716495124
-0.005104565190 0.009914871713
-0.0001051156082 0.009989059832
0.004385763682 0.007790878039
0.007811842038 0.004149176911
0.009746766040 -0.0004612535575
0.009504696928 -0.005455390374
0.006369395153 -0.009350243745
0.001449512042 -0.01024173136
-0.003257215699 -0.008554510576
-0.007009368638 -0.005249764244
-0.009401774059 -0.0008592749427
-0.009837119306 0.004121736452
-0.007495507695 0.008539524933
-0.002818093353 0.01030638516
0.002058312281 0.009201546672
0.006108880787 0.006270182692
0.008915617689 0.002132281296
0.009960140431 -0.002757398881
0.008430557812 -0.007517690575
0.004183764853 -0.01015677177
-0.0007969515192 -0.009718064108
-0.005118338056 -0.007202985900
-0.008302652598 -0.003348100570
-0.009893423562 0.001392094335
-0.009145157283 0.006335787041
-0.005508219444 0.009766921424
-0.0005184175378 0.01008610310
0.004043575584 0.008039589290
0.007573884344 0.004498837949
0.009655815692 -0.00004710110255
0.009631366334 -0.005047041325
0.006736577173 -0.009123828750
0.001872825223 -0.01028310308
-0.002892227927 -0.008768418792
-0.006739925265 -0.005575422520
-0.009265237452 -0.001260008478
-0.009896811748 0.003699942521
-0.007808031166 0.008242738541
-0.003243758483 0.01028416326
0.001673177308 0.009376560685
0.005810803947 0.006569418758
0.008738384674 0.002516115034
0.009958824080 -0.002332650547
0.008676677913 -0.007165465587
0.004601499214 -0.01006251902
-0.0003939468647 -0.009849168425
-0.004793477564 -0.007473430724
-0.008088375099 -0.003712626258
-0.009837122219 0.0009715901667
-0.009320410468 0.005944819396
-0.005902673187 0.009594349760
-0.0009355376640 0.01016668244
0.003693997271 0.008277924571
0.007325793849 0.004841348715
0.009550134445 0.0003633682644
0.009736695278 -0.004633150029
0.007088519630 -0.008874277914
0.002297771308 -0.01030561663
-0.002520737601 -0.008970711424
-0.006461344245 -0.005893111827
-0.009115604518 -0.001655789276
-0.009936894560 0.003276297774
-0.008100830556 0.007926982559
-0.003668255468 0.01024048166
0.001282229737 0.009538558420
0.005504238645 0.006860006426
0.008549308892 0.002894209256
0.009939825626 -0.001908546537
0.008900991885 -0.006799438527
0.005013919236 -0.009944381488
0.00001396325570 -0.009965362242
-0.004460677796 -0.007734311490
-0.007863245870 -0.004070634307
-0.009764899808 0.0005536183139
-0.009473651381 0.005545128542
-0.006286017088 0.009397269194
-0.001355860455 0.01023006904
0.003337311689 0.008505500911
0.007067900914 0.005176431365
0.009430253153 0.0007696988008
0.009821152259 -0.004214997568
0.007423582354 -0.008602668767
0.002723564157 -0.01030849084
-0.002142978664 -0.009160988783
-0.006173867200 -0.006202621394
-0.008953312265 -0.002046338785
-0.009957976923 0.002851686218
-0.008373016135 0.007593827010
-0.004090487228 0.01017451416
0.0008856901272 0.009687011417
0.005189339284 0.007141701232
0.008348705914 0.003266342862
0.009903706265 -0.001485706581
0.009103264981 -0.006421220105
0.005419362787 -0.009801880488
0.0004263415580 -0.01006596193
-0.004120166788 -0.007985274100
-0.007627581968 -0.004421843343
-0.009677291424 0.0001387148624
-0.009605111282 0.005138193838
-0.006656341227 0.009176108543
-0.001778709732 0.01027552248
0.002973801579 0.008721934296
0.006800522341 0.005503827989
0.009296686619 0.001171488679
0.009885278309 -0.003793746444
0.007740338363 -0.008310297410
0.003149353726 -0.01029091854
-0.001759161171 -0.009338825317
-0.005877695946 -0.006503746603
-0.008778752870 -0.002431416961
-0.009960663028 0.002426884016
-0.008623926477 0.007244885198
-0.004509193206 0.01008547847
0.0004838247856 0.009821335825
0.004866268177 0.007414223463
0.008136878543 0.003632278484
0.009851010855 -0.001064715280
0.009283421904 -0.006032395099
0.005816021736 -0.009634774323
0.0008426650328 -0.01015025769
-0.003772204536 -0.008225945126
-0.007381711588 -0.004765965524
-0.009574833313 -0.0002726129788
-0.009715138999 0.004725418065
-0.007011814166 0.008931608128
-0.002203359421 0.01030228787
0.002603733214 0.008926838710
0.006523946965 0.005823304572
0.009149920930 0.001568394381
0.009929660753 -0.003370431979
0.008037600427 -0.007998618202
0.003574199498 -0.01025207159
-0.001369485669 -0.009503755501
-0.005573001102 -0.006796273643
-0.008592277414 -0.002810803715
-0.009945539690 0.002002581914
-0.008853106191 0.006881781546
-0.004922930238 0.009972690309
0.00007696867692 0.009940896665
0.004535211962 0.007677256497
0.007914130768 0.003991756843
0.009782275733 -0.0006461343148
0.009441532550 -0.005634510211
0.006201997423 -0.009443107350
0.001262333500 -0.01021752347
-0.003417071605 -0.008455942403
-0.007125966086 -0.005102719814
-0.009458058294 -0.0006798987764
-0.009804183632 0.004308106561
-0.007350754369 0.008664789342
-0.002629035149 0.01030958951
0.002227346674 0.009119818279
0.006238425506 0.006134647162
0.008990402787 0.001960126705
0.009954907380 -0.002945964498
0.008314425742 -0.007669185856
0.003997036664 -0.01019111995
-0.0009741661437 -0.009655263025
-0.005259937912 -0.007079964917
-0.008394206365 -0.003184279962
-0.009913172548 0.001579409966
-0.009060282781 0.006506130888
-0.005330073807 0.009835626497
-0.0003344602016 0.01004501778
0.004196390898 0.007930452030
0.007680776856 0.004344499646
0.009698035742 -0.0002305048982
0.009577800193 -0.005229059030
0.006575373191 -0.009227237628
0.001684683103 -0.01026702148
-0.003055052311 -0.008674881977
-0.006860666581 -0.005431843274
-0.009327485818 -0.001082728093
-0.009872772320 0.003887449231
-0.007671684424 0.008376904885
-0.003054902968 0.01029662596
0.001844856447 0.009300454448
0.005944168177 0.006437651041
0.008818534262 0.002346438555
0.009961624858 -0.002521142352
0.008570103987 -0.007323607310
0.004416643174 -0.01010726736
-0.0005734565563 -0.009792776208
-0.004938665347 -0.007354548939
-0.008184844059 -0.003551612735
-0.009864109459 0.001157959190
-0.009245346929 0.006119524762
-0.005728844155 0.009673987906
-0.0007499574075 0.01013299418
0.003850058594 0.008173439950
0.007437142966 0.004690219355
0.009598827052 0.0001816583971
0.009692548892 -0.004817463147
0.006934293574 -0.008987838143
0.002108998298 -0.01029800054
-0.002686417730 -0.008882378727
-0.006586109208 -0.005753096640
-0.009183609397 -0.001480744505
-0.009921484419 0.003464509831
-0.007973362774 0.008069379217
-0.003480045215 0.01026257262
0.001456463446 0.009468291669
0.005641351359 0.006732105791
0.008634674857 0.002727107110
0.009950404482 -0.002096673104
0.008804136100 -0.006963506653
0.004831617100 -0.009999802553
-0.0001676750333 -0.009915670715
-0.004609363535 -0.007619717046
-0.007964493210 -0.003912547659
-0.009798887956 0.0007387957940
-0.009408337368 0.005723519481
-0.006117356909 0.009487752155
-0.001168938804 0.01020410280
0.003496492386 0.008405839249
0.007183560774 0.005028632311
0.009485183943 0.0005898790182
0.009786207244 -0.004401051253
0.007277038363 -0.008725871657
0.002534515925 -0.01030969012
-0.002311414104 -0.009078039947
-0.006302553662 -0.006066262228
-0.009026885161 -0.001873647544
-0.009950925248 0.003040225665
-0.008254792925 0.007743749359
-0.003903427687 0.01020659742
0.001062376418 0.009622825551
0.005330132102 0.007017780173
0.008439150670 0.003101914554
0.009921816512 -0.001673198219
0.009016210857 -0.006590502196
0.005240372822 -0.009868160985
0.0002427795456 -0.01002327849
-0.004272244946 -0.007875127226
-0.007733465378 -0.004266810012
-0.009718042782 0.0003224658055
-0.009549428778 0.005319621929
-0.006493692620 0.009277206613
-0.001590753469 0.01025760841
0.003135977309 0.008627266067
0.006920354971 0.005359470830
0.009357629879 0.0009937302260
0.009859287210 -0.003981040113
0.007602081276 -0.008442544497
0.002960416926 -0.01030129463
-0.001930260954 -0.009261453360
-0.006010218888 -0.006371134475
-0.008857725176 -0.002261182171
-0.009961703245 0.002615418327
-0.008515214585 0.007401614161
-0.004323865693 0.01012789266
0.0006628381876 0.009763496720
0.005010666904 0.007294410766
0.008232268295 0.003470631944
0.009876412189 -0.001251315838
0.009206184183 -0.006206191661
0.005641161477 -0.009711988733
0.0006574216565 -0.01011489989
-0.003927556316 -0.008120413239
-0.007492084366 -0.004614113226
-0.009622109864 -0.00009050942208
-0.009668919651 0.004909271458
-0.006855975484 0.009042955663
-0.002014696612 0.01029276320
0.002768788650 0.008837335859
0.006647828410 0.005682490294
0.009216665221 0.001392842588
0.009912358870 -0.003558521905
0.007908126868 -0.008139248275
0.003385804845 -0.01027199381
-0.001543160631 -0.009432172799
-0.005709287757 -0.006667505591
-0.008676497829 -0.002643121863
-0.009954413910 0.002190813438
-0.008754083849 0.007044596266
-0.004739998332 0.01002572314
0.0002581508767 0.009889691940
0.004683129955 0.007561697061
0.008014329706 0.003833009864
0.009814730628 -0.0008315969279
0.009374063063 -0.005812140281
0.006032116441 -0.009531198331
0.001075683864 -0.01018981515
-0.003575570943 -0.008355195643
-0.007240681539 -0.004954171633
-0.009511624498 -0.0004996438150
-0.009767217039 0.004493819157
-0.007202449535 0.008785901129
-0.002440015879 0.01030880154
0.002395178713 0.009035658481
0.006366249544 0.005997468813
0.009062755186 0.001786903848
0.009946023933 -0.003134461442
0.008194124487 -0.007817499807
0.003809674374 -0.01022095507
-0.001150317960 -0.009589705481
-0.005399920068 -0.006955150125
-0.008483535544 -0.003019249263
-0.009929632234 0.001767065014
-0.008971049738 0.006674316750
-0.005150279889 0.009899486166
-0.0001513054683 0.01000075186
0.004347726024 0.007819303805
0.007785643923 0.004188777600
0.009737306674 -0.0004145920902
0.009519993002 -0.005409867335
0.006411319399 -0.009326006815
0.001496928850 -0.01024729154
-0.003216573696 -0.008579090786
-0.006979584405 -0.005286713164
-0.009387113542 -0.0009044987171
-0.009844816469 0.004074508014
-0.007531541447 0.008507200049
-0.002865906034 0.01030493367
0.002015372528 0.009221827215
0.006075846279 0.006304199255
0.008896321856 0.002175650173
0.009960891810 -0.002709704555
0.008459262868 -0.007478887977
0.004230876884 -0.01014736169
-0.0007519658930 -0.009733504401
-0.005082270765 -0.007233812478
-0.008279147928 -0.003389338988
-0.009887913199 0.001344779124
-0.009165932634 0.006292378952
-0.005552994648 0.009748775792
-0.0005650644858 0.01009598278
0.004004694591 0.008066869186
0.007546532156 0.004537650199
0.009644675927 -8.289209177e-7
0.009644246178 -0.005000828902
0.006776878006 -0.009096948990
0.001920462905 -0.01028658438
-0.002850843403 -0.008791714448
-0.006709101904 -0.005611487830
-0.009249083593 -0.001304691687
-0.009902277423 0.003652458484
-0.007841902558 0.008208208194
-0.003291490249 0.01028034425
0.001629574867 0.009395404631
0.005776808631 0.006602475684
0.008717742886 0.002558850366
0.009957561834 -0.002284996140
0.008702952082 -0.007125032748
0.004648092047 -0.01005045752
-0.0003483914770 -0.009862967810
-0.004756508745 -0.007503200417
-0.008063636796 -0.003753146543
-0.009829797903 0.0009245318279
-0.009338707169 0.005900356372
-0.005946297028 0.009573441375
-0.0009825760603 0.01017466858
0.003654304154 0.008304015784
0.007297324883 0.004879340622
0.009537374301 0.0004091976040
0.009747207105 -0.004586397475
0.007127003663 -0.008844863622
0.002345544227 -0.01030693259
-0.002478638210 -0.008992678496
-0.006429510931 -0.005928269134
-0.009098008554 -0.001699898238
-0.009940196806 0.003228663312
-0.008132427762 0.007890419535
-0.003715790377 0.01023420157
0.001237987921 0.009555909173
0.005469300064 0.006892077808
0.008527357691 0.002936286667
0.009936613762 -0.001861003957
0.008924800322 -0.006757557190
0.005059814772 -0.009929604904
0.00006004365144 -0.009977445665
-0.004422831292 -0.007762985857
-0.007837308895 -0.004110405577
-0.009755821550 0.0005068781687
-0.009489489095 0.005499779832
-0.006328273715 0.009373630283
-0.001403217162 0.01023607910
0.003296838532 0.008530360339
0.007038351692 0.005213572845
0.009415931455 0.0008150373541
0.009829353662 -0.004167841541
0.007460078072 -0.008570855643
0.002771380465 -0.01030755215
-0.002100189005 -0.009181581059
-0.006141048491 -0.006236847690
-0.008934320454 -0.002089844948
-0.009959184121 0.002803993471
-0.008402253899 0.007555410973
-0.004137692411 0.01016568209
0.0008408360752 0.009702806177
0.005153474919 0.007172757521
0.008325479649 0.003307736694
0.009898606633 -0.001438342898
0.009124591588 -0.006378069683
0.005464364484 -0.009784348818
0.0004728924330 -0.01007625080
-0.004081470337 -0.008012811975
-0.007600482694 -0.004460833367
-0.009666519397 0.00009235148968
-0.009618523588 0.005092121125
-0.006697019703 0.009149807048
-0.001826305598 0.01027947253
0.002932579348 0.008745518792
0.006769926921 0.005540091582
0.009280859595 0.001216294974
0.009891233408 -0.003746309565
0.007774700277 -0.008276241960
0.003197112935 -0.01028763305
-0.001715703868 -0.009357992769
-0.005843912308 -0.006537018634
-0.008758406531 -0.002474294987
-0.009959842063 0.002379214327
-0.008650743852 0.007204798424
-0.004555915928 0.01007401160
0.0004383923264 0.009835505712
0.004829497522 0.007444230913
0.008112411058 0.003672960741
0.009844083938 -0.001017594561
0.009302267521 -0.005988151368
0.005859919735 -0.009614477569
0.0008896226274 -0.01015867116
-0.003732688888 -0.008252303869
-0.007353487268 -0.004804142172
-0.009562427646 -0.0003185449532
-0.009726171686 0.004678773116
-0.007050717069 0.008902745488
-0.002251110008 0.01030409200
0.002561790255 0.008949104529
0.006492335515 0.005858665408
0.009132640844 0.001612633406
0.009933437211 -0.003322822518
0.008069710618 -0.007962490953
0.003621788917 -0.01024634571
-0.001325383593 -0.009521442845
-0.005538270389 -0.006828566159
-0.008570613802 -0.002853029287
-0.009942755108 0.001955008592
-0.008877463876 0.006840206089
-0.004968996909 0.009958520693
0.00003100043540 0.009953367602
0.004497557985 0.007706177433
0.007888456729 0.004031697101
0.009773581548 -0.0005993183835
0.009457913564 -0.005589343807
0.006244576007 -0.009420069814
0.001309626202 -0.01022397928
-0.003376768825 -0.008481078926
-0.007096653558 -0.005140052501
-0.009444078190 -0.0007253500651
-0.009812892444 0.004261028986
-0.007387704880 0.008633495714
-0.002676850148 0.01030915907
0.002184708217 0.009140719828
0.006205823598 0.006169082050
0.008971717031 0.002003768914
0.009956573693 -0.002898277327
0.008344193222 -0.007631165369
0.004044327479 -0.01018286178
-0.0009294453245 -0.009671408856
-0.005224277430 -0.007111249254
-0.008371260167 -0.003225827828
-0.009908486622 0.001532000965
-0.009082160690 0.006463246797
-0.005375291629 0.009818708280
-0.0003809118564 0.01005571183
0.004157880510 0.007958245780
0.007653932336 0.004383665856
0.009687634419 -0.0001840530315
0.009591747225 -0.005183133512
0.006616419557 -0.009201519414
0.001732232994 -0.01027143606
-0.003013993773 -0.008698753164
-0.006830300592 -0.005468303929
-0.009311988209 -0.001127655755
-0.009879220189 0.003840064837
-0.007706531055 0.008343332754
-0.003102684086 0.01029386937
0.001801545396 0.009319942686
0.005910597089 0.006471136938
0.008798485201 0.002389458086
0.009961248353 -0.002473460981
0.008597462642 -0.007283875571
0.004463487229 -0.01009639175
-0.0005281491204 -0.009807312941
-0.004902093985 -0.007384792286
-0.008160649095 -0.003592455462
-0.009857582894 0.001110779136
-0.009264742275 0.006075508736
-0.005773005651 0.009654303973
-0.0007968306670 0.01014183092
0.003810722003 0.008200064098
0.007409165114 0.004728579232
0.009586778784 0.0002276905749
0.009704105195 -0.004770932687
0.006973606619 -0.008959533590
0.002156722113 -0.01030028847
-0.002644632443 -0.008904941053
-0.006554720879 -0.005788659868
-0.009166647526 -0.001525112144
-0.009925738472 0.003416930038
-0.008005981476 0.008033696556
-0.003527682810 0.01025739641
0.001412502381 0.009486312579
0.005606829358 0.006764618031
0.008613300537 0.002769479604
0.009948050246 -0.002049072379
0.008829042051 -0.006922245950
0.004877845390 -0.009986237620
-0.0001218215277 -0.009928525324
-0.004571903412 -0.007648882539
-0.007939083884 -0.003952655319
-0.009790580807 0.0006919070015
-0.009425263197 0.005678543447
-0.006160246932 0.009465318961
-0.001216163659 0.01021100025
0.003456361537 0.008431250746
0.007154486659 0.005066154821
0.009471548243 0.0006354409267
0.009795426577 -0.004354058329
0.007314436197 -0.008695105062
0.002582324788 -0.01030976342
-0.002268927968 -0.009099248361
-0.006270169598 -0.006100904583
-0.009008507543 -0.001917424536
-0.009953053998 0.002992548172
-0.008285086876 0.007706133398
-0.003950796844 0.01019890894
0.001017790403 0.009639319120
0.005294676424 0.007049290942
0.008416486198 0.003143615106
0.009917547278 -0.001625747077
0.009038639937 -0.006547893143
0.005285796524 -0.009851855357
0.0002891289319 -0.01003437377
-0.004233922115 -0.007903174757
-0.007706877447 -0.004306150812
-0.009708015130 0.0002759281891
-0.009563912675 0.005273851206
-0.006535096941 0.009252076344
-0.001638253286 0.01026248330
0.003095083894 0.008651421806
0.006890219948 0.005396127299
0.009342464311 0.001038777464
0.009866231165 -0.003933713691
0.007637406516 -0.008409463983
0.003008214569 -0.01029906233
-0.001887097255 -0.009281259729
-0.005976861240 -0.006404833031
-0.008837975261 -0.002304342017
-0.009961774406 0.002567728948
-0.008543112370 0.007362246445
-0.004370822754 0.01011760474
0.0006176577668 0.009778396698
0.004974295922 0.007324888193
0.008208347545 0.003511633664
0.009870288932 -0.001204079519
0.009226129905 -0.006162411814
0.005685575841 -0.009692918423
0.0007042071265 -0.01012415586
-0.003888400362 -0.008147300670
-0.007464354814 -0.004652654800
-0.009610421932 -0.0001366393075
-0.009681002230 0.004862862510
-0.006895689692 0.009015215345
-0.002062389285 0.01029553061
0.002727162308 0.008860192480
0.006616664513 0.005718254766
0.009200023955 0.001437337341
0.009917093900 -0.003510976583
0.007941249321 -0.008104018951
0.003433484478 -0.01026736269
-0.001499341799 -0.009450524321
-0.005674975307 -0.006700236190
-0.008655414521 -0.002685640059
-0.009952493108 0.002143188695
-0.008779536884 0.007003659218
-0.004786378928 0.01001276034
0.0002124145769 0.009902926412
0.004645864969 0.007591105135
0.007989186854 0.003873283356
0.009806813472 -0.0007846382271
0.009391535073 -0.005767362768
0.006075307318 -0.009509372052
0.001122837095 -0.01019715013
-0.003535613590 -0.008380879992
-0.007211847583 -0.004991882554
-0.009498336044 -0.0005453141558
-0.009776949938 0.004446917239
-0.007240286932 0.008755668890
-0.002487813877 0.01030937409
0.002352846037 0.009057171397
0.006334084409 0.006032317512
0.009044687844 0.001830814327
0.009948618460 -0.003086797842
0.008224941403 -0.007780297326
0.003857114807 -0.01021383196
-0.001105868244 -0.009606543525
-0.005364670091 -0.006986885756
-0.008461154460 -0.003061101179
-0.009925782692 0.001719574939
-0.008994029677 0.006631991485
-0.005195899360 0.009883791924
-0.0001975496372 0.01001224443
0.004309592212 0.007847603037
0.007759314405 0.004228291391
0.009727655662 -0.0003679715145
0.009535015773 -0.005364259124
0.006453071576 -0.009301468792
0.001544374550 -0.01025262257
-0.003175846867 -0.008603528945
-0.006949681930 -0.005323564172
-0.009372282686 -0.0009496636729
-0.009852259796 0.004027245205
-0.007567338885 0.008474619310
-0.002913714959 0.01030322106
0.001972357274 0.009241949119
0.006042702989 0.006338109287
0.008876872998 0.002218949135
0.009961413870 -0.002662010924
0.008487697401 -0.007439893275
0.004277938854 -0.01013765772
-0.0007069143774 -0.009748764078
-0.005046101206 -0.007264522209
-0.008255503069 -0.003430498254
-0.009882196207 0.001297489630
-0.009186429214 0.006248843818
-0.005597651300 0.009730319522
-0.0006117587967 0.01010565397
0.003965720843 0.008094017781
0.007519052742 0.004576371918
0.009633351277 0.00004539611712
0.009656857586 -0.004954548628
0.006816984160 -0.009069778746
0.001968120132 -0.01028982696
-0.002809377313 -0.008814863173
-0.006678163799 -0.005647452381
-0.009232765377 -0.001349311995
-0.009907496810 0.003604952582
-0.007875523708 0.008173440878
-0.003339205968 0.01027625360
0.001585899449 0.009414083878
0.005742706574 0.006635423316
0.008696952338 0.002601513058
0.009956077577 -0.002237350820
0.008728950812 -0.007084428280
0.004694615841 -0.01003809403
-0.0003027747478 -0.009876578376
-0.004719440138 -0.007532849119
-0.008038762164 -0.003793584313
-0.009822273696 0.0008775062034
-0.009356726568 0.005855785612
-0.005989778122 0.009552224190
-0.001029653951 0.01018243702
0.003614521879 0.008329970861
0.007268732861 0.004917238510
0.009524435961 0.0004549741152
0.009757456544 -0.004539593074
0.007165272572 -0.008815172831
0.002393326721 -0.01030799994
-0.002436460159 -0.009014493589
-0.006397565861 -0.005963323056
-0.009080253682 -0.001743940867
-0.009943260467 0.003181017944
-0.008163763866 0.007853639461
-0.003763295233 0.01022763942
0.001193675927 0.009573088493
0.005434256667 0.006924036778
0.008505261665 0.002978288649
0.009933186927 -0.001813478191
0.008948330619 -0.006715524504
0.005105620054 -0.009914520520
0.0001061797545 -0.009989331594
-0.004384887928 -0.007791534727
-0.007811239605 -0.004150090757
-0.009746550147 0.0004601774680
-0.009505052613 0.005454341957
-0.006370363504 0.009349688436
-0.001450604756 0.01024186211
0.003256279782 0.008555078792
0.007008683390 0.005250617086
0.009401438029 0.0008603180946
0.009837299604 -0.004120648146
0.007496340989 -0.008538782680
0.002819195558 -0.01030635464
-0.002057323291 -0.009202015959
-0.006108120506 -0.006270968035
-0.008915174611 -0.002133281816
-0.009960160340 0.002756299436
-0.008431222558 0.007516798282
-0.004184851424 0.01015655815
0.0007959152607 0.009718422063
0.005117507791 0.007203697823
0.008302112353 0.003349052082
0.009893298870 -0.001391003346
0.009145639334 -0.006334787850
0.005509252912 -0.009766506630
0.0005194922985 -0.01008633318
-0.004042680351 -0.008040219617
-0.007573255261 -0.004499733661
-0.009655560987 0.00004603391557
-0.009631666266 0.005045976819
-0.006737508358 0.009123212402
-0.001873923133 0.01028318601
0.002891274856 0.008768957451
0.006739216023 0.005576255026
0.009264866931 0.001261039215
0.009896940522 -0.003698848180
0.007808814773 -0.008241945236
0.003244858960 -0.01028407827
-0.001672173013 -0.009376996923
-0.005810021494 -0.006570182011
-0.008737910520 -0.002517100979
-0.009958797489 0.002331551928
-0.008677286680 0.007164535483
-0.004602574027 0.01006224437
0.0003928974223 0.009849488646
0.004792626489 0.007474118330
0.008087806373 0.003713561253
0.009836955636 -0.0009705050212
0.009320835366 -0.005943795669
0.005903680385 -0.009593871263
0.0009366215353 -0.01016686898
-0.003693083277 -0.008278527550
-0.007325138975 -0.004842225555
-0.009549842312 -0.0003644253065
-0.009736940555 0.004632072892
-0.007089409165 0.008873602986
-0.002298872446 0.01030564975
0.002519768020 0.008971219512
0.006460611689 0.005893923430
0.009115200692 0.001656806813
0.009936973376 -0.003275199843
0.008101561863 -0.007926142175
0.003669351561 -0.01024034006
-0.001281210674 -0.009538960311
-0.005503434428 -0.006860746993
-0.008548804510 -0.002895180066
-0.009939754013 0.001907450410
-0.008901543843 0.006798474806
-0.005014978211 0.009944044323
-0.00001502486151 0.009965643004
0.004459806457 0.007734973896
0.007862649468 0.004071552074
0.009764692718 -0.0005525404286
0.009474019561 -0.005544084189
0.006286993040 -0.009396727692
0.001356951759 -0.01023021013
-0.003336379675 -0.008506075550
-0.007067221094 -0.005177288637
-0.009429924950 -0.0007707445853
-0.009821344200 0.004213910967
-0.007424426256 0.008601938356
-0.002724666416 0.01030847211
0.002141993141 0.009161465241
0.006173111901 0.006203411565
0.008952876207 0.002047342460
0.009958007358 -0.002850586834
0.008373693144 -0.007592943681
0.004091575901 -0.01017431384
-0.0008846569135 -0.009687377523
-0.005188513703 -0.007142418440
-0.008348172097 -0.003267297947
-0.009903591058 0.001484614495
-0.009103759738 0.006420226904
-0.005420401414 0.009801479846
-0.0004274140837 0.01006620143
0.004119275820 0.007985910361
0.007626958726 0.004422743142
0.009677045213 -0.0001376455908
0.009605423500 -0.005137132598
0.006657281060 -0.009175505556
0.001779806653 -0.01027561619
-0.002972852260 -0.008722479600
-0.006799818364 -0.005504665056
-0.009296323647 -0.001172522241
-0.009885418383 0.003792653223
-0.007741133243 0.008309515103
-0.003150454801 0.01029084583
0.001758160231 0.009339268995
0.005876918379 0.006504514805
0.008778285538 0.002432406186
0.009960646627 -0.002425785067
0.008624547754 -0.007243963126
0.004510270961 -0.01008521751
-0.0004827781917 -0.009821664565
-0.004865421679 -0.007414916538
-0.008136316071 -0.003633217201
-0.009850853450 0.001063628716
-0.009283859459 0.006031376477
-0.005817035191 0.009634309934
-0.0008437470189 0.01015045406
0.003771294644 0.008226554260
0.007381062365 0.004766846612
0.009574549368 0.0002736723708
0.009715396298 -0.004724343450
0.007012713306 -0.008930945956
0.002204460017 -0.01030233223
-0.002602767248 -0.008927353672
-0.006523219531 -0.005824120859
-0.009149524399 -0.001569414907
-0.009929750519 0.003369334652
-0.008038343532 0.007997787915
-0.003575296810 0.01025194274
0.001368469837 0.009504165133
0.005572201683 0.006797019299
0.008591779672 0.002811777930
0.009945477944 -0.002001485099
0.008853670805 -0.006880824928
0.004923993102 -0.009972367124
-0.00007590967328 -0.009941186337
-0.004534345071 -0.007677924575
-0.007913540439 -0.003992678495
-0.009782077514 0.0006450547011
-0.009441913261 0.005633470109
-0.006202980735 0.009442579728
-0.001263423305 0.01021767481
0.003416143528 0.008456523416
0.007125291733 0.005103581484
0.009457737982 0.0006809471455
0.009804387287 -0.004307021806
0.007351608711 -0.008664070952
0.002630137347 -0.01030958247
-0.002226364646 -0.009120301851
-0.006237675212 -0.006135442132
-0.008989973797 -0.001961133507
-0.009954948417 0.002944865268
-0.008315114942 0.007668311698
-0.003998127266 0.01019093284
0.0009731360127 0.009655637204
0.005259117039 0.007080687370
0.008393679015 0.003185238588
0.009913066895 -0.001578316856
0.009060790246 -0.006505143879
0.005331117355 -0.009835239994
0.0003355304201 -0.01004526659
-0.004195504230 -0.007931094176
-0.007680159498 -0.004345403496
-0.009697798094 0.0002294336047
-0.009578124750 0.005228001229
-0.006576321446 0.009226648115
-0.001685778938 0.01026712588
0.003054106776 0.008675433876
0.006859967903 0.005432684875
0.009327130455 0.001083764442
0.009872923772 -0.003886357253
0.007672490442 -0.008376133768
0.003056004515 -0.01029656541
-0.001843858887 -0.009300905505
-0.005943395517 -0.006438424165
-0.008818073795 -0.002347431034
-0.009961618721 0.002520043157
-0.008570737729 0.007322693474
-0.004417723676 0.01010702001
0.0005724128580 0.009793113383
0.004937823450 0.007355247439
0.008184287880 0.003552555142
0.009863961300 -0.001156871278
0.009245797159 -0.006118511439
0.005729863621 -0.009673537650
0.0007510374276 -0.01013320028
-0.003849152841 -0.008174055188
-0.007436499436 -0.004691104657
-0.009598551364 -0.0001827200830
-0.009692818276 0.004816391213
-0.006935202116 0.008987188872
-0.002110098250 0.01029805602
0.002685455407 0.008882900510
0.006585386926 0.005753917585
0.009183220216 0.001481767985
0.009921585214 -0.003463413217
0.007974117574 -0.008068559229
0.003481143600 -0.01026245642
-0.001455450873 -0.009468708973
-0.005640556757 -0.006732856503
-0.008634183795 -0.002728084704
-0.009950352674 0.002095575678
-0.008804713346 0.006962557343
-0.004832683633 0.009999493293
0.0001666186911 0.009915969209
0.004608501122 0.007620390748
0.007963908994 0.003913473159
0.009798698676 -0.0007377145195
0.009408730646 -0.005722483816
0.006118347339 -0.009487238481
0.001170027021 -0.01020426430
-0.003495568284 -0.008406426587
-0.007182891928 -0.005029498347
-0.009484871587 -0.0005909299233
-0.009786422684 0.004399968486
-0.007277902971 0.008725165459
-0.002535617953 0.01030969467
0.002310435595 0.009078530578
0.006301808397 0.006067061973
0.009026463286 0.001874657445
0.009950976964 -0.003039126684
0.008255494241 -0.007742884579
0.003904520052 -0.01020642342
-0.001061349405 -0.009623207726
-0.005329315956 -0.007018507836
-0.008438629824 -0.003102876690
-0.009921720482 0.001672104158
-0.009016731025 0.006589521578
-0.005241421057 0.009867788597
-0.0002438473877 0.01002353653
0.004271362610 0.007875775209
0.007732853947 0.004267717875
0.009717813765 -0.0003213925528
0.009549765722 -0.005318567740
0.006494649068 -0.009276630679
0.001591848124 -0.01025772339
-0.003135035590 -0.008627824513
-0.006919661627 -0.005360316937
-0.009357282187 -0.0009947693187
-0.009859450117 0.003979949505
-0.007602898289 0.008441784760
-0.002961518822 0.01030124615
0.001929266798 0.009261911735
0.006009451154 0.006371912493
0.008857271616 0.002262177877
0.009961707446 -0.002614318970
0.008515860741 -0.007400708769
0.004324948753 -0.01012765884
-0.0006617974296 -0.009763842248
-0.005009829634 -0.007295114651
-0.008231718448 -0.003471578006
-0.009876273344 0.001250226648
-0.009206647103 0.006205183832
-0.005642186711 0.009711552625
-0.0006584996323 0.01011511563
0.003926654737 0.008121034534
0.007491446572 0.004615002707
0.009621842499 0.00009157334495
0.009669201182 -0.004908202366
0.006856893221 -0.009042319433
0.002015795820 -0.01029282971
-0.002767829999 -0.008837864414
-0.006647111310 -0.005683315871
-0.009216283445 -0.001393868990
-0.009912470772 0.003557426114
-0.007908893251 0.008138438788
-0.003386904164 0.01027189015
0.001542151344 0.009432597708
0.005708497991 0.006668261328
0.008676013485 0.002644102808
0.009954372112 -0.002189715478
0.008754673698 -0.007043654468
0.004741068324 -0.01002542775
-0.0002570972493 -0.009889999169
-0.004682272047 -0.007562376345
-0.008013751642 -0.003833939178
-0.009814550355 0.0008305140582
-0.009374468939 0.005811109238
-0.006033113746 0.009530698661
-0.001076770410 0.01018998671
0.003574650848 0.008355789260
0.007240018239 0.004955042005
0.009511320163 0.0005006972078
0.009767444334 -0.004492738524
0.007203324232 -0.008785207289
0.002441117630 -0.01030881757
-0.002394203748 -0.009036156118
-0.006365509331 -0.005998273309
-0.009062340476 -0.001787916819
-0.009946086405 0.003133362805
-0.008194837838 0.007816644609
-0.003810768344 0.01022079408
0.001149294096 0.009590095579
0.005399108668 0.006955882963
0.008483021239 0.003020214882
0.009929545896 -0.001765970073
0.008971582602 -0.006673342723
0.005151332580 -0.009899127863
0.0001523708690 -0.01000101904
-0.004346848054 -0.007819957579
-0.007785038459 -0.004189689442
-0.009737086356 0.0004135169410
-0.009520342378 0.005408816937
-0.006412283807 0.009325444557
-0.001498022235 0.01024741701
0.003215635825 0.008579655729
0.006978896431 0.005287563748
0.009386773580 0.0009055405126
0.009844990906 -0.004073418905
0.007532369309 -0.008506451879
0.002867008161 -0.01030489714
-0.002014381800 -0.009222292849
-0.006075083493 -0.006304982141
-0.008895875246 -0.002176649078
-0.009960906423 0.002708605121
-0.008459921382 0.007477991235
-0.004231962316 0.01014714131
0.0007509281170 0.009733858200
0.005081438144 0.007234521708
0.008278604449 0.003390288674
0.009887783736 -0.001343688726
0.009166408255 -0.006291376814
0.005554025407 -0.009748353840
0.0005661403406 -0.01009620807
-0.004003797221 -0.008067496489
-0.007545900139 -0.004538543822
-0.009644416953 -2.371796768e-7
-0.009644539913 0.004999762819
-0.006777804724 0.009096325934
-0.001921561271 0.01028666182
0.002849888455 0.008792249722
0.006708390018 0.005612318011
0.009248709278 0.001305720972
0.009902400509 -0.003651363633
0.007842680406 -0.008207409407
0.003292590365 -0.01028025301
-0.001628568894 -0.009395837077
-0.005776023721 -0.006603236415
-0.008717265301 -0.002559834633
-0.009957530116 0.002283897728
-0.008703554500 0.007124098669
-0.004649165287 0.01005017593
0.0003473406217 0.009863283687
0.004755655372 0.007503885234
0.008063064927 0.003754079634
0.009829626705 -0.0009234474355
0.009339125668 -0.005899330144
0.005947300960 -0.009572955758
0.0009836608449 -0.01017485011
-0.003653388107 -0.008304615628
-0.007296667172 -0.004880215293
-0.009537078054 -0.0004102534278
-0.009747446324 0.004585319131
-0.007127888258 0.008844182305
-0.002346645592 0.01030696000
0.002477666818 0.008993183085
0.006428775800 0.005929078352
0.009097601061 0.001700914244
0.009940270112 -0.003227565123
0.008133153057 -0.007889574126
0.003716885791 -0.01023405348
-0.001236967242 -0.009556307120
-0.005468493433 -0.006892815784
-0.008526849969 -0.002937255736
-0.009936537185 0.001859908213
-0.008925345869 0.006756589959
-0.005060871689 0.009929260650
-0.00006110654351 0.009977721884
0.004421957722 0.007763645373
0.007836709441 0.004111321360
0.009755610001 -0.0005058011900
0.009489850947 -0.005498733407
0.006329245846 -0.009373081790
0.001404309184 -0.01023621496
-0.003295904545 -0.008530931731
-0.007037669125 -0.005214427876
-0.009415599288 -0.0008160818066
-0.009829539703 0.004166754066
-0.007460916624 0.008570119223
-0.002772482705 0.01030752746
0.002099201731 0.009182053893
0.006140290673 0.006237635417
0.008933880842 0.002090847025
0.009959209222 -0.002802894051
0.008402924710 -0.007554523089
0.004138780035 -0.01016547506
-0.0008398013226 -0.009703168168
-0.005152646971 -0.007173472056
-0.008324942578 -0.003308689970
-0.009898486621 0.001437251364
-0.009125079915 0.006377073433
-0.005465400525 0.009783941021
-0.0004739660919 0.01007648554
0.004080577212 0.008013445237
0.007599856495 0.004461731098
0.009666268882 -0.00009128327110
0.009618829583 -0.005091058217
0.006697955183 -0.009149197291
0.001827403024 -0.01027956080
-0.002931628133 -0.008746060739
-0.006769220281 -0.005540926341
-0.009280492799 -0.001217327107
-0.009891367757 0.003745215768
-0.007775489468 0.008275454069
-0.003198213719 0.01028755415
0.001714701232 0.009358432689
0.005843132272 0.006537784332
0.008757935746 0.002475282553
0.009959820498 -0.002378115539
0.008651358804 -0.007203872267
0.004556992215 -0.01007374373
-0.0004373442898 -0.009835830152
-0.004828648709 -0.007444921224
-0.008111845420 -0.003673897576
-0.009843921883 0.001016508710
-0.009302698669 0.005987130143
-0.005860930052 0.009614006042
-0.0008907055734 0.01015886257
0.003731776921 0.008252909894
0.007352835184 0.004805021112
0.009562139552 0.0003196031599
0.009726422895 -0.004677697210
0.007051611372 -0.008902076846
0.002252210887 -0.01030413069
-0.002560822460 -0.008949616019
-0.006491605489 -0.005859479326
-0.009132240618 -0.001613652421
-0.009933521429 0.003321724876
-0.008070447765 0.007961655536
-0.003622885627 0.01024621042
0.001324366126 0.009521848569
0.005537468543 0.006829309242
0.008570112699 0.002854001780
0.009942688363 -0.001953912118
0.008878022090 -0.006839245856
0.004970057830 -0.009958190443
-0.00002994011078 -0.009953652778
-0.004496688842 -0.007706842646
-0.007887863324 -0.004032616790
-0.009773378834 0.0005982396381
-0.009458287931 0.005588301534
-0.006245555624 0.009419535163
-0.001310716775 0.01022412545
0.003375838754 0.008481656721
0.007095976436 0.005140911949
0.009443753880 0.0007263971314
0.009813090164 -0.004259943281
0.007388553961 -0.008632771222
0.002677952389 -0.01030914613
-0.002183724419 -0.009141199808
-0.006205070770 -0.006169874595
-0.008971284460 -0.002004774137
-0.009956609358 0.002897178009
-0.008344876264 0.007630286547
-0.004045417125 0.01018266801
0.0009284136307 0.009671778960
0.005223454173 0.007111969058
0.008370729542 0.003226784666
0.009908376128 -0.001530908365
0.009082661728 -0.006462256631
0.005376332718 -0.009818314627
0.0003819832501 -0.01005595595
-0.004156991663 -0.007958884955
-0.007653311998 -0.004384567661
-0.009687392432 0.0001829827532
-0.009592065535 0.005182073949
-0.006617363579 0.009200923072
-0.001733329389 0.01027153506
0.003013046319 0.008699301733
0.006829599229 0.005469143241
0.009311628990 0.001128690699
0.009879365876 -0.003838972215
0.007707331456 -0.008342555952
0.003103785410 -0.01029380268
-0.001800546123 -0.009320390019
-0.005909821944 -0.006471907576
-0.008798021256 -0.002390448923
-0.009961237015 0.002472361900
-0.008598090085 0.007282957543
-0.004464566366 0.01009613753
0.0005271039515 0.009807645860
0.004901249757 0.007385488048
0.008160089728 0.003593396007
0.009857430050 -0.001109691897
0.009265186092 -0.006074492708
0.005774022108 -0.009653846566
0.0007979116916 -0.01014203211
-0.003809814152 -0.008200676255
-0.007408518699 -0.004729462407
-0.009586498911 -0.0002287511076
-0.009704368459 0.004769859376
-0.006974510431 0.008958877775
-0.002157822403 0.01030033834
0.002643668274 0.008905459391
0.006553995988 0.005789478460
0.009166254621 0.001526134134
0.009925833678 -0.003415833050
0.008006730374 -0.008032871334
0.003528780669 -0.01025727382
-0.001411488156 -0.009486726011
-0.005606032317 -0.006765366189
-0.008612806091 -0.002770455493
-0.009947993403 0.002047975252
-0.008829612910 0.006921292918
-0.004878910094 0.009985921323
0.0001207638320 0.009928819366
0.004571038730 0.007649553402
0.007938496571 0.003953578877
0.009790386996 -0.0006908265586
0.009425650115 -0.005677505514
0.006161233792 -0.009464798225
0.001217252690 -0.01021115662
-0.003455435420 -0.008431834891
-0.007153815022 -0.005067018653
-0.009471231855 -0.0006364905555
-0.009795636046 0.004352974538
-0.007315295635 0.008694392676
-0.002583426915 0.01030976211
0.002267947675 0.009099735429
0.006269421786 0.006101701916
0.009008082063 0.001918432873
0.009953100303 -0.002991449053
0.008285782074 -0.007705263848
0.003951888337 -0.01019872832
-0.001016761809 -0.009639697260
-0.005293857884 -0.007050015974
-0.008415962057 -0.003144575470
-0.009917446372 0.001624653488
-0.009039153681 0.006546909266
-0.005286842418 0.009851475832
-0.0002901979849 0.01003462715
0.004233037583 0.007903819794
0.007706263013 0.004307056650
0.009707781739 -0.0002748559189
0.009564243348 -0.005272795167
0.006536049274 -0.009251493528
0.001639348550 -0.01026259294
-0.003094140239 -0.008651976947
-0.006889523901 -0.005396971131
-0.009342112730 -0.001039815174
-0.009866388269 0.003932622373
-0.007638217987 0.008408698466
-0.003009316305 0.01029900776
0.001886101373 0.009281714410
0.005976091011 0.006405608577
0.008837518201 0.002305336094
0.009961773368 -0.002566629661
0.008543752254 -0.007361336755
0.004371904543 -0.01011736409
-0.0006166155154 -0.009778738012
-0.004973456308 -0.007325589360
-0.008207794489 -0.003512577882
-0.009870145367 0.001202990965
-0.009226586406 0.006161401181
-0.005686598189 0.009692475157
-0.0007052861470 0.01012436674
0.003887496666 0.008147918908
0.007463714113 0.004653542172
0.009610150347 0.0001377021072
0.009681277609 -0.004861791958
0.006896602805 -0.009014572501
0.002063488882 -0.01029559155
-0.002726201795 -0.008860717615
-0.006615944788 -0.005719078003
-0.009199638426 -0.001438362270
-0.009917200174 0.003509880361
-0.007942009860 0.008103204127
-0.003434583343 0.01026725269
0.001498330846 0.009450945391
0.005674183093 0.006700989389
0.008654926773 0.002686619313
0.009952446237 -0.002142090996
0.008780120361 -0.007002713594
0.004787447197 -0.01001245794
-0.0002113595694 -0.009903229233
-0.004645004779 -0.007591781600
-0.007988605674 -0.003874210746
-0.009806628634 0.0007835561559
-0.009391934572 0.005766329363
-0.006076301176 0.009508865292
-0.001123924496 0.01019731661
0.003534691464 0.008381470439
0.007211181472 0.004992750737
0.009498027643 0.0005463662963
0.009777171228 -0.004445835508
0.007241156549 -0.008754968779
0.002488915781 -0.01030938433
-0.002351869276 -0.009057665497
-0.006333341638 -0.006033119608
-0.009044269504 -0.001831825747
-0.009948675482 0.003085699019
-0.008225648677 0.007779437255
-0.003858207984 0.01021366440
0.001104842783 0.009606929625
0.005363856288 0.006987615981
0.008460636842 0.003062065039
0.009925691443 -0.001718480434
0.008994556120 -0.006631014099
0.005196949826 -0.009883426501
0.0001986162814 -0.01001250699
-0.004308712030 -0.007848253888
-0.007758705917 -0.004229201225
-0.009727430936 0.0003668973159
-0.009535358855 0.005363206785
-0.006454031988 0.009300899605
-0.001545468590 0.01025274275
0.003174907044 0.008604090609
0.006948991235 0.005324412496
0.009371938806 0.0009507041074
0.009852428391 -0.004026155320
0.007568161278 -0.008473865265
0.002914816984 -0.01030317849
-0.001971364809 -0.009242411088
-0.006041937696 -0.006338889715
-0.008876422867 -0.002219946426
-0.009961423207 0.002660911517
-0.008488349671 0.007438992132
-0.004279023109 0.01013743055
0.0007058750874 0.009749113703
0.005045266230 0.007265228741
0.008254956364 0.003431446111
0.009882061990 -0.001296399834
0.009186898410 -0.006247838776
0.005598679295 -0.009729890410
0.0006128357344 -0.01010587444
-0.003964821339 -0.008094642051
-0.007518417797 -0.004577263451
-0.009633088050 -0.00004646112404
-0.009657145140 0.004953481001
-0.006817906363 0.009069149011
-0.001969218936 0.01028989888
0.002808420488 0.008815395055
0.006677449272 0.005648280236
0.009232387281 0.001350339826
0.009907614228 -0.003603857240
0.007876295773 -0.008172636654
0.003340305698 -0.01027615609
-0.001584891796 -0.009414512520
-0.005741919205 -0.006636181525
-0.008696471329 -0.002602495649
-0.009956040751 0.002236252626
-0.008729546877 0.007083490270
-0.004695687464 0.01003780546
0.0003017224834 0.009876889889
0.004718584468 0.007533531143
0.008038187156 0.003794515499
0.009822097899 -0.0008764225720
0.009357138679 -0.005854756924
0.005990778733 -0.009551731459
0.001030739638 -0.01018261352
-0.003613603780 -0.008330567562
-0.007268072317 -0.004918111011
-0.009524135614 -0.0004560287168
-0.009757689723 0.004538513552
-0.007166152185 0.008814485160
-0.002394428296 0.01030802161
0.002435486955 0.009014994668
0.006396828155 0.005964129889
0.009079842532 0.001744955343
0.009943328283 -0.003179919514
0.008164483132 -0.007852789074
0.003764389937 -0.01022748482
-0.001192653632 -0.009573482479
-0.005433447620 -0.006924772160
-0.008504750608 -0.002979255977
-0.009933105403 0.001812382843
-0.008948869753 0.006714553810
-0.005106674862 0.009914169165
-0.0001072439248 0.009989603249
0.004384012127 0.007792191345
0.007810637105 0.004151004552
0.009746334153 -0.0004591014050
0.009505408149 -0.005453293498
0.006371331760 -0.009349132969
0.001451697480 -0.01024199273
-0.003255343825 -0.008555646930
-0.007007998082 -0.005251469872
-0.009401101911 -0.0008613612100
-0.009837479767 0.004119559826
-0.007497174154 0.008538040293
-0.002820297756 0.01030632397
0.002056334266 0.009202485159
0.006107360171 0.006271753319
0.008914731453 0.002134282293
0.009960180127 -0.002755199997
0.008431887159 -0.007515905890
0.004185937963 -0.01015634438
-0.0007948789722 -0.009718779921
-0.005116677475 -0.007204409681
-0.008301572035 -0.003350003548
-0.009893174069 0.001389912376
-0.009146121234 0.006333788594
-0.005510286313 0.009766091674
-0.0005205670798 0.01008656316
0.004041785073 0.008040849872
0.007572626112 0.004500629321
0.009655306184 -0.00004496675842
0.009631966054 -0.005044912282
0.006738439435 -0.009122595902
0.001875021049 -0.01028326881
-0.002890321747 -0.008769496030
-0.006738506723 -0.005577087474
-0.009264496323 -0.001262069914
-0.009897069164 0.003697753833
-0.007809598244 0.008241151808
-0.003245959424 0.01028399314
0.001671168685 0.009377433072
0.005809238988 0.006570945202
0.008737436290 0.002518086882
0.009958770780 -0.002330453318
0.008677895299 -0.007163605292
0.004603648800 -0.01006196957
-0.0003918479517 -0.009849808765
-0.004791775365 -0.007474805869
-0.008087237577 -0.003714496200
-0.009836788947 0.0009694198970
-0.009321260114 0.005942771888
-0.005904687505 0.009593392603
-0.0009377054242 0.01016705540
0.003692169239 0.008279130457
0.007324484038 0.004843102343
0.009549550085 0.0003654823175
0.009737185692 -0.004630995730
0.007090298584 -0.008872927913
0.002299973587 -0.01030568275
-0.002518798399 -0.008971727519
-0.006459879075 -0.005894734976
-0.009114796782 -0.001657824313
-0.009937052065 0.003274101908
-0.008102293029 0.007925301676
-0.003670447637 0.01024019831
0.001280191576 0.009539362111
0.005502630157 0.006861487500
0.008548300053 0.002896150832
0.009939682285 -0.001906354293
0.008902095654 -0.006797511005
0.005016037137 -0.009943706995
0.00001608649518 -0.009965923661
-0.004458935069 -0.007735636235
-0.007862052997 -0.004072469795
-0.009764485525 0.0005514625658
-0.009474387593 0.005543039790
-0.006287968903 0.009396186028
-0.001358043079 0.01023035110
0.003335447616 0.008506650113
0.007066541211 0.005178145857
0.009429596657 0.0007717903375
0.009821536003 -0.004212824347
0.007425270033 -0.008601207808
0.002725768672 -0.01030845324
-0.002141007580 -0.009161941614
-0.006172356544 -0.006204201678
-0.008952440068 -0.002048346098
-0.009958037671 0.002849487450
-0.008374370009 0.007592060248
-0.004092664548 0.01017411337
0.0008836236652 0.009687743534
0.005187688068 0.007143135585
0.008347638205 0.003268252989
0.009903475741 -0.001483522422
0.009104254348 -0.006419233634
0.005421439983 -0.009801079040
0.0004284866353 -0.01006644081
-0.004118384802 -0.007986546553
-0.007626335417 -0.004423642894
-0.009676798903 0.0001365763437
-0.009605735576 0.005136071319
-0.006658220793 0.009174902412
-0.001780903585 0.01027570978
0.002971902897 0.008723024827
0.006799114325 0.005505502071
0.009295960587 0.001173555771
0.009885558326 -0.003791559988
0.007741927993 -0.008308732665
0.003151555870 -0.01029077297
-0.001757159251 -0.009339712587
-0.005876140756 -0.006505282950
-0.008777818127 -0.002433395374
-0.009960630107 0.002424686122
-0.008625168886 0.007243040958
-0.004511348684 0.01008495639
0.0004817315640 0.009821993206
0.004864575127 0.007415609549
0.008135753526 0.003634155876
0.009850695938 -0.001062542169
0.009284296866 -0.006030357794
0.005818048574 -0.009633845380
0.0008448290276 -0.01015065031
-0.003770384705 -0.008227163322
-0.007380413076 -0.004767727652
-0.009574265328 -0.0002747317364
-0.009715653457 0.004723268804
-0.007013612335 0.008930283633
-0.002205560620 0.01030237645
0.002601801238 0.008927868554
0.006522492037 0.005824937092
0.009149127783 0.001570435399
0.009929840158 -0.003368237316
0.008039086501 -0.007996957508
0.003576394110 -0.01025181374
-0.001367453965 -0.009504574676
-0.005571402206 -0.006797764896
-0.008591281852 -0.002812752108
-0.009945416083 0.002000388290
-0.008854235273 0.006879868225
-0.004925055922 0.009972043775
0.00007485063719 0.009941475906
0.004533478126 0.007678592588
0.007912950037 0.003993600104
0.009781879190 -0.0006439751050
0.009442293827 -0.005632429954
0.006203963965 -0.009442051944
0.001264513130 -0.01021782604
-0.003415215404 -0.008457104357
-0.007124617315 -0.005104443105
-0.009457417578 -0.0006819954872
-0.009804590804 0.004305937025
-0.007352462934 0.008663352418
-0.002631239549 0.01030957529
0.002225382574 0.009120785341
0.006236924857 0.006136237048
0.008989544723 0.001962140275
0.009954989331 -0.002943766034
0.008315804002 -0.007667437430
0.003999217849 -0.01019074557
-0.0009721058431 -0.009656011290
-0.005258296108 -0.007081409765
-0.008393151588 -0.003186197175
-0.009912961130 0.001577223755
-0.009061297564 0.006504156794
-0.005332160851 0.009834853324
-0.0003366006689 0.01004551530
0.004194617508 0.007931736256
0.007679542071 0.004346307301
0.009697560346 -0.0002283623310
0.009578449164 -0.005226943382
0.006577269607 -0.009226058443
0.001686874789 -0.01026723015
-0.003053161193 -0.008675985700
-0.006859269160 -0.005433526427
-0.009326775003 -0.001084800761
-0.009873075092 0.003885265256
-0.007673296333 0.008375362517
-0.003057106061 0.01029650472
0.001842861284 0.009301356478
0.005942622797 0.006439197234
0.008817613245 0.002348423479
0.009961612464 -0.002518943961
0.008571371328 -0.007321779538
0.004418804151 -0.01010677251
-0.0005713691217 -0.009793450461
-0.004936981497 -0.007355945879
-0.008183731625 -0.003553497509
-0.009863813033 0.001155783377
-0.009246247244 0.006117498050
-0.005730883023 0.009673087227
-0.0007521174755 0.01013340627
0.003848247036 0.008174670359
0.007435855838 0.004691989913
0.009598275577 0.0001837817471
0.009693087520 -0.004815319242
0.006936110553 -0.008986539447
0.002111198214 -0.01029811137
-0.002684493038 -0.008883422216
-0.006584664582 -0.005754738478
-0.009182830947 -0.001482791436
-0.009921685880 0.003462316590
-0.007974872241 0.008067739117
-0.003482241978 0.01026234007
0.001454438258 0.009469126190
0.005639762096 0.006733607159
0.008633692652 0.002729062263
0.009950300750 -0.002094478254
0.008805290446 -0.006961607943
0.004833750129 -0.009999183870
-0.0001655623125 -0.009916267603
-0.004607638652 -0.007621064388
-0.007963324704 -0.003914398619
-0.009798509290 0.0007366332589
-0.009409123779 0.005721448092
-0.006119337691 0.009486724642
-0.001171115262 0.01020442569
0.003494644130 0.008407013856
0.007182223015 0.005030364337
0.009484559136 0.0005919808044
0.009786637987 -0.004398885690
0.007278767465 -0.008724459114
0.002536719989 -0.01030969908
-0.002309457040 -0.009079021130
-0.006301063069 -0.006067861667
-0.009026041326 -0.001875667314
-0.009951028556 0.003038027694
-0.008256195419 0.007742019683
-0.003905612403 0.01020624926
0.001060322350 0.009623589811
0.005328499750 0.007019235443
0.008438108899 0.003103838791
0.009921624338 -0.001671010101
0.009017251047 -0.006588540879
0.005242469244 -0.009867416043
0.0002449152637 -0.01002379446
-0.004270480220 -0.007876423128
-0.007732242444 -0.004268625697
-0.009717584646 0.0003203193170
-0.009550102523 0.005317513504
-0.006495605426 0.009276054584
-0.001592942799 0.01025783825
0.003134093821 0.008628382886
0.006918968216 0.005361162996
0.009356934402 0.0009958083848
0.009859612891 -0.003978858874
0.007603715180 -0.008441024886
0.002962620721 -0.01030119752
-0.001928272597 -0.009262370027
-0.006008683359 -0.006372690458
-0.008856817973 -0.002263173549
-0.009961711526 0.002613219609
-0.008516506756 0.007399803273
-0.004326031789 0.01012742486
0.0006607566316 0.009764187680
0.005008992306 0.007295818478
0.008231168523 0.003472524031
0.009876134390 -0.001249137467
0.009207109878 -0.006204175933
0.005643211885 -0.009711116351
0.0006595776379 -0.01011533126
-0.003925753104 -0.008121655762
-0.007490808707 -0.004615892144
-0.009621575035 -0.00009263724752
-0.009669482572 0.004907133234
-0.006857810856 0.009041683048
-0.002016895043 0.01029289609
0.002766871301 0.008838392892
0.006646394146 0.005684141397
0.009215901580 0.001394895362
0.009912582544 -0.003556330308
0.007909659504 -0.008137629174
0.003388003478 -0.01027178633
-0.001541142014 -0.009433022529
-0.005707708165 -0.006669017010
-0.008675529060 -0.002645083719
-0.009954330195 0.002188617519
-0.008755263403 0.007042712577
-0.004742138281 0.01002513219
0.0002560435860 0.009890306298
0.004681414082 0.007563055566
0.008013173504 0.003834868452
0.009814369976 -0.0008294312026
0.009374874669 -0.005810078136
0.006034110976 -0.009530198825
0.001077856979 -0.01019015816
-0.003573730704 -0.008356382806
-0.007239354871 -0.004955912330
-0.009511015733 -0.0005017505756
-0.009767671492 0.004491657862
-0.007204198815 0.008784513302
-0.002442219390 0.01030883346
0.002393228737 0.009036653676
0.006364769057 0.005999077753
0.009061925681 0.001788929757
0.009946148752 -0.003132264159
0.008195551052 -0.007815789294
0.003811862299 -0.01022063293
-0.001148270191 -0.009590485587
-0.005398297209 -0.006956615744
-0.008482506857 -0.003021180464
-0.009929459443 0.001764875137
-0.008972115320 0.006672368614
-0.005152385225 0.009898769395
-0.0001534363032 0.01000128610
0.004345970029 0.007820611288
0.007784432923 0.004190601243
0.009736865935 -0.0004124418085
0.009520691612 -0.005407766489
0.006413248129 -0.009324882137
0.001499115641 -0.01024754236
-0.003214697905 -0.008580220601
-0.006978208390 -0.005288414284
-0.009386433526 -0.0009065822821
-0.009845165208 0.004072329772
-0.007533197048 0.008505703569
-0.002868110291 0.01030486047
0.002013391027 0.009222758400
0.006074320644 0.006305764975
0.008895428554 0.002177647951
0.009960920915 -0.002707505683
0.008460579756 -0.007477094387
0.004233047727 -0.01014692078
-0.0007498903009 -0.009734211905
-0.005080605465 -0.007235230880
-0.008278060894 -0.003391238322
-0.009887654163 0.001342598336
-0.009166883730 0.006290374603
-0.005555056108 0.009747931722
-0.0005672162264 0.01009643325
0.004002899798 0.008068123725
0.007545268051 0.004539437403
0.009644157879 1.303261001e-6
0.009644833507 -0.004998696693
0.006778731343 -0.009095702721
0.001922659653 -0.01028673913
-0.002848933458 -0.008792784922
-0.006707678067 -0.005613148143
-0.009248334873 -0.001306750229
-0.009902523464 0.003650268763
-0.007843458127 0.008206610490
-0.003293690479 0.01028016164
0.001627562876 0.009396269438
0.005775238750 0.006603997093
0.008716787634 0.002560818868
0.009957498280 -0.002282799314
0.008704156776 -0.007123164493
0.004650238496 -0.01004989417
-0.0003462897267 -0.009863599465
-0.004754801941 -0.007504569992
-0.008062492981 -0.003755012687
-0.009829455399 0.0009223630528
-0.009339544023 0.005898303853
-0.005948304822 0.009572469973
-0.0009847456585 0.01017503153
0.003652472006 0.008305215404
0.007296009391 0.004881089921
0.009536781710 0.0004113092314
0.009747685405 -0.004584240751
0.007128772744 -0.008843500837
0.002347746970 -0.01030698727
-0.002476695378 -0.008993687597
-0.006428040604 -0.005929887521
-0.009097193480 -0.001701930222
-0.009940343292 0.003226466921
-0.008133878218 0.007888728597
-0.003717981196 0.01023390524
0.001235946519 0.009556704977
0.005467686741 0.006893553705
0.008526342167 0.002938224770
0.009936460493 -0.001858812472
0.008925891271 -0.006755622643
0.005061928564 -0.009928916231
0.00006216947168 -0.009977997999
-0.004421084094 -0.007764304826
-0.007836109913 -0.004112237103
-0.009755398347 0.0005047242257
-0.009490212655 0.005497686928
-0.006330217894 0.009372533133
-0.001405401229 0.01023635071
0.003294970507 0.008531503052
0.007036986491 0.005215282859
0.009415267027 0.0008171262343
0.009829725609 -0.004165666565
0.007461755056 -0.008569382662
0.002773584950 -0.01030750264
-0.002098214412 -0.009182526646
-0.006139532794 -0.006238423092
-0.008933441145 -0.002091849070
-0.009959234200 0.002801794624
-0.008403595381 0.007553635096
-0.004139867641 0.01016526787
0.0008387665286 0.009703530066
0.005151818963 0.007174186534
0.008324405430 0.003309643210
0.009898366497 -0.001436159837
0.009125568096 -0.006376077107
0.005466436513 -0.009783533058
0.0004750397833 -0.01007672018
-0.004079684033 -0.008014078434
-0.007599230225 -0.004462628787
-0.009666018267 0.00009021507071
-0.009619135437 0.005089995266
-0.006698890568 0.009148587375
-0.001828500469 0.01027964895
0.002930676869 0.008746602610
0.006768513575 0.005541761052
0.009280125913 0.001218359212
0.009891501973 -0.003744121953
0.007776278530 -0.008274666046
0.003199314500 -0.01028747509
-0.001713698554 -0.009358872525
-0.005842352175 -0.006538549976
-0.008757464879 -0.002476270084
-0.009959798815 0.002377016752
-0.008651973612 0.007202946013
-0.004558068472 0.01007347570
0.0004362962168 0.009836154493
0.004827799840 0.007445611473
0.008111279707 0.003674834370
0.009843759720 -0.001015422873
0.009303129671 -0.005986108857
0.005861940298 -0.009613534349
0.0008917885439 -0.01015905386
-0.003730864903 -0.008253515849
-0.007352183033 -0.004805900005
-0.009561851362 -0.0003206613413
-0.009726673965 0.004676621271
-0.007052505565 0.008901408055
-0.002253311775 0.01030416925
0.002559854621 0.008950127430
0.006490875402 0.005860293191
0.009131840306 0.001614671403
0.009933605518 -0.003320627225
0.008071184776 -0.007960819999
0.003623982325 -0.01024607499
-0.001323348620 -0.009522254204
-0.005536666640 -0.006830052268
-0.008569611517 -0.002854974234
-0.009942621502 0.001952815651
-0.008878580157 0.006838285538
-0.004971118706 0.009957860030
0.00002887975518 0.009953937849
0.004495819648 0.007707507793
0.007887269848 0.004033536435
0.009773176016 -0.0005971609128
0.009458662152 -0.005587259211
0.006246535156 -0.009419000351
0.001311807364 -0.01022427150
-0.003374908638 -0.008482234440
-0.007095299251 -0.005141771345
-0.009443429477 -0.0007274441667
-0.009813287747 0.004258857555
-0.007389402920 0.008632046591
-0.002679054630 0.01030913305
0.002182740582 0.009141679704
0.006204317885 0.006170667083
0.008970851808 0.002005779323
0.009956644900 -0.002896078690
0.008345559164 -0.007629407619
0.004046506747 -0.01018247407
-0.0009273819018 -0.009672148971
-0.005222630862 -0.007112688800
-0.008370198841 -0.003227741462
-0.009908265523 0.001529815777
-0.009083162616 0.006461266395
-0.005377373748 0.009817920810
-0.0003830546697 0.01005619995
0.004156102766 0.007959524061
0.007652691591 0.004385469418
0.009687150344 -0.0001819124997
0.009592383700 -0.005181014347
0.006618307503 -0.009200326574
0.001734425796 -0.01027163394
-0.003012098823 -0.008699850225
-0.006828897805 -0.005469982498
-0.009311269682 -0.001129725609
-0.009879511431 0.003837879580
-0.007708131727 0.008341779022
-0.003104886727 0.01029373585
0.001799546812 0.009320837264
0.005909046744 0.006472678156
0.008797557232 0.002391439721
0.009961225557 -0.002471262823
0.008598717382 -0.007282039421
0.004465645469 -0.01009588316
-0.0005260587502 -0.009807978680
-0.004900405478 -0.007386183745
-0.008159530288 -0.003594336508
-0.009857277098 0.001108604675
-0.009265629761 0.006073476620
-0.005775038493 0.009653388994
-0.0007989927382 0.01014223318
0.003808906253 0.008201288340
0.007407872219 0.004730345532
0.009586218942 0.0002298116131
0.009704631582 -0.004768786035
0.006975414133 -0.008958221810
0.002158922700 -0.01030038808
-0.002642704062 -0.008905977651
-0.006553271037 -0.005790296997
-0.009165861630 -0.001527156090
-0.009925928757 0.003414736054
-0.008007479136 0.008032045991
-0.003529878517 0.01025715109
0.001410473892 0.009487139354
0.005605235220 0.006766114289
0.008612311567 0.002771431342
0.009947936443 -0.002046878132
0.008830183622 -0.006920339801
0.004879974756 -0.009985604864
-0.0001197061043 -0.009929113306
-0.004570173995 -0.007650224200
-0.007937909185 -0.003954502392
-0.009790193081 0.0006897461337
-0.009426036886 0.005676467528
-0.006162220570 0.009464277325
-0.001218341741 0.01021131288
0.003454509255 0.008432418964
0.007153143321 0.005067882435
0.009470915374 0.0006375401562
0.009795845379 -0.004351890722
0.007316154954 -0.008693680146
0.002584529047 -0.01030976068
-0.002266967340 -0.009100222414
-0.006268673913 -0.006102499195
-0.009007656499 -0.001919441175
-0.009953146484 0.002990349929
-0.008286477131 0.007704394187
-0.003952979812 0.01019854755
0.001015733176 0.009640075308
0.005293039287 0.007050740947
0.008415437839 0.003145535796
0.009917345353 -0.001623559907
0.009039667277 -0.006545925313
0.005287888260 -0.009851096142
0.0002912670680 -0.01003488043
-0.004232152999 -0.007904464764
-0.007705648508 -0.004307962443
-0.009707548247 0.0002737836692
-0.009564573877 0.005271739084
-0.006537001513 0.009250910554
-0.001640443830 0.01026270246
0.003093196538 0.008652532013
0.006888827790 0.005397814913
0.009341761060 0.001040852855
0.009866545239 -0.003931531036
0.007639029331 -0.008407932814
0.003010418039 -0.01029895304
-0.001885105450 -0.009282169007
-0.005975320724 -0.006406384068
-0.008837061060 -0.002306330136
-0.009961772210 0.002565530374
-0.008544391994 0.007360426965
-0.004372986307 0.01011712328
0.0006155732267 0.009779079229
0.004972616638 0.007326290467
0.008207241358 0.003513522060
0.009870001693 -0.001201902424
0.009227042760 -0.006160390481
0.005687620473 -0.009692031725
0.0007063651946 -0.01012457750
-0.003886592919 -0.008148537077
-0.007463073343 -0.004654429498
-0.009609878666 -0.0001387648839
-0.009681552848 0.004860721371
-0.006897515814 0.009013929503
-0.002064588492 0.01029565237
0.002725241237 0.008861242674
0.006615225000 0.005719901189
0.009199252809 0.001439387168
0.009917306319 -0.003508784126
0.007942770266 -0.008102389178
0.003435682200 -0.01026714255
-0.001497319850 -0.009451366374
-0.005673390818 -0.006701742533
-0.008654438946 -0.002687598531
-0.009952399249 0.002140993298
-0.008780703694 0.007001767878
-0.004788515431 0.01001215537
0.0002103045255 0.009903531954
0.004644144532 0.007592458004
0.007988024418 0.003875138096
0.009806443691 -0.0007824740983
0.009392333927 -0.005765295900
0.006077294958 -0.009508358367
0.001125011922 -0.01019748298
-0.003533769287 -0.008382060816
-0.007210515294 -0.004993618873
-0.009497719148 -0.0005474184130
-0.009777392381 0.004444753748
-0.007242026052 0.008754268520
-0.002490017694 0.01030939442
0.002350892469 0.009058159518
0.006332598804 0.006033921652
0.009043851079 0.001832837137
0.009948732379 -0.003084600186
0.008226355814 -0.007778577068
0.003859301148 -0.01021349669
-0.001103817280 -0.009607315634
-0.005363042425 -0.006988346149
-0.008460119146 -0.003063028864
-0.009925600080 0.001717385933
-0.008995082419 0.006630036631
-0.005198000246 0.009883060912
-0.0001996829595 0.01001276945
0.004307831792 0.007848904675
0.007758097357 0.004230111018
0.009727206107 -0.0003658231339
0.009535701794 -0.005362154398
0.006454992312 -0.009300330255
0.001546562650 -0.01025286280
-0.003173967172 -0.008604652199
-0.006948300473 -0.005325260772
-0.009371594834 -0.0009517445157
-0.009852596853 0.004025065412
-0.007568983550 0.008473111082
-0.002915919013 0.01030313579
0.001970372298 0.009242872976
0.006041172342 0.006339670090
0.008875972653 0.002220943684
0.009961432423 -0.002659812106
0.008489001802 -0.007438090883
0.004280107342 -0.01013720322
-0.0007048357569 -0.009749463235
-0.005044431196 -0.007265935214
-0.008254409581 -0.003432393932
-0.009881927663 0.001295310045
-0.009187367460 0.006246833662
-0.005599707231 0.009729461130
-0.0006139127027 0.01010609480
0.003963921781 0.008095266254
0.007517782781 0.004578154940
0.009632824723 0.00004752611153
0.009657432554 -0.004952413334
0.006818828465 -0.009068519118
0.001970317757 -0.01028997068
-0.002807463615 -0.008815926861
-0.006676734679 -0.005649108043
-0.009232009095 -0.001351367629
-0.009907731517 0.003602761881
-0.007877067708 0.008171832300
-0.003341405425 0.01027605844
0.001583884098 0.009414941076
0.005741131775 0.006636939681
0.008695990238 0.002603478207
0.009956003807 -0.002235154432
0.008730142799 -0.007082552165
0.004696759055 -0.01003751673
-0.0003006701808 -0.009877201303
-0.004717728739 -0.007534213107
-0.008037612073 -0.003795446645
-0.009821921995 0.0008753389525
-0.009357550646 0.005853728175
-0.005991779272 0.009551238562
-0.001031825351 0.01018278990
0.003612685628 0.008331164193
0.007267411705 0.004918983467
0.009523835171 0.0004570832957
0.009757922765 -0.004537433998
0.007167031686 -0.008813797338
0.002395529880 -0.01030804314
-0.002434513705 -0.009015495670
-0.006396090386 -0.005964936672
-0.009079431295 -0.001745969788
-0.009943395974 0.003178821074
-0.008165202262 0.007851938569
-0.003765484629 0.01022733006
0.001191631295 0.009573876375
0.005432638514 0.006925507486
0.008504239472 0.002980223269
0.009933023766 -0.001811287499
0.008949408742 -0.006713583031
0.005107729627 -0.009913817644
0.0001083081297 -0.009989874800
-0.004383136270 -0.007792847899
-0.007810034532 -0.004151918307
-0.009746118056 0.0004580253578
-0.009505763543 0.005452244987
-0.006372299931 0.009348577339
-0.001452790226 0.01024212323
0.003254407818 0.008556214995
0.007007312708 0.005252322611
0.009400765700 0.0008624043001
0.009837659795 -0.004118471481
0.007498007198 -0.008537297765
0.002821399959 -0.01030629317
-0.002055345195 -0.009202954277
-0.006106599774 -0.006272538549
-0.008914288211 -0.002135282739
-0.009960199792 0.002754100552
-0.008432551619 0.007515013391
-0.004187024482 0.01015613045
0.0007938426433 0.009719137685
0.005115847100 0.007205121481
0.008301031640 0.003350954976
0.009893049156 -0.001388821414
0.009146602988 -0.006332789266
0.005511319658 -0.009765676550
0.0005216418917 -0.01008679302
-0.004040889741 -0.008041480061
-0.007571996893 -0.004501524937
-0.009655051282 0.00004389962078
-0.009632265700 0.005043847702
-0.006739370415 0.009121979244
-0.001876118982 0.01028335149
0.002889368590 0.008770034534
0.006737797359 0.005577919873
0.009264125627 0.001263100586
0.009897197675 -0.003696659467
0.007810381587 -0.008240358248
0.003247059886 -0.01028390787
-0.001670164312 -0.009377869136
-0.005808456422 -0.006571708339
-0.008736961977 -0.002519072751
-0.009958743952 0.002329354706
-0.008678503775 0.007162675003
-0.004604723543 0.01006169460
0.0003907984422 0.009850128787
0.004790924183 0.007475493348
0.008086668705 0.003715431109
0.009836622151 -0.0009683347838
0.009321684717 -0.005941748042
0.005905694556 -0.009592913776
0.0009387893403 -0.01016724171
-0.003691255149 -0.008279733293
-0.007323829032 -0.004843979085
-0.009549257761 -0.0003665393058
-0.009737430690 0.004629918534
-0.007091187894 0.008872252688
-0.002301074738 0.01030571561
0.002517828733 0.008972235448
0.006459146398 0.005895546472
0.009114392786 0.001658841783
0.009937130626 -0.003273003962
0.008103024060 -0.007924461056
0.003671543703 -0.01024005641
-0.001279172436 -0.009539763822
-0.005501825826 -0.006862227950
-0.008547795515 -0.002897121564
-0.009939610443 0.001905258181
-0.008902647318 0.006796547119
-0.005017096020 0.009943369502
-0.00001714816295 0.009966204214
0.004458063625 0.007736298509
0.007861456452 0.004073387473
0.009764278229 -0.0005503847196
0.009474755482 -0.005541995339
0.006288944682 -0.009395644201
0.001359134419 -0.01023049195
-0.003334515509 -0.008507224604
-0.007065861263 -0.005179003027
-0.009429268270 -0.0007728360630
-0.009821727671 0.004211737702
-0.007426113691 0.008600477117
-0.002726870933 0.01030843423
0.002140021975 0.009162417906
0.006171601127 0.006204991737
0.008952003845 0.002049349702
0.009958067860 -0.002848388062
0.008375046734 -0.007591176705
0.004093753175 -0.01017391275
-0.0008825903780 -0.009688109452
-0.005186862376 -0.007143852672
-0.008347104237 -0.003269207993
-0.009903360312 0.001482430359
-0.009104748810 0.006418240289
-0.005422478495 0.009800678068
-0.0004295592163 0.01006668009
0.004117493732 0.007987182678
0.007625712037 0.004424542600
0.009676552493 -0.0001355071174
0.009606047508 -0.005135009997
0.006659160428 -0.009174299111
0.001782000532 -0.01027580324
-0.002970953487 -0.008723569978
-0.006798410222 -0.005506339035
-0.009295597437 -0.001174589271
-0.009885698136 0.003790466737
-0.007742722614 0.008307950097
-0.003152656936 0.01029069997
0.001756158230 0.009340156094
0.005875363073 0.006506051040
0.008777350635 0.002434384527
0.009960613468 -0.002423587177
0.008625789874 -0.007242118693
0.004512426376 -0.01008469512
-0.0004806849000 -0.009822321749
-0.004863728519 -0.007416302498
-0.008135190906 -0.003635094510
-0.009850538318 0.001061455634
-0.009284734127 0.006029339048
-0.005819061890 0.009633380660
-0.0008459110621 0.01015084645
0.003769474714 0.008227772315
0.007379763719 0.004768608645
0.009573981191 0.0002757910779
0.009715910476 -0.004722194124
0.007014511256 -0.008929621159
0.002206661234 -0.01030242055
-0.002600835184 -0.008928383358
-0.006521764482 -0.005825753273
-0.009148731080 -0.001571455859
-0.009929929668 0.003367139971
-0.008039829335 0.007996126980
-0.003577491398 0.01025168459
0.001366438053 0.009504984130
0.005570602672 0.006798510436
0.008590783953 0.002813726248
0.009945354106 -0.001999291486
0.008854799594 -0.006878911436
0.004926118701 -0.009971720263
-0.00007379156841 -0.009941765372
-0.004532611128 -0.007679260536
-0.007912359564 -0.003994521670
-0.009781680762 0.0006428955268
-0.009442674247 0.005631389747
-0.006204947112 0.009441523996
-0.001265602975 0.01021797715
0.003414287232 0.008457685224
0.007123942832 0.005105304676
0.009457097080 0.0006830438007
0.009804794185 -0.004304852221
0.007353317037 -0.008662633743
0.002632341754 -0.01030956798
-0.002224400460 -0.009121268749
-0.006236174443 -0.006137031910
-0.008989115566 -0.001963147008
-0.009955030120 0.002942666795
-0.008316492922 0.007666563052
-0.004000308411 0.01019055815
0.0009710756358 0.009656385283
0.005257475121 0.007082132099
0.008392624084 0.003187155722
0.009912855253 -0.001576130664
0.009061804734 -0.006503169634
0.005333204292 -0.009834466490
0.0003376709459 -0.01004576389
-0.004193730736 -0.007932378268
-0.007678924574 -0.004347211060
-0.009697322496 0.0002272910799
-0.009578773434 0.005225885494
-0.006578217672 0.009225468613
-0.001687970654 0.01026733430
0.003052215565 0.008676537449
0.006858570355 0.005434367926
0.009326419460 0.001085837049
0.009873226279 -0.003884173243
0.007674102096 -0.008374591133
0.003058207602 -0.01029644389
-0.001841863640 -0.009301807365
-0.005941850019 -0.006439970247
-0.008817152616 -0.002349415886
-0.009961606087 0.002517844766
-0.008572004782 0.007320865504
-0.004419884596 0.01010652484
0.0005703253510 0.009793787442
0.004936139490 0.007356644257
0.008183175296 0.003554439834
0.009863664657 -0.001154695491
0.009246697181 -0.006116484597
0.005731902357 -0.009672636639
0.0007531975472 -0.01013361214
-0.003847341182 -0.008175285458
-0.007435212172 -0.004692875122
-0.009597999694 -0.0001848433852
-0.009693356624 0.004814247238
-0.006937018883 0.008985889871
-0.002112298187 0.01029816660
0.002683530625 0.008883943843
0.006583942176 0.005755559318
0.009182441593 0.001483814852
0.009921786418 -0.003461219953
0.007975626773 -0.008066918884
0.003483340345 -0.01026222357
-0.001453425603 -0.009469543317
-0.005638967378 -0.006734357757
-0.008633201431 -0.002730039783
-0.009950248709 0.002093380836
-0.008805867400 0.006960658455
-0.004834816585 0.009998874284
0.0001645059018 0.009916565893
0.004606776129 0.007621737963
0.007962740341 0.003915324035
0.009798319800 -0.0007355520165
0.009409516765 -0.005720412315
0.006120327963 -0.009486210640
0.001172203523 -0.01020458695
-0.003493719930 -0.008407601051
-0.007181554036 -0.005031230277
-0.009484246592 -0.0005930316566
-0.009786853152 0.004397802870
-0.007279631841 0.008723752626
-0.002537822028 0.01030970335
0.002308478443 0.009079511599
0.006300317682 0.006068661306
0.009025619283 0.001876677147
0.009951080023 -0.003036928700
0.008256896458 -0.007741154677
0.003906704734 -0.01020607495
-0.001059295258 -0.009623971803
-0.005327683489 -0.007019962989
-0.008437587899 -0.003104800851
-0.009921528083 0.001669916055
