x y
0.0 0.0
0.005 -0.005000000000
0.01 -0.009999747500
0.015 -0.01499872735
0.02 -0.01999640889
0.025 -0.02499224553
0.03 -0.02998567437
0.035 -0.03497611579
0.04 -0.03996297306
0.045 -0.04494563198
0.05 -0.04992346042
0.055 -0.05489580802
0.06 -0.05986200577
0.065 -0.06482136567
0.07 -0.06977318038
0.075 -0.07471672289
0.08 -0.07965124617
0.085 -0.08457598295
0.09 -0.08949014534
0.095 -0.09439292468
0.1 -0.09928349124
0.105 -0.1041609941
0.11 -0.1090245608
0.115 -0.1138732976
0.12 -0.1187062891
0.125 -0.1235225980
0.13 -0.1283212657
0.135 -0.1331013118
0.14 -0.1378617347
0.145 -0.1426015113
0.15 -0.1473195975
0.155 -0.1520149284
0.16 -0.1566864188
0.165 -0.1613329636
0.17 -0.1659534382
0.17500000000000002 -0.1705466991
0.18 -0.1751115849
0.185 -0.1796469166
0.19 -0.1841514988
0.195 -0.1886241205
0.2 -0.1930635561
0.20500000000000002 -0.1974685669
0.21 -0.2018379015
0.215 -0.2061702980
0.22 -0.2104644850
0.225 -0.2147191831
0.23 -0.2189331065
0.23500000000000001 -0.2231049646
0.24 -0.2272334641
0.245 -0.2313173104
0.25 -0.2353552098
0.255 -0.2393458712
0.26 -0.2432880086
0.265 -0.2471803425
0.27 -0.2510216028
0.275 -0.2548105303
0.28 -0.2585458792
0.28500000000000003 -0.2622264193
0.29 -0.2658509382
0.295 -0.2694182435
0.3 -0.2729271647
0.305 -0.2763765557
0.31 -0.2797652969
0.315 -0.2830922970
0.32 -0.2863564949
0.325 -0.2895568620
0.33 -0.2926924039
0.335 -0.2957621616
0.34 -0.2987652139
0.34500000000000003 -0.3017006781
0.35000000000000003 -0.3045677120
0.355 -0.3073655148
0.36 -0.3100933281
0.365 -0.3127504370
0.37 -0.3153361709
0.375 -0.3178499041
0.38 -0.3202910562
0.385 -0.3226590925
0.39 -0.3249535243
0.395 -0.3271739087
0.4 -0.3293198489
0.405 -0.3313909933
0.41000000000000003 -0.3333870358
0.41500000000000004 -0.3353077149
0.42 -0.3371528132
0.425 -0.3389221565
0.43 -0.3406156132
0.435 -0.3422330931
0.44 -0.3437745465
0.445 -0.3452399631
0.45 -0.3466293704
0.455 -0.3479428332
0.46 -0.3491804516
0.465 -0.3503423598
0.47000000000000003 -0.3514287250
0.47500000000000003 -0.3524397455
0.48 -0.3533756496
0.485 -0.3542366940
0.49 -0.3550231622
0.495 -0.3557353633
0.5 -0.3563736304
0.505 -0.3569383190
0.51 -0.3574298056
0.515 -0.3578484866
0.52 -0.3581947766
0.525 -0.3584691068
0.53 -0.3586719245
0.535 -0.3588036907
0.54 -0.3588648799
0.545 -0.3588559780
0.55 -0.3587774819
0.555 -0.3586298978
0.56 -0.3584137403
0.5650000000000001 -0.3581295314
0.5700000000000001 -0.3577777996
0.5750000000000001 -0.3573590787
0.58 -0.3568739072
0.585 -0.3563228271
0.59 -0.3557063835
0.595 -0.3550251234
0.6 -0.3542795953
0.605 -0.3534703484
0.61 -0.3525979319
0.615 -0.3516628947
0.62 -0.3506657844
0.625 -0.3496071471
0.63 -0.3484875266
0.635 -0.3473074645
0.64 -0.3460674993
0.645 -0.3447681661
0.65 -0.3434099963
0.655 -0.3419935174
0.66 -0.3405192526
0.665 -0.3389877205
0.67 -0.3373994347
0.675 -0.3357549042
0.68 -0.3340546324
0.685 -0.3322991174
0.6900000000000001 -0.3304888520
0.6950000000000001 -0.3286243230
0.7000000000000001 -0.3267060117
0.705 -0.3247343934
0.71 -0.3227099375
0.715 -0.3206331074
0.72 -0.3185043605
0.725 -0.3163241481
0.73 -0.3140929155
0.735 -0.3118111019
0.74 -0.3094791404
0.745 -0.3070974582
0.75 -0.3046664762
0.755 -0.3021866098
0.76 -0.2996582682
0.765 -0.2970818548
0.77 -0.2944577676
0.775 -0.2917863985
0.78 -0.2890681342
0.785 -0.2863033559
0.79 -0.2834924393
0.795 -0.2806357551
0.8 -0.2777336690
0.805 -0.2747865418
0.81 -0.2717947293
0.8150000000000001 -0.2687585831
0.8200000000000001 -0.2656784501
0.8250000000000001 -0.2625546732
0.8300000000000001 -0.2593875912
0.835 -0.2561775391
0.84 -0.2529248483
0.845 -0.2496298468
0.85 -0.2462928596
0.855 -0.2429142088
0.86 -0.2394942138
0.865 -0.2360331918
0.87 -0.2325314580
0.875 -0.2289893258
0.88 -0.2254071072
0.885 -0.2217851133
0.89 -0.2181236546
0.895 -0.2144230412
0.9 -0.2106835833
0.905 -0.2069055917
0.91 -0.2030893786
0.915 -0.1992352571
0.92 -0.1953435430
0.925 -0.1914145542
0.93 -0.1874486121
0.935 -0.1834460418
0.9400000000000001 -0.1794071728
0.9450000000000001 -0.1753323401
0.9500000000000001 -0.1712218844
0.9550000000000001 -0.1670761531
0.96 -0.1628955015
0.965 -0.1586802931
0.97 -0.1544309011
0.975 -0.1501477093
0.98 -0.1458311133
0.985 -0.1414815213
0.99 -0.1370993559
0.995 -0.1326850555
1.0 -0.1282390752
1.0050000000000001 -0.1237618891
1.01 -0.1192539915
1.0150000000000001 -0.1147158992
1.02 -0.1101481530
1.025 -0.1055513202
1.03 -0.1009259967
1.035 -0.09627280957
1.04 -0.09159241965
1.045 -0.08688552433
1.05 -0.08215286068
1.055 -0.07739520869
1.06 -0.07261339481
1.065 -0.06780829567
1.07 -0.06298084221
1.075 -0.05813202391
1.08 -0.05326289352
1.085 -0.04837457195
1.09 -0.04346825361
1.095 -0.03854521201
1.1 -0.03360680579
1.105 -0.02865448509
1.11 -0.02368979827
1.115 -0.01871439907
1.12 -0.01373005407
1.125 -0.008738650567
1.1300000000000001 -0.003742204787
1.135 0.001257129646
1.1400000000000001 0.006257052914
1.145 0.01125511003
1.1500000000000001 0.01624868174
1.155 0.02123497539
1.16 0.02621101586
1.165 0.03117363681
1.17 0.03611947228
1.175 0.04104494893
1.18 0.04594627920
1.185 0.05081945561
1.19 0.05566024652
1.195 0.06046419372
1.2 0.06522661226
1.205 0.06994259282
1.21 0.07460700715
1.215 0.07921451686
1.22 0.08375958610
1.225 0.08823649833
1.23 0.09263937752
1.235 0.09696221398
1.24 0.1011988949
1.245 0.1053432393
1.25 0.1093890376
1.2550000000000001 0.1133300951
1.26 0.1171602779
1.2650000000000001 0.1208735626
1.27 0.1244640862
1.2750000000000001 0.1279261970
1.28 0.1312545038
1.285 0.1344439233
1.29 0.1374897238
1.295 0.1403875642
1.3 0.1431335262
1.305 0.1457241416
1.31 0.1481564105
1.315 0.1504278129
1.32 0.1525363129
1.325 0.1544803547
1.33 0.1562588525
1.335 0.1578711737
1.34 0.1593171174
1.345 0.1605968878
1.35 0.1617110648
1.355 0.1626605719
1.36 0.1634466427
1.365 0.1640707870
1.37 0.1645347564
1.375 0.1648405112
1.3800000000000001 0.1649901890
1.385 0.1649860739
1.3900000000000001 0.1648305683
1.395 0.1645261675
1.4000000000000001 0.1640754351
1.405 0.1634809823
1.41 0.1627454486
1.415 0.1618714846
1.42 0.1608617378
1.425 0.1597188397
1.43 0.1584453946
1.435 0.1570439712
1.44 0.1555170944
1.445 0.1538672393
1.45 0.1520968267
1.455 0.1502082190
1.46 0.1482037175
1.465 0.1460855609
1.47 0.1438559242
1.475 0.1415169182
1.48 0.1390705903
1.485 0.1365189252
1.49 0.1338638466
1.495 0.1311072190
1.5 0.1282508504
1.5050000000000001 0.1252964949
1.51 0.1222458564
1.5150000000000001 0.1191005922
1.52 0.1158623173
1.5250000000000001 0.1125326092
1.53 0.1091130133
1.5350000000000001 0.1056050483
1.54 0.1020102135
1.545 0.09832999579
1.55 0.09456587761
1.555 0.09071934670
1.56 0.08679190623
1.565 0.08278508675
1.57 0.07870045963
1.575 0.07453965246
1.58 0.07030436671
1.585 0.06599639799
1.59 0.06161765950
1.595 0.05717020910
1.6 0.05265628077
1.605 0.04807832101
1.61 0.04343903134
1.615 0.03874141759
1.62 0.03398884742
1.625 0.02918511702
1.6300000000000001 0.02433452861
1.635 0.01944198009
1.6400000000000001 0.01451306819
1.645 0.009554206501
1.6500000000000001 0.004572759200
1.655 -0.0004228092744
1.6600000000000001 -0.005422769687
1.665 -0.01041595139
1.67 -0.01538955927
1.675 -0.02032899352
1.68 -0.02521768670
1.685 -0.03003697826
1.69 -0.03476605342
1.695 -0.03938197912
1.7 -0.04385987326
1.705 -0.04817324124
1.71 -0.05229450425
1.715 -0.05619572274
1.72 -0.05984948865
1.725 -0.06322992357
1.73 -0.06631368765
1.735 -0.06908088529
1.74 -0.07151575870
1.745 -0.07360708981
1.75 -0.07534827920
1.7550000000000001 -0.07673712227
1.76 -0.07777534508
1.7650000000000001 -0.07846798457
1.77 -0.07882270057
1.7750000000000001 -0.07884909310
1.78 -0.07855807760
1.7850000000000001 -0.07796134847
1.79 -0.07707094254
1.795 -0.07589890112
1.8 -0.07445702099
1.805 -0.07275668125
1.81 -0.07080873231
1.815 -0.06862343389
1.82 -0.06621043137
1.825 -0.06357876181
1.83 -0.06073688318
1.835 -0.05769272289
1.84 -0.05445374328
1.845 -0.05102702422
1.85 -0.04741936452
1.855 -0.04363740666
1.86 -0.03968779158
1.865 -0.03557735406
1.87 -0.03131337373
1.875 -0.02690390281
1.8800000000000001 -0.02235820004
1.885 -0.01768731104
1.8900000000000001 -0.01290484908
1.895 -0.008028045365
1.9000000000000001 -0.003079151097
1.905 0.001912727089
1.9100000000000001 0.006909314729
1.915 0.01186045992
1.92 0.01670138828
1.925 0.02135079644
1.93 0.02571134753
1.935 0.02967458021
1.94 0.03313151374
1.945 0.03598753609
1.95 0.03817657103
1.955 0.03966843611
1.96 0.04046680152
1.965 0.04060035355
1.97 0.04011209646
1.975 0.03905045123
1.98 0.03746340746
1.985 0.03539540332
1.99 0.03288610500
1.995 0.02997034527
2.0 0.02667874294
2.005 0.02303877932
2.0100000000000002 0.01907632247
2.015 0.01481780070
2.02 0.01029349491
2.025 0.005542829697
2.0300000000000002 0.0006231676762
2.035 -0.004375676668
2.04 -0.009309306876
2.045 -0.01395265551
2.05 -0.01799248299
2.055 -0.02108552975
2.06 -0.02299093696
2.065 -0.02366239499
2.07 -0.02320479150
2.075 -0.02177496715
2.08 -0.01952026906
2.085 -0.01656052655
2.09 -0.01299068849
2.095 -0.008891306058
2.1 -0.004345314281
2.105 0.0005316559202
2.11 0.005529449062
2.115 0.01022967203
2.12 0.01391933778
2.125 0.01588918166
2.13 0.01601054180
2.1350000000000002 0.01460952254
2.14 0.01203555311
2.145 0.008539340610
2.15 0.004304993271
2.1550000000000002 -0.0004782435628
2.16 -0.005474967624
2.165 -0.009910770758
2.17 -0.01250036002
2.1750000000000003 -0.01267165498
2.18 -0.01094779041
2.185 -0.007884667794
2.19 -0.003832700336
2.195 0.0009231059701
2.2 0.005905513187
2.205 0.009939599482
2.21 0.01142554246
2.215 0.01038812291
2.22 0.007650860308
2.225 0.003738933741
2.23 -0.0009844944109
2.235 -0.005960664028
2.24 -0.009783787258
2.245 -0.01075530615
2.25 -0.009227088936
2.255 -0.006086302271
2.2600000000000002 -0.001842522440
2.265 0.003079216980
2.27 0.007793392634
2.275 0.01037075679
2.2800000000000002 0.009945580127
2.285 0.007474380091
2.29 0.003669780974
2.295 -0.001030024471
2.3000000000000003 -0.006000670847
2.305 -0.009658126853
2.31 -0.01027439787
2.315 -0.008432782440
2.32 -0.005038084497
2.325 -0.0005939795668
2.33 0.004396937600
2.335 0.008731457512
2.34 0.01034992127
2.345 0.009152508675
2.35 0.006168148502
2.355 0.001997472652
2.36 -0.002905681585
2.365 -0.007638526593
2.37 -0.01019708862
2.375 -0.009696738461
2.38 -0.007146386579
2.3850000000000002 -0.003269291647
2.39 0.001482922610
2.395 0.006418837858
2.4 0.009804621461
2.4050000000000002 0.01007697498
2.41 0.008002928282
2.415 0.004444755825
2.42 -0.0001119494637
2.4250000000000003 -0.005111610938
2.43 -0.009161929238
2.435 -0.01028158630
2.44 -0.008741917587
2.445 -0.005533229871
2.45 -0.001207483021
2.455 0.003755662260
2.46 0.008283184819
2.465 0.01028959034
2.47 0.009356710616
2.475 0.006533920170
2.48 0.002470085755
2.485 -0.002383925416
2.49 -0.007208802174
2.495 -0.01007556597
2.5 -0.009835064110
2.505 -0.007442667991
2.5100000000000002 -0.003670705820
2.515 0.001020234584
2.52 0.005990636430
2.525 0.009615738421
2.5300000000000002 0.01015855825
2.535 0.008251389459
2.54 0.004802732149
2.545 0.0003168274446
2.5500000000000003 -0.004680519327
2.555 -0.008903858887
2.56 -0.01030415482
2.565 -0.008948495067
2.57 -0.005857642085
2.575 -0.001611338786
2.58 0.003324217988
2.585 0.007963558665
2.59 0.01024655980
2.595 0.009521012828
2.6 0.006827742717
2.605 0.002851943060
2.61 -0.001956234594
2.615 -0.006841280450
2.62 -0.009958902731
2.625 -0.009953081235
2.63 -0.007705482539
2.6350000000000002 -0.004030731038
2.64 0.0006004526369
2.645 0.005590439666
2.65 0.009420635311
2.6550000000000002 0.01022383744
2.66 0.008480490858
2.665 0.005139174446
2.67 0.0007242795343
2.6750000000000003 -0.004262138985
2.68 -0.008634237115
2.685 -0.01030917637
2.69 -0.009140236693
2.695 -0.006168282188
2.7 -0.002002753898
2.705 0.002899387369
2.71 0.007632052811
2.715 0.01018305868
2.72 0.009671038012
2.725 0.007110526629
2.73 0.003224866935
2.735 -0.001533098222
2.74 -0.006464241116
2.745 -0.009819103848
2.75 -0.01005546769
2.755 -0.007957605533
2.7600000000000002 -0.004382762373
2.765 0.0001851253184
2.77 0.005184194999
2.775 0.009202116811
2.7800000000000002 0.01027133715
2.785 0.008698204181
2.79 0.005467463913
2.795 0.001126619940
2.8000000000000003 -0.003841158332
2.805 -0.008344110079
2.81 -0.01029393611
2.815 -0.009319495171
2.82 -0.006470365987
2.825 -0.002388466861
2.83 0.002474560457
2.835 0.007284793835
2.84 0.01009664595
2.845 0.009806979908
2.85 0.007384096363
2.855 0.003591514727
2.86 -0.001111866563
2.865 -0.006076524864
2.87 -0.009654761302
2.875 -0.01014162963
2.88 -0.008199451833
2.8850000000000002 -0.004727695945
2.89 -0.0002266299374
2.895 0.004772006045
2.9 0.008960189306
2.9050000000000002 0.01030023849
2.91 0.008904422619
2.915 0.005787841193
2.92 0.001524090083
2.9250000000000003 -0.003418027058
2.93 -0.008034521689
2.935 -0.01025751886
2.94 -0.009485899051
2.945 -0.006763869800
2.95 -0.002768503656
2.955 0.002050169535
2.96 0.006923198917
2.965 0.009986553762
2.97 0.009928231176
2.975 0.007648211602
2.98 0.003951731703
2.985 -0.0006929874785
2.99 -0.005679581343
2.995 -0.009465839542
3.0 -0.01021084376
3.005 -0.008430666521
3.0100000000000002 -0.005065290929
3.015 -0.0006343912573
3.02 0.004355142109
3.025 0.008695817314
3.0300000000000002 0.01030976459
3.035 0.009098761207
3.04 0.006100107186
3.045 0.001916416153
3.0500000000000003 -0.002993647299
3.055 -0.007707002847
3.06 -0.01019908941
3.065 -0.009638940884
3.0700000000000003 -0.007048565842
3.075 -0.003142654692
3.08 0.001626840688
3.085 0.006548876953
3.09 0.009852234721
3.095 0.01003412028
3.1 0.007902529646
3.105 0.004305244919
3.11 -0.0002770004915
3.115 -0.005274907212
3.12 -0.009252659005
3.125 -0.01026237354
3.13 -0.008650866585
3.1350000000000002 -0.005395283407
3.14 -0.001037739713
3.145 0.003934805002
3.15 0.008410229374
3.1550000000000002 0.01029911677
3.16 0.009280804959
3.165 0.006404057421
3.17 0.002303347894
3.1750000000000003 -0.002568828245
3.18 -0.007363156043
3.185 -0.01011784524
3.19 -0.009778055285
3.1950000000000003 -0.007324186957
3.2 -0.003510689396
3.205 0.001205168096
3.21 0.006163422391
3.215 0.009693361528
3.22 0.01012394487
3.225 0.008146682357
3.23 0.004651767373
3.235 0.0001355764740
3.24 -0.004863933036
3.245 -0.009015858041
3.25 -0.01029546953
3.255 -0.008859667261
3.2600000000000002 -0.005717431468
3.265 -0.001436312371
3.27 0.003512072804
3.275 0.008104833659
3.2800000000000002 0.01026747254
3.285 0.009450103158
3.29 0.006699482926
3.295 0.002684660759
3.3000000000000003 -0.002144286410
3.305 -0.007004604761
3.31 -0.01001306258
3.315 -0.009902623486
3.3200000000000003 -0.007590428598
3.325 -0.003872355915
3.33 0.0007857203256
3.335 0.005768396127
3.34 0.009509878653
3.345 0.01019698353
3.35 0.008380289466
3.355 0.004991014313
3.36 0.0005442619778
3.365 -0.004447998953
3.37 -0.008756368863
3.375 -0.01030936373
3.38 -0.009056677211
3.3850000000000002 -0.006031515354
3.39 -0.001829802862
3.395 0.003087896670
3.4 0.007781157292
3.4050000000000002 0.01021399937
3.41 0.009606157330
3.415 0.006986155466
3.42 0.003060137270
3.4250000000000003 -0.001720669463
3.43 -0.006632968802
3.435 -0.009884157186
3.44 -0.01001198176
3.4450000000000003 -0.007846952114
3.45 -0.004227381503
3.455 0.0003690457432
3.46 0.005365311425
3.465 0.009302037824
3.47 0.01025250226
3.475 0.008602967202
3.48 0.005322715790
3.485 0.0009486231993
3.49 -0.004028335080
3.495 -0.008475373224
3.5 -0.01030326349
3.505 -0.009241487061
3.5100000000000002 -0.006337328797
3.515 -0.002217951800
3.52 0.002663110339
3.525 0.007440794325
3.5300000000000002 0.01013788473
3.535 0.009748414353
3.54 0.007263815609
3.545 0.003429550348
3.5500000000000003 -0.001298579449
3.555 -0.006249848801
3.56 -0.009730748473
3.565 -0.01010543338
3.5700000000000003 -0.008093393436
3.575 -0.004575480330
3.58 -0.00004433107642
3.585 0.004955616228
3.59 0.009070408334
3.595 0.01028975490
3.6 0.008814331209
3.605 0.005646624466
3.61 0.001348284122
3.615 -0.003606047921
3.62 -0.008174244984
3.625 -0.01027635097
3.63 -0.009413655146
3.6350000000000002 -0.006634665043
3.64 -0.002600530421
3.645 0.002238449027
3.65 0.007085366207
3.6550000000000002 0.01003838244
3.66 0.009876266759
3.665 0.007532167026
3.67 0.003792653077
3.6750000000000003 -0.0008785898600
3.68 -0.005856814251
3.685 -0.009552716761
3.69 -0.01018226040
3.6950000000000003 -0.008329374084
3.7 -0.004916365953
3.705 -0.0004539194786
3.71 0.004540672576
3.715 0.008815860361
3.72 0.01030797815
3.725 0.009013992425
3.73 0.005962516163
3.735 0.001742926351
3.74 -0.003182116374
3.745 -0.007854489739
3.75 -0.01022779388
3.755 -0.009572694413
3.7600000000000002 -0.006923301332
3.765 -0.002977321275
3.77 0.001814573554
3.775 0.006716495124
3.7800000000000002 0.009914871713
3.785 0.009989059832
3.79 0.007790878039
3.795 0.004149176911
3.8000000000000003 -0.0004612535575
3.805 -0.005455390374
3.81 -0.009350243745
3.815 -0.01024173136
3.8200000000000003 -0.008554510576
3.825 -0.005249764244
3.83 -0.0008592749427
3.835 0.004121736452
3.84 0.008539524933
3.845 0.01030638516
3.85 0.009201546672
3.855 0.006270182692
3.86 0.002132281296
3.865 -0.002757398881
3.87 -0.007517690575
3.875 -0.01015677177
3.88 -0.009718064108
3.8850000000000002 -0.007202985900
3.89 -0.003348100570
3.895 0.001392094335
3.9 0.006335787041
3.9050000000000002 0.009766921424
3.91 0.01008610310
3.915 0.008039589290
3.92 0.004498837949
3.9250000000000003 -0.00004710110255
3.93 -0.005047041325
3.935 -0.009123828750
3.94 -0.01028310308
3.9450000000000003 -0.008768418792
3.95 -0.005575422520
3.955 -0.001260008478
3.96 0.003699942521
3.9650000000000003 0.008242738541
3.97 0.01028416326
3.975 0.009376560685
3.98 0.006569418758
3.985 0.002516115034
3.99 -0.002332650547
3.995 -0.007165465587
4.0 -0.01006251902
4.005 -0.009849168425
4.01 -0.007473430724
4.015 -0.003712626258
4.0200000000000005 0.0009715901667
4.025 0.005944819396
4.03 0.009594349760
4.035 0.01016668244
4.04 0.008277924571
4.045 0.004841348715
4.05 0.0003633682644
4.055 -0.004633150029
4.0600000000000005 -0.008874277914
4.065 -0.01030561663
4.07 -0.008970711424
4.075 -0.005893111827
4.08 -0.001655789276
4.085 0.003276297774
4.09 0.007926982559
4.095 0.01024048166
4.1 0.009538558420
4.105 0.006860006426
4.11 0.002894209256
4.115 -0.001908546537
4.12 -0.006799438527
4.125 -0.009944381488
4.13 -0.009965362242
4.135 -0.007734311490
4.14 -0.004070634307
4.1450000000000005 0.0005536183139
4.15 0.005545128542
4.155 0.009397269194
4.16 0.01023006904
4.165 0.008505500911
4.17 0.005176431365
4.175 0.0007696988008
4.18 -0.004214997568
4.1850000000000005 -0.008602668767
4.19 -0.01030849084
4.195 -0.009160988783
4.2 -0.006202621394
4.205 -0.002046338785
4.21 0.002851686218
4.215 0.007593827010
4.22 0.01017451416
4.225 0.009687011417
4.23 0.007141701232
4.235 0.003266342862
4.24 -0.001485706581
4.245 -0.006421220105
4.25 -0.009801880488
4.255 -0.01006596193
4.26 -0.007985274100
4.265 -0.004421843343
4.2700000000000005 0.0001387148624
4.275 0.005138193838
4.28 0.009176108543
4.285 0.01027552248
4.29 0.008721934296
4.295 0.005503827989
4.3 0.001171488679
4.305 -0.003793746444
4.3100000000000005 -0.008310297410
4.315 -0.01029091854
4.32 -0.009338825317
4.325 -0.006503746603
4.33 -0.002431416961
4.335 0.002426884016
4.34 0.007244885198
4.345 0.01008547847
4.3500000000000005 0.009821335825
4.355 0.007414223463
4.36 0.003632278484
4.365 -0.001064715280
4.37 -0.006032395099
4.375 -0.009634774323
4.38 -0.01015025769
4.385 -0.008225945126
4.39 -0.004765965524
4.3950000000000005 -0.0002726129788
4.4 0.004725418065
4.405 0.008931608128
4.41 0.01030228787
4.415 0.008926838710
4.42 0.005823304572
4.425 0.001568394381
4.43 -0.003370431979
4.4350000000000005 -0.007998618202
4.44 -0.01025207159
4.445 -0.009503755501
4.45 -0.006796273643
4.455 -0.002810803715
4.46 0.002002581914
4.465 0.006881781546
4.47 0.009972690309
4.4750000000000005 0.009940896665
4.48 0.007677256497
4.485 0.003991756843
4.49 -0.0006461343148
4.495 -0.005634510211
4.5 -0.009443107350
4.505 -0.01021752347
4.51 -0.008455942403
4.515 -0.005102719814
4.5200000000000005 -0.0006798987764
4.525 0.004308106561
4.53 0.008664789342
4.535 0.01030958951
4.54 0.009119818279
4.545 0.006134647162
4.55 0.001960126705
4.555 -0.002945964498
4.5600000000000005 -0.007669185856
4.565 -0.01019111995
4.57 -0.009655263025
4.575 -0.007079964917
4.58 -0.003184279962
4.585 0.001579409966
4.59 0.006506130888
4.595 0.009835626497
4.6000000000000005 0.01004501778
4.605 0.007930452030
4.61 0.004344499646
4.615 -0.0002305048982
4.62 -0.005229059030
4.625 -0.009227237628
4.63 -0.01026702148
4.635 -0.008674881977
4.64 -0.005431843274
4.6450000000000005 -0.001082728093
4.65 0.003887449231
4.655 0.008376904885
4.66 0.01029662596
4.665 0.009300454448
4.67 0.006437651041
4.675 0.002346438555
4.68 -0.002521142352
4.6850000000000005 -0.007323607310
4.69 -0.01010726736
4.695 -0.009792776208
4.7 -0.007354548939
4.705 -0.003551612735
4.71 0.001157959190
4.715 0.006119524762
4.72 0.009673987906
4.7250000000000005 0.01013299418
4.73 0.008173439950
4.735 0.004690219355
4.74 0.0001816583971
4.745 -0.004817463147
4.75 -0.008987838143
4.755 -0.01029800054
4.76 -0.008882378727
4.765 -0.005753096640
4.7700000000000005 -0.001480744505
4.775 0.003464509831
4.78 0.008069379217
4.785 0.01026257262
4.79 0.009468291669
4.795 0.006732105791
4.8 0.002727107110
4.805 -0.002096673104
4.8100000000000005 -0.006963506653
4.815 -0.009999802553
4.82 -0.009915670715
4.825 -0.007619717046
4.83 -0.003912547659
4.835 0.0007387957940
4.84 0.005723519481
4.845 0.009487752155
4.8500000000000005 0.01020410280
4.855 0.008405839249
4.86 0.005028632311
4.865 0.0005898790182
4.87 -0.004401051253
4.875 -0.008725871657
4.88 -0.01030969012
4.885 -0.009078039947
4.89 -0.006066262228
4.8950000000000005 -0.001873647544
4.9 0.003040225665
4.905 0.007743749359
4.91 0.01020659742
4.915 0.009622825551
4.92 0.007017780173
4.925 0.003101914554
4.93 -0.001673198219
4.9350000000000005 -0.006590502196
4.94 -0.009868160985
4.945 -0.01002327849
4.95 -0.007875127226
4.955 -0.004266810012
4.96 0.0003224658055
4.965 0.005319621929
4.97 0.009277206613
4.9750000000000005 0.01025760841
4.98 0.008627266067
4.985 0.005359470830
4.99 0.0009937302260
4.995 -0.003981040113
5.0 -0.008442544497
5.005 -0.01030129463
5.01 -0.009261453360
5.015 -0.006371134475
5.0200000000000005 -0.002261182171
5.025 0.002615418327
5.03 0.007401614161
5.035 0.01012789266
5.04 0.009763496720
5.045 0.007294410766
5.05 0.003470631944
5.055 -0.001251315838
5.0600000000000005 -0.006206191661
5.065 -0.009711988733
5.07 -0.01011489989
5.075 -0.008120413239
5.08 -0.004614113226
5.085 -0.00009050942208
5.09 0.004909271458
5.095 0.009042955663
5.1000000000000005 0.01029276320
5.105 0.008837335859
5.11 0.005682490294
5.115 0.001392842588
5.12 -0.003558521905
5.125 -0.008139248275
5.13 -0.01027199381
5.135 -0.009432172799
5.14 -0.006667505591
5.1450000000000005 -0.002643121863
5.15 0.002190813438
5.155 0.007044596266
5.16 0.01002572314
5.165 0.009889691940
5.17 0.007561697061
5.175 0.003833009864
5.18 -0.0008315969279
5.1850000000000005 -0.005812140281
5.19 -0.009531198331
5.195 -0.01018981515
5.2 -0.008355195643
5.205 -0.004954171633
5.21 -0.0004996438150
5.215 0.004493819157
5.22 0.008785901129
5.2250000000000005 0.01030880154
5.23 0.009035658481
5.235 0.005997468813
5.24 0.001786903848
5.245 -0.003134461442
5.25 -0.007817499807
5.255 -0.01022095507
5.26 -0.009589705481
5.265 -0.006955150125
5.2700000000000005 -0.003019249263
5.275 0.001767065014
5.28 0.006674316750
5.285 0.009899486166
5.29 0.01000075186
5.295 0.007819303805
5.3 0.004188777600
5.305 -0.0004145920902
5.3100000000000005 -0.005409867335
5.315 -0.009326006815
5.32 -0.01024729154
5.325 -0.008579090786
5.33 -0.005286713164
5.335 -0.0009044987171
5.34 0.004074508014
5.345 0.008507200049
5.3500000000000005 0.01030493367
5.355 0.009221827215
5.36 0.006304199255
5.365 0.002175650173
5.37 -0.002709704555
5.375 -0.007478887977
5.38 -0.01014736169
5.385 -0.009733504401
5.39 -0.007233812478
5.3950000000000005 -0.003389338988
5.4 0.001344779124
5.405 0.006292378952
5.41 0.009748775792
5.415 0.01009598278
5.42 0.008066869186
5.425 0.004537650199
5.43 -8.289209177e-7
5.4350000000000005 -0.005000828902
5.44 -0.009096948990
5.445 -0.01028658438
5.45 -0.008791714448
5.455 -0.005611487830
5.46 -0.001304691687
5.465 0.003652458484
5.47 0.008208208194
5.4750000000000005 0.01028034425
5.48 0.009395404631
5.485 0.006602475684
5.49 0.002558850366
5.495 -0.002284996140
5.5 -0.007125032748
5.505 -0.01005045752
5.51 -0.009862967810
5.515 -0.007503200417
5.5200000000000005 -0.003753146543
5.525 0.0009245318279
5.53 0.005900356372
5.535 0.009573441375
5.54 0.01017466858
5.545 0.008304015784
5.55 0.004879340622
5.555 0.0004091976040
5.5600000000000005 -0.004586397475
5.565 -0.008844863622
5.57 -0.01030693259
5.575 -0.008992678496
5.58 -0.005928269134
5.585 -0.001699898238
5.59 0.003228663312
5.595 0.007890419535
5.6000000000000005 0.01023420157
5.605 0.009555909173
5.61 0.006892077808
5.615 0.002936286667
5.62 -0.001861003957
5.625 -0.006757557190
5.63 -0.009929604904
5.635 -0.009977445665
5.64 -0.007762985857
5.6450000000000005 -0.004110405577
5.65 0.0005068781687
5.655 0.005499779832
5.66 0.009373630283
5.665 0.01023607910
5.67 0.008530360339
5.675 0.005213572845
5.68 0.0008150373541
5.6850000000000005 -0.004167841541
5.69 -0.008570855643
5.695 -0.01030755215
5.7 -0.009181581059
5.705 -0.006236847690
5.71 -0.002089844948
5.715 0.002803993471
5.72 0.007555410973
5.7250000000000005 0.01016568209
5.73 0.009702806177
5.735 0.007172757521
5.74 0.003307736694
5.745 -0.001438342898
5.75 -0.006378069683
5.755 -0.009784348818
5.76 -0.01007625080
5.765 -0.008012811975
5.7700000000000005 -0.004460833367
5.775 0.00009235148968
5.78 0.005092121125
5.785 0.009149807048
5.79 0.01027947253
5.795 0.008745518792
5.8 0.005540091582
5.805 0.001216294974
5.8100000000000005 -0.003746309565
5.815 -0.008276241960
5.82 -0.01028763305
5.825 -0.009357992769
5.83 -0.006537018634
5.835 -0.002474294987
5.84 0.002379214327
5.845 0.007204798424
5.8500000000000005 0.01007401160
5.855 0.009835505712
5.86 0.007444230913
5.865 0.003672960741
5.87 -0.001017594561
5.875 -0.005988151368
5.88 -0.009614477569
5.885 -0.01015867116
5.89 -0.008252303869
5.8950000000000005 -0.004804142172
5.9 -0.0003185449532
5.905 0.004678773116
5.91 0.008902745488
5.915 0.01030409200
5.92 0.008949104529
5.925 0.005858665408
5.93 0.001612633406
5.9350000000000005 -0.003322822518
5.94 -0.007962490953
5.945 -0.01024634571
5.95 -0.009521442845
5.955 -0.006828566159
5.96 -0.002853029287
5.965 0.001955008592
5.97 0.006840206089
5.9750000000000005 0.009958520693
5.98 0.009953367602
5.985 0.007706177433
5.99 0.004031697101
5.995 -0.0005993183835
6.0 -0.005589343807
6.005 -0.009420069814
6.01 -0.01022397928
6.015000000000001 -0.008481078926
6.0200000000000005 -0.005140052501
6.025 -0.0007253500651
6.03 0.004261028986
6.035 0.008633495714
6.04 0.01030915907
6.045 0.009140719828
6.05 0.006169082050
6.055 0.002003768914
6.0600000000000005 -0.002898277327
6.065 -0.007631165369
6.07 -0.01018286178
6.075 -0.009671408856
6.08 -0.007111249254
6.085 -0.003225827828
6.09 0.001532000965
6.095 0.006463246797
6.1000000000000005 0.009818708280
6.105 0.01005571183
6.11 0.007958245780
6.115 0.004383665856
6.12 -0.0001840530315
6.125 -0.005183133512
6.13 -0.009201519414
6.135 -0.01027143606
6.140000000000001 -0.008698753164
6.1450000000000005 -0.005468303929
6.15 -0.001127655755
6.155 0.003840064837
6.16 0.008343332754
6.165 0.01029386937
6.17 0.009319942686
6.175 0.006471136938
6.18 0.002389458086
6.1850000000000005 -0.002473460981
6.19 -0.007283875571
6.195 -0.01009639175
6.2 -0.009807312941
6.205 -0.007384792286
6.21 -0.003592455462
6.215 0.001110779136
6.22 0.006075508736
6.2250000000000005 0.009654303973
6.23 0.01014183092
6.235 0.008200064098
6.24 0.004728579232
6.245 0.0002276905749
6.25 -0.004770932687
6.255 -0.008959533590
6.26 -0.01030028847
6.265000000000001 -0.008904941053
6.2700000000000005 -0.005788659868
6.275 -0.001525112144
6.28 0.003416930038
6.285 0.008033696556
6.29 0.01025739641
6.295 0.009486312579
6.3 0.006764618031
6.305 0.002769479604
6.3100000000000005 -0.002049072379
6.315 -0.006922245950
6.32 -0.009986237620
6.325 -0.009928525324
6.33 -0.007648882539
6.335 -0.003952655319
6.34 0.0006919070015
6.345 0.005678543447
6.3500000000000005 0.009465318961
6.355 0.01021100025
6.36 0.008431250746
6.365 0.005066154821
6.37 0.0006354409267
6.375 -0.004354058329
6.38 -0.008695105062
6.385 -0.01030976342
6.390000000000001 -0.009099248361
6.3950000000000005 -0.006100904583
6.4 -0.001917424536
6.405 0.002992548172
6.41 0.007706133398
6.415 0.01019890894
6.42 0.009639319120
6.425 0.007049290942
6.43 0.003143615106
6.4350000000000005 -0.001625747077
6.44 -0.006547893143
6.445 -0.009851855357
6.45 -0.01003437377
6.455 -0.007903174757
6.46 -0.004306150812
6.465 0.0002759281891
6.47 0.005273851206
6.4750000000000005 0.009252076344
6.48 0.01026248330
6.485 0.008651421806
6.49 0.005396127299
6.495 0.001038777464
6.5 -0.003933713691
6.505 -0.008409463983
6.51 -0.01029906233
6.515000000000001 -0.009281259729
6.5200000000000005 -0.006404833031
6.525 -0.002304342017
6.53 0.002567728948
6.535 0.007362246445
6.54 0.01011760474
6.545 0.009778396698
6.55 0.007324888193
6.555 0.003511633664
6.5600000000000005 -0.001204079519
6.565 -0.006162411814
6.57 -0.009692918423
6.575 -0.01012415586
6.58 -0.008147300670
6.585 -0.004652654800
6.59 -0.0001366393075
6.595 0.004862862510
6.6000000000000005 0.009015215345
6.605 0.01029553061
6.61 0.008860192480
6.615 0.005718254766
6.62 0.001437337341
6.625 -0.003510976583
6.63 -0.008104018951
6.635 -0.01026736269
6.640000000000001 -0.009450524321
6.6450000000000005 -0.006700236190
6.65 -0.002685640059
6.655 0.002143188695
6.66 0.007003659218
6.665 0.01001276034
6.67 0.009902926412
6.675 0.007591105135
6.68 0.003873283356
6.6850000000000005 -0.0007846382271
6.69 -0.005767362768
6.695 -0.009509372052
6.7 -0.01019715013
6.705 -0.008380879992
6.71 -0.004991882554
6.715 -0.0005453141558
6.72 0.004446917239
6.7250000000000005 0.008755668890
6.73 0.01030937409
6.735 0.009057171397
6.74 0.006032317512
6.745 0.001830814327
6.75 -0.003086797842
6.755 -0.007780297326
6.76 -0.01021383196
6.765000000000001 -0.009606543525
6.7700000000000005 -0.006986885756
6.775 -0.003061101179
6.78 0.001719574939
6.785 0.006631991485
6.79 0.009883791924
6.795 0.01001224443
6.8 0.007847603037
6.805 0.004228291391
6.8100000000000005 -0.0003679715145
6.815 -0.005364259124
6.82 -0.009301468792
6.825 -0.01025262257
6.83 -0.008603528945
6.835 -0.005323564172
6.84 -0.0009496636729
6.845 0.004027245205
6.8500000000000005 0.008474619310
6.855 0.01030322106
6.86 0.009241949119
6.865 0.006338109287
6.87 0.002218949135
6.875 -0.002662010924
6.88 -0.007439893275
6.885 -0.01013765772
6.890000000000001 -0.009748764078
6.8950000000000005 -0.007264522209
6.9 -0.003430498254
6.905 0.001297489630
6.91 0.006248843818
6.915 0.009730319522
6.92 0.01010565397
6.925 0.008094017781
6.93 0.004576371918
6.9350000000000005 0.00004539611712
6.94 -0.004954548628
6.945 -0.009069778746
6.95 -0.01028982696
6.955 -0.008814863173
6.96 -0.005647452381
6.965 -0.001349311995
6.97 0.003604952582
6.9750000000000005 0.008173440878
6.98 0.01027625360
6.985 0.009414083878
6.99 0.006635423316
6.995 0.002601513058
7.0 -0.002237350820
7.005 -0.007084428280
7.01 -0.01003809403
7.015000000000001 -0.009876578376
7.0200000000000005 -0.007532849119
7.025 -0.003793584313
7.03 0.0008775062034
7.035 0.005855785612
7.04 0.009552224190
7.045 0.01018243702
7.05 0.008329970861
7.055 0.004917238510
7.0600000000000005 0.0004549741152
7.065 -0.004539593074
7.07 -0.008815172831
7.075 -0.01030799994
7.08 -0.009014493589
7.085 -0.005963323056
7.09 -0.001743940867
7.095 0.003181017944
7.1000000000000005 0.007853639461
7.105 0.01022763942
7.11 0.009573088493
7.115 0.006924036778
7.12 0.002978288649
7.125 -0.001813478191
7.13 -0.006715524504
7.135 -0.009914520520
7.140000000000001 -0.009989331594
7.1450000000000005 -0.007791534727
7.15 -0.004150090757
7.155 0.0004601774680
7.16 0.005454341957
7.165 0.009349688436
7.17 0.01024186211
7.175 0.008555078792
7.18 0.005250617086
7.1850000000000005 0.0008603180946
7.19 -0.004120648146
7.195 -0.008538782680
7.2 -0.01030635464
7.205 -0.009202015959
7.21 -0.006270968035
7.215 -0.002133281816
7.22 0.002756299436
7.2250000000000005 0.007516798282
7.23 0.01015655815
7.235 0.009718422063
7.24 0.007203697823
7.245 0.003349052082
7.25 -0.001391003346
7.255 -0.006334787850
7.26 -0.009766506630
7.265000000000001 -0.01008633318
7.2700000000000005 -0.008040219617
7.275 -0.004499733661
7.28 0.00004603391557
7.285 0.005045976819
7.29 0.009123212402
7.295 0.01028318601
7.3 0.008768957451
7.305 0.005576255026
7.3100000000000005 0.001261039215
7.315 -0.003698848180
7.32 -0.008241945236
7.325 -0.01028407827
7.33 -0.009376996923
7.335 -0.006570182011
7.34 -0.002517100979
7.345 0.002331551928
7.3500000000000005 0.007164535483
7.355 0.01006224437
7.36 0.009849488646
7.365 0.007474118330
7.37 0.003713561253
7.375 -0.0009705050212
7.38 -0.005943795669
7.385 -0.009593871263
7.390000000000001 -0.01016686898
7.3950000000000005 -0.008278527550
7.4 -0.004842225555
7.405 -0.0003644253065
7.41 0.004632072892
7.415 0.008873602986
7.42 0.01030564975
7.425 0.008971219512
7.43 0.005893923430
7.4350000000000005 0.001656806813
7.44 -0.003275199843
7.445 -0.007926142175
7.45 -0.01024034006
7.455 -0.009538960311
7.46 -0.006860746993
7.465 -0.002895180066
7.47 0.001907450410
7.4750000000000005 0.006798474806
7.48 0.009944044323
7.485 0.009965643004
7.49 0.007734973896
7.495 0.004071552074
7.5 -0.0005525404286
7.505 -0.005544084189
7.51 -0.009396727692
7.515000000000001 -0.01023021013
7.5200000000000005 -0.008506075550
7.525 -0.005177288637
7.53 -0.0007707445853
7.535 0.004213910967
7.54 0.008601938356
7.545 0.01030847211
7.55 0.009161465241
7.555 0.006203411565
7.5600000000000005 0.002047342460
7.565 -0.002850586834
7.57 -0.007592943681
7.575 -0.01017431384
7.58 -0.009687377523
7.585 -0.007142418440
7.59 -0.003267297947
7.595 0.001484614495
7.6000000000000005 0.006420226904
7.605 0.009801479846
7.61 0.01006620143
7.615 0.007985910361
7.62 0.004422743142
7.625 -0.0001376455908
7.63 -0.005137132598
7.635 -0.009175505556
7.640000000000001 -0.01027561619
7.6450000000000005 -0.008722479600
7.65 -0.005504665056
7.655 -0.001172522241
7.66 0.003792653223
7.665 0.008309515103
7.67 0.01029084583
7.675 0.009339268995
7.68 0.006504514805
7.6850000000000005 0.002432406186
7.69 -0.002425785067
7.695 -0.007243963126
7.7 -0.01008521751
7.705 -0.009821664565
7.71 -0.007414916538
7.715 -0.003633217201
7.72 0.001063628716
7.7250000000000005 0.006031376477
7.73 0.009634309934
7.735 0.01015045406
7.74 0.008226554260
7.745 0.004766846612
7.75 0.0002736723708
7.755 -0.004724343450
7.76 -0.008930945956
7.765000000000001 -0.01030233223
7.7700000000000005 -0.008927353672
7.775 -0.005824120859
7.78 -0.001569414907
7.785 0.003369334652
7.79 0.007997787915
7.795 0.01025194274
7.8 0.009504165133
7.805000000000001 0.006797019299
7.8100000000000005 0.002811777930
7.815 -0.002001485099
7.82 -0.006880824928
7.825 -0.009972367124
7.83 -0.009941186337
7.835 -0.007677924575
7.84 -0.003992678495
7.845 0.0006450547011
7.8500000000000005 0.005633470109
7.855 0.009442579728
7.86 0.01021767481
7.865 0.008456523416
7.87 0.005103581484
7.875 0.0006809471455
7.88 -0.004307021806
7.885 -0.008664070952
7.890000000000001 -0.01030958247
7.8950000000000005 -0.009120301851
7.9 -0.006135442132
7.905 -0.001961133507
7.91 0.002944865268
7.915 0.007668311698
7.92 0.01019093284
7.925 0.009655637204
7.930000000000001 0.007080687370
7.9350000000000005 0.003185238588
7.94 -0.001578316856
7.945 -0.006505143879
7.95 -0.009835239994
7.955 -0.01004526659
7.96 -0.007931094176
7.965 -0.004345403496
7.97 0.0002294336047
7.9750000000000005 0.005228001229
7.98 0.009226648115
7.985 0.01026712588
7.99 0.008675433876
7.995 0.005432684875
8.0 0.001083764442
8.005 -0.003886357253
8.01 -0.008376133768
8.015 -0.01029656541
8.02 -0.009300905505
8.025 -0.006438424165
8.03 -0.002347431034
8.035 0.002520043157
8.040000000000001 0.007322693474
8.045 0.01010702001
8.05 0.009793113383
8.055 0.007355247439
8.06 0.003552555142
8.065 -0.001156871278
8.07 -0.006118511439
8.075 -0.009673537650
8.08 -0.01013320028
8.085 -0.008174055188
8.09 -0.004691104657
8.095 -0.0001827200830
8.1 0.004816391213
8.105 0.008987188872
8.11 0.01029805602
8.115 0.008882900510
8.120000000000001 0.005753917585
8.125 0.001481767985
8.13 -0.003463413217
8.135 -0.008068559229
8.14 -0.01026245642
8.145 -0.009468708973
8.15 -0.006732856503
8.155 -0.002728084704
8.16 0.002095575678
8.165000000000001 0.006962557343
8.17 0.009999493293
8.175 0.009915969209
8.18 0.007620390748
8.185 0.003913473159
8.19 -0.0007377145195
8.195 -0.005722483816
8.2 -0.009487238481
8.205 -0.01020426430
8.21 -0.008406426587
8.215 -0.005029498347
8.22 -0.0005909299233
8.225 0.004399968486
8.23 0.008725165459
8.235 0.01030969467
8.24 0.009078530578
8.245000000000001 0.006067061973
8.25 0.001874657445
8.255 -0.003039126684
8.26 -0.007742884579
8.265 -0.01020642342
8.27 -0.009623207726
8.275 -0.007018507836
8.28 -0.003102876690
8.285 0.001672104158
8.290000000000001 0.006589521578
8.295 0.009867788597
8.3 0.01002353653
8.305 0.007875775209
8.31 0.004267717875
8.315 -0.0003213925528
8.32 -0.005318567740
8.325 -0.009276630679
8.33 -0.01025772339
8.335 -0.008627824513
8.34 -0.005360316937
8.345 -0.0009947693187
8.35 0.003979949505
8.355 0.008441784760
8.36 0.01030124615
8.365 0.009261911735
8.370000000000001 0.006371912493
8.375 0.002262177877
8.38 -0.002614318970
8.385 -0.007400708769
8.39 -0.01012765884
8.395 -0.009763842248
8.4 -0.007295114651
8.405 -0.003471578006
8.41 0.001250226648
8.415000000000001 0.006205183832
8.42 0.009711552625
8.425 0.01011511563
8.43 0.008121034534
8.435 0.004615002707
8.44 0.00009157334495
8.445 -0.004908202366
8.45 -0.009042319433
8.455 -0.01029282971
8.46 -0.008837864414
8.465 -0.005683315871
8.47 -0.001393868990
8.475 0.003557426114
8.48 0.008138438788
8.485 0.01027189015
8.49 0.009432597708
8.495000000000001 0.006668261328
8.5 0.002644102808
8.505 -0.002189715478
8.51 -0.007043654468
8.515 -0.01002542775
8.52 -0.009889999169
8.525 -0.007562376345
8.53 -0.003833939178
8.535 0.0008305140582
8.540000000000001 0.005811109238
8.545 0.009530698661
8.55 0.01018998671
8.555 0.008355789260
8.56 0.004955042005
8.565 0.0005006972078
8.57 -0.004492738524
8.575000000000001 -0.008785207289
8.58 -0.01030881757
8.585 -0.009036156118
8.59 -0.005998273309
8.595 -0.001787916819
8.6 0.003133362805
8.605 0.007816644609
8.61 0.01022079408
8.615 0.009590095579
8.620000000000001 0.006955882963
8.625 0.003020214882
8.63 -0.001765970073
8.635 -0.006673342723
8.64 -0.009899127863
8.645 -0.01000101904
8.65 -0.007819957579
8.655 -0.004189689442
8.66 0.0004135169410
8.665000000000001 0.005408816937
8.67 0.009325444557
8.675 0.01024741701
8.68 0.008579655729
8.685 0.005287563748
8.69 0.0009055405126
8.695 -0.004073418905
8.700000000000001 -0.008506451879
8.705 -0.01030489714
8.71 -0.009222292849
8.715 -0.006304982141
8.72 -0.002176649078
8.725 0.002708605121
8.73 0.007477991235
8.735 0.01014714131
8.74 0.009733858200
8.745000000000001 0.007234521708
8.75 0.003390288674
8.755 -0.001343688726
8.76 -0.006291376814
8.765 -0.009748353840
8.77 -0.01009620807
8.775 -0.008067496489
8.78 -0.004538543822
8.785 -2.371796768e-7
8.790000000000001 0.004999762819
8.795 0.009096325934
8.8 0.01028666182
8.805 0.008792249722
8.81 0.005612318011
8.815 0.001305720972
8.82 -0.003651363633
8.825000000000001 -0.008207409407
8.83 -0.01028025301
8.835 -0.009395837077
8.84 -0.006603236415
8.845 -0.002559834633
8.85 0.002283897728
8.855 0.007124098669
8.86 0.01005017593
8.865 0.009863283687
8.870000000000001 0.007503885234
8.875 0.003754079634
8.88 -0.0009234474355
8.885 -0.005899330144
8.89 -0.009572955758
8.895 -0.01017485011
8.9 -0.008304615628
8.905 -0.004880215293
8.91 -0.0004102534278
8.915000000000001 0.004585319131
8.92 0.008844182305
8.925 0.01030696000
8.93 0.008993183085
8.935 0.005929078352
8.94 0.001700914244
8.945 -0.003227565123
8.950000000000001 -0.007889574126
8.955 -0.01023405348
8.96 -0.009556307120
8.965 -0.006892815784
8.97 -0.002937255736
8.975 0.001859908213
8.98 0.006756589959
8.985 0.009929260650
8.99 0.009977721884
8.995000000000001 0.007763645373
9.0 0.004111321360
9.005 -0.0005058011900
9.01 -0.005498733407
9.015 -0.009373081790
9.02 -0.01023621496
9.025 -0.008530931731
9.03 -0.005214427876
9.035 -0.0008160818066
9.040000000000001 0.004166754066
9.045 0.008570119223
9.05 0.01030752746
9.055 0.009182053893
9.06 0.006237635417
9.065 0.002090847025
9.07 -0.002802894051
9.075000000000001 -0.007554523089
9.08 -0.01016547506
9.085 -0.009703168168
9.09 -0.007173472056
9.095 -0.003308689970
9.1 0.001437251364
9.105 0.006377073433
9.11 0.009783941021
9.115 0.01007648554
9.120000000000001 0.008013445237
9.125 0.004461731098
9.13 -0.00009128327110
9.135 -0.005091058217
9.14 -0.009149197291
9.145 -0.01027956080
9.15 -0.008746060739
9.155 -0.005540926341
9.16 -0.001217327107
9.165000000000001 0.003745215768
9.17 0.008275454069
9.175 0.01028755415
9.18 0.009358432689
9.185 0.006537784332
9.19 0.002475282553
9.195 -0.002378115539
9.200000000000001 -0.007203872267
9.205 -0.01007374373
9.21 -0.009835830152
9.215 -0.007444921224
9.22 -0.003673897576
9.225 0.001016508710
9.23 0.005987130143
9.235 0.009614006042
9.24 0.01015886257
9.245000000000001 0.008252909894
9.25 0.004805021112
9.255 0.0003196031599
9.26 -0.004677697210
9.265 -0.008902076846
9.27 -0.01030413069
9.275 -0.008949616019
9.28 -0.005859479326
9.285 -0.001613652421
9.290000000000001 0.003321724876
9.295 0.007961655536
9.3 0.01024621042
9.305 0.009521848569
9.31 0.006829309242
9.315 0.002854001780
9.32 -0.001953912118
9.325000000000001 -0.006839245856
9.33 -0.009958190443
9.335 -0.009953652778
9.34 -0.007706842646
9.345 -0.004032616790
9.35 0.0005982396381
9.355 0.005588301534
9.36 0.009419535163
9.365 0.01022412545
9.370000000000001 0.008481656721
9.375 0.005140911949
9.38 0.0007263971314
9.385 -0.004259943281
9.39 -0.008632771222
9.395 -0.01030914613
9.4 -0.009141199808
9.405 -0.006169874595
9.41 -0.002004774137
9.415000000000001 0.002897178009
9.42 0.007630286547
9.425 0.01018266801
9.43 0.009671778960
9.435 0.007111969058
9.44 0.003226784666
9.445 -0.001530908365
9.450000000000001 -0.006462256631
9.455 -0.009818314627
9.46 -0.01005595595
9.465 -0.007958884955
9.47 -0.004384567661
9.475 0.0001829827532
9.48 0.005182073949
9.485 0.009200923072
9.49 0.01027153506
9.495000000000001 0.008699301733
9.5 0.005469143241
9.505 0.001128690699
9.51 -0.003838972215
9.515 -0.008342555952
9.52 -0.01029380268
9.525 -0.009320390019
9.53 -0.006471907576
9.535 -0.002390448923
9.540000000000001 0.002472361900
9.545 0.007282957543
9.55 0.01009613753
9.555 0.009807645860
9.56 0.007385488048
9.565 0.003593396007
9.57 -0.001109691897
9.575000000000001 -0.006074492708
9.58 -0.009653846566
9.585 -0.01014203211
9.59 -0.008200676255
9.595 -0.004729462407
9.6 -0.0002287511076
9.605 0.004769859376
9.61 0.008958877775
9.615 0.01030033834
9.620000000000001 0.008905459391
9.625 0.005789478460
9.63 0.001526134134
9.635 -0.003415833050
9.64 -0.008032871334
9.645 -0.01025727382
9.65 -0.009486726011
9.655 -0.006765366189
9.66 -0.002770455493
9.665000000000001 0.002047975252
9.67 0.006921292918
9.675 0.009985921323
9.68 0.009928819366
9.685 0.007649553402
9.69 0.003953578877
9.695 -0.0006908265586
9.700000000000001 -0.005677505514
9.705 -0.009464798225
9.71 -0.01021115662
9.715 -0.008431834891
9.72 -0.005067018653
9.725 -0.0006364905555
9.73 0.004352974538
9.735 0.008694392676
9.74 0.01030976211
9.745000000000001 0.009099735429
9.75 0.006101701916
9.755 0.001918432873
9.76 -0.002991449053
9.765 -0.007705263848
9.77 -0.01019872832
9.775 -0.009639697260
9.78 -0.007050015974
9.785 -0.003144575470
9.790000000000001 0.001624653488
9.795 0.006546909266
9.8 0.009851475832
9.805 0.01003462715
9.81 0.007903819794
9.815 0.004307056650
9.82 -0.0002748559189
9.825000000000001 -0.005272795167
9.83 -0.009251493528
9.835 -0.01026259294
9.84 -0.008651976947
9.845 -0.005396971131
9.85 -0.001039815174
9.855 0.003932622373
9.86 0.008408698466
9.865 0.01029900776
9.870000000000001 0.009281714410
9.875 0.006405608577
9.88 0.002305336094
9.885 -0.002566629661
9.89 -0.007361336755
9.895 -0.01011736409
9.9 -0.009778738012
9.905 -0.007325589360
9.91 -0.003512577882
9.915000000000001 0.001202990965
9.92 0.006161401181
9.925 0.009692475157
9.93 0.01012436674
9.935 0.008147918908
9.94 0.004653542172
9.945 0.0001377021072
9.950000000000001 -0.004861791958
9.955 -0.009014572501
9.96 -0.01029559155
9.965 -0.008860717615
9.97 -0.005719078003
9.975 -0.001438362270
9.98 0.003509880361
9.985 0.008103204127
9.99 0.01026725269
9.995000000000001 0.009450945391
10.0 0.006700989389
10.005 0.002686619313
10.01 -0.002142090996
10.015 -0.007002713594
10.02 -0.01001245794
10.025 -0.009903229233
10.03 -0.007591781600
10.035 -0.003874210746
10.040000000000001 0.0007835561559
10.045 0.005766329363
10.05 0.009508865292
10.055 0.01019731661
10.06 0.008381470439
10.065 0.004992750737
10.07 0.0005463662963
10.075000000000001 -0.004445835508
10.08 -0.008754968779
10.085 -0.01030938433
10.09 -0.009057665497
10.095 -0.006033119608
10.1 -0.001831825747
10.105 0.003085699019
10.11 0.007779437255
10.115 0.01021366440
10.120000000000001 0.009606929625
10.125 0.006987615981
10.13 0.003062065039
10.135 -0.001718480434
10.14 -0.006631014099
10.145 -0.009883426501
10.15 -0.01001250699
10.155 -0.007848253888
10.16 -0.004229201225
10.165000000000001 0.0003668973159
10.17 0.005363206785
10.175 0.009300899605
10.18 0.01025274275
10.185 0.008604090609
10.19 0.005324412496
10.195 0.0009507041074
10.200000000000001 -0.004026155320
10.205 -0.008473865265
10.21 -0.01030317849
10.215 -0.009242411088
10.22 -0.006338889715
10.225 -0.002219946426
10.23 0.002660911517
10.235 0.007438992132
10.24 0.01013743055
10.245000000000001 0.009749113703
10.25 0.007265228741
10.255 0.003431446111
10.26 -0.001296399834
10.265 -0.006247838776
10.27 -0.009729890410
10.275 -0.01010587444
10.28 -0.008094642051
10.285 -0.004577263451
10.290000000000001 -0.00004646112404
10.295 0.004953481001
10.3 0.009069149011
10.305 0.01028989888
10.31 0.008815395055
10.315 0.005648280236
10.32 0.001350339826
10.325000000000001 -0.003603857240
10.33 -0.008172636654
10.335 -0.01027615609
10.34 -0.009414512520
10.345 -0.006636181525
10.35 -0.002602495649
10.355 0.002236252626
10.36 0.007083490270
10.365 0.01003780546
10.370000000000001 0.009876889889
10.375 0.007533531143
10.38 0.003794515499
10.385 -0.0008764225720
10.39 -0.005854756924
10.395 -0.009551731459
10.4 -0.01018261352
10.405 -0.008330567562
10.41 -0.004918111011
10.415000000000001 -0.0004560287168
10.42 0.004538513552
10.425 0.008814485160
10.43 0.01030802161
10.435 0.009014994668
10.44 0.005964129889
10.445 0.001744955343
10.450000000000001 -0.003179919514
10.455 -0.007852789074
10.46 -0.01022748482
10.465 -0.009573482479
10.47 -0.006924772160
10.475 -0.002979255977
10.48 0.001812382843
10.485 0.006714553810
10.49 0.009914169165
10.495000000000001 0.009989603249
10.5 0.007792191345
10.505 0.004151004552
10.51 -0.0004591014050
10.515 -0.005453293498
10.52 -0.009349132969
10.525 -0.01024199273
10.53 -0.008555646930
10.535 -0.005251469872
10.540000000000001 -0.0008613612100
10.545 0.004119559826
10.55 0.008538040293
10.555 0.01030632397
10.56 0.009202485159
10.565 0.006271753319
10.57 0.002134282293
10.575000000000001 -0.002755199997
10.58 -0.007515905890
10.585 -0.01015634438
10.59 -0.009718779921
10.595 -0.007204409681
10.6 -0.003350003548
10.605 0.001389912376
10.61 0.006333788594
10.615 0.009766091674
10.620000000000001 0.01008656316
10.625 0.008040849872
10.63 0.004500629321
10.635 -0.00004496675842
10.64 -0.005044912282
10.645 -0.009122595902
10.65 -0.01028326881
10.655 -0.008769496030
10.66 -0.005577087474
10.665000000000001 -0.001262069914
10.67 0.003697753833
10.675 0.008241151808
10.68 0.01028399314
10.685 0.009377433072
10.69 0.006570945202
10.695 0.002518086882
10.700000000000001 -0.002330453318
10.705 -0.007163605292
10.71 -0.01006196957
10.715 -0.009849808765
10.72 -0.007474805869
10.725 -0.003714496200
10.73 0.0009694198970
10.735 0.005942771888
10.74 0.009593392603
10.745000000000001 0.01016705540
10.75 0.008279130457
10.755 0.004843102343
10.76 0.0003654823175
10.765 -0.004630995730
10.77 -0.008872927913
10.775 -0.01030568275
10.78 -0.008971727519
10.785 -0.005894734976
10.790000000000001 -0.001657824313
10.795 0.003274101908
10.8 0.007925301676
10.805 0.01024019831
10.81 0.009539362111
10.815 0.006861487500
10.82 0.002896150832
10.825000000000001 -0.001906354293
10.83 -0.006797511005
10.835 -0.009943706995
10.84 -0.009965923661
10.845 -0.007735636235
10.85 -0.004072469795
10.855 0.0005514625658
10.86 0.005543039790
10.865 0.009396186028
10.870000000000001 0.01023035110
10.875 0.008506650113
10.88 0.005178145857
10.885 0.0007717903375
10.89 -0.004212824347
10.895 -0.008601207808
10.9 -0.01030845324
10.905 -0.009161941614
10.91 -0.006204201678
10.915000000000001 -0.002048346098
10.92 0.002849487450
10.925 0.007592060248
10.93 0.01017411337
10.935 0.009687743534
10.94 0.007143135585
10.945 0.003268252989
10.950000000000001 -0.001483522422
10.955 -0.006419233634
10.96 -0.009801079040
10.965 -0.01006644081
10.97 -0.007986546553
10.975 -0.004423642894
10.98 0.0001365763437
10.985 0.005136071319
10.99 0.009174902412
10.995000000000001 0.01027570978
11.0 0.008723024827
11.005 0.005505502071
11.01 0.001173555771
11.015 -0.003791559988
11.02 -0.008308732665
11.025 -0.01029077297
11.03 -0.009339712587
11.035 -0.006505282950
11.040000000000001 -0.002433395374
11.045 0.002424686122
11.05 0.007243040958
11.055 0.01008495639
11.06 0.009821993206
11.065 0.007415609549
11.07 0.003634155876
11.075000000000001 -0.001062542169
11.08 -0.006030357794
11.085 -0.009633845380
11.09 -0.01015065031
11.095 -0.008227163322
11.1 -0.004767727652
11.105 -0.0002747317364
11.11 0.004723268804
11.115 0.008930283633
11.120000000000001 0.01030237645
11.125 0.008927868554
11.13 0.005824937092
11.135 0.001570435399
11.14 -0.003368237316
11.145 -0.007996957508
11.15 -0.01025181374
11.155 -0.009504574676
11.16 -0.006797764896
11.165000000000001 -0.002812752108
11.17 0.002000388290
11.175 0.006879868225
11.18 0.009972043775
11.185 0.009941475906
11.19 0.007678592588
11.195 0.003993600104
11.200000000000001 -0.0006439751050
11.205 -0.005632429954
11.21 -0.009442051944
11.215 -0.01021782604
11.22 -0.008457104357
11.225 -0.005104443105
11.23 -0.0006819954872
11.235 0.004305937025
11.24 0.008663352418
11.245000000000001 0.01030957529
11.25 0.009120785341
11.255 0.006136237048
11.26 0.001962140275
11.265 -0.002943766034
11.27 -0.007667437430
11.275 -0.01019074557
11.28 -0.009656011290
11.285 -0.007081409765
11.290000000000001 -0.003186197175
11.295 0.001577223755
11.3 0.006504156794
11.305 0.009834853324
11.31 0.01004551530
11.315 0.007931736256
11.32 0.004346307301
11.325000000000001 -0.0002283623310
11.33 -0.005226943382
11.335 -0.009226058443
11.34 -0.01026723015
11.345 -0.008675985700
11.35 -0.005433526427
11.355 -0.001084800761
11.36 0.003885265256
11.365 0.008375362517
11.370000000000001 0.01029650472
11.375 0.009301356478
11.38 0.006439197234
11.385 0.002348423479
11.39 -0.002518943961
11.395 -0.007321779538
11.4 -0.01010677251
11.405 -0.009793450461
11.41 -0.007355945879
11.415000000000001 -0.003553497509
11.42 0.001155783377
11.425 0.006117498050
11.43 0.009673087227
11.435 0.01013340627
11.44 0.008174670359
11.445 0.004691989913
11.450000000000001 0.0001837817471
11.455 -0.004815319242
11.46 -0.008986539447
11.465 -0.01029811137
11.47 -0.008883422216
11.475 -0.005754738478
11.48 -0.001482791436
11.485 0.003462316590
11.49 0.008067739117
11.495000000000001 0.01026234007
11.5 0.009469126190
11.505 0.006733607159
11.51 0.002729062263
11.515 -0.002094478254
11.52 -0.006961607943
11.525 -0.009999183870
11.53 -0.009916267603
11.535 -0.007621064388
11.540000000000001 -0.003914398619
11.545 0.0007366332589
11.55 0.005721448092
11.555 0.009486724642
11.56 0.01020442569
11.565 0.008407013856
11.57 0.005030364337
11.575000000000001 0.0005919808044
11.58 -0.004398885690
11.585 -0.008724459114
11.59 -0.01030969908
11.595 -0.009079021130
11.6 -0.006067861667
11.605 -0.001875667314
11.61 0.003038027694
11.615 0.007742019683
11.620000000000001 0.01020624926
11.625 0.009623589811
11.63 0.007019235443
11.635 0.003103838791
11.64 -0.001671010101
11.645 -0.006588540879
11.65 -0.009867416043
11.655 -0.01002379446
11.66 -0.007876423128
11.665000000000001 -0.004268625697
11.67 0.0003203193170
11.675 0.005317513504
11.68 0.009276054584
11.685 0.01025783825
11.69 0.008628382886
11.695 0.005361162996
11.700000000000001 0.0009958083848
11.705 -0.003978858874
11.71 -0.008441024886
11.715 -0.01030119752
11.72 -0.009262370027
11.725 -0.006372690458
11.73 -0.002263173549
11.735 0.002613219609
11.74 0.007399803273
11.745000000000001 0.01012742486
11.75 0.009764187680
11.755 0.007295818478
11.76 0.003472524031
11.765 -0.001249137467
11.77 -0.006204175933
11.775 -0.009711116351
11.78 -0.01011533126
11.785 -0.008121655762
11.790000000000001 -0.004615892144
11.795 -0.00009263724752
11.8 0.004907133234
11.805 0.009041683048
11.81 0.01029289609
11.815 0.008838392892
11.82 0.005684141397
11.825000000000001 0.001394895362
11.83 -0.003556330308
11.835 -0.008137629174
11.84 -0.01027178633
11.845 -0.009433022529
11.85 -0.006669017010
11.855 -0.002645083719
11.86 0.002188617519
11.865 0.007042712577
11.870000000000001 0.01002513219
11.875 0.009890306298
11.88 0.007563055566
11.885 0.003834868452
11.89 -0.0008294312026
11.895 -0.005810078136
11.9 -0.009530198825
11.905 -0.01019015816
11.91 -0.008356382806
11.915000000000001 -0.004955912330
11.92 -0.0005017505756
11.925 0.004491657862
11.93 0.008784513302
11.935 0.01030883346
11.94 0.009036653676
11.945 0.005999077753
11.950000000000001 0.001788929757
11.955 -0.003132264159
11.96 -0.007815789294
11.965 -0.01022063293
11.97 -0.009590485587
11.975 -0.006956615744
11.98 -0.003021180464
11.985 0.001764875137
11.99 0.006672368614
11.995000000000001 0.009898769395
12.0 0.01000128610
12.005 0.007820611288
12.01 0.004190601243
12.015 -0.0004124418085
12.02 -0.005407766489
12.025 -0.009324882137
12.030000000000001 -0.01024754236
12.035 -0.008580220601
12.040000000000001 -0.005288414284
12.045 -0.0009065822821
12.05 0.004072329772
12.055 0.008505703569
12.06 0.01030486047
12.065 0.009222758400
12.07 0.006305764975
12.075000000000001 0.002177647951
12.08 -0.002707505683
12.085 -0.007477094387
12.09 -0.01014692078
12.095 -0.009734211905
12.1 -0.007235230880
12.105 -0.003391238322
12.11 0.001342598336
12.115 0.006290374603
12.120000000000001 0.009747931722
12.125 0.01009643325
12.13 0.008068123725
12.135 0.004539437403
12.14 1.303261001e-6
12.145 -0.004998696693
12.15 -0.009095702721
12.155000000000001 -0.01028673913
12.16 -0.008792784922
12.165000000000001 -0.005613148143
12.17 -0.001306750229
12.175 0.003650268763
12.18 0.008206610490
12.185 0.01028016164
12.19 0.009396269438
12.195 0.006603997093
12.200000000000001 0.002560818868
12.205 -0.002282799314
12.21 -0.007123164493
12.215 -0.01004989417
12.22 -0.009863599465
12.225 -0.007504569992
12.23 -0.003755012687
12.235 0.0009223630528
12.24 0.005898303853
12.245000000000001 0.009572469973
12.25 0.01017503153
12.255 0.008305215404
12.26 0.004881089921
12.265 0.0004113092314
12.27 -0.004584240751
12.275 -0.008843500837
12.280000000000001 -0.01030698727
12.285 -0.008993687597
12.290000000000001 -0.005929887521
12.295 -0.001701930222
12.3 0.003226466921
12.305 0.007888728597
12.31 0.01023390524
12.315 0.009556704977
12.32 0.006893553705
12.325000000000001 0.002938224770
12.33 -0.001858812472
12.335 -0.006755622643
12.34 -0.009928916231
12.345 -0.009977997999
12.35 -0.007764304826
12.355 -0.004112237103
12.36 0.0005047242257
12.365 0.005497686928
12.370000000000001 0.009372533133
12.375 0.01023635071
12.38 0.008531503052
12.385 0.005215282859
12.39 0.0008171262343
12.395 -0.004165666565
12.4 -0.008569382662
12.405000000000001 -0.01030750264
12.41 -0.009182526646
12.415000000000001 -0.006238423092
12.42 -0.002091849070
12.425 0.002801794624
12.43 0.007553635096
12.435 0.01016526787
12.44 0.009703530066
12.445 0.007174186534
12.450000000000001 0.003309643210
12.455 -0.001436159837
12.46 -0.006376077107
12.465 -0.009783533058
12.47 -0.01007672018
12.475 -0.008014078434
12.48 -0.004462628787
12.485 0.00009021507071
12.49 0.005089995266
12.495000000000001 0.009148587375
12.5 0.01027964895
12.505 0.008746602610
12.51 0.005541761052
12.515 0.001218359212
12.52 -0.003744121953
12.525 -0.008274666046
12.530000000000001 -0.01028747509
12.535 -0.009358872525
12.540000000000001 -0.006538549976
12.545 -0.002476270084
12.55 0.002377016752
12.555 0.007202946013
12.56 0.01007347570
12.565 0.009836154493
12.57 0.007445611473
12.575000000000001 0.003674834370
12.58 -0.001015422873
12.585 -0.005986108857
12.59 -0.009613534349
12.595 -0.01015905386
12.6 -0.008253515849
12.605 -0.004805900005
12.61 -0.0003206613413
12.615 0.004676621271
12.620000000000001 0.008901408055
12.625 0.01030416925
12.63 0.008950127430
12.635 0.005860293191
12.64 0.001614671403
12.645 -0.003320627225
12.65 -0.007960819999
12.655000000000001 -0.01024607499
12.66 -0.009522254204
12.665000000000001 -0.006830052268
12.67 -0.002854974234
12.675 0.001952815651
12.68 0.006838285538
12.685 0.009957860030
12.69 0.009953937849
12.695 0.007707507793
12.700000000000001 0.004033536435
12.705 -0.0005971609128
12.71 -0.005587259211
12.715 -0.009419000351
12.72 -0.01022427150
12.725 -0.008482234440
12.73 -0.005141771345
12.735 -0.0007274441667
12.74 0.004258857555
12.745000000000001 0.008632046591
12.75 0.01030913305
12.755 0.009141679704
12.76 0.006170667083
12.765 0.002005779323
12.77 -0.002896078690
12.775 -0.007629407619
12.780000000000001 -0.01018247407
12.785 -0.009672148971
12.790000000000001 -0.007112688800
12.795 -0.003227741462
12.8 0.001529815777
12.805 0.006461266395
12.81 0.009817920810
12.815 0.01005619995
12.82 0.007959524061
12.825000000000001 0.004385469418
12.83 -0.0001819124997
12.835 -0.005181014347
12.84 -0.009200326574
12.845 -0.01027163394
12.85 -0.008699850225
12.855 -0.005469982498
12.86 -0.001129725609
12.865 0.003837879580
12.870000000000001 0.008341779022
12.875 0.01029373585
12.88 0.009320837264
12.885 0.006472678156
12.89 0.002391439721
12.895 -0.002471262823
12.9 -0.007282039421
12.905000000000001 -0.01009588316
12.91 -0.009807978680
12.915000000000001 -0.007386183745
12.92 -0.003594336508
12.925 0.001108604675
12.93 0.006073476620
12.935 0.009653388994
12.94 0.01014223318
12.945 0.008201288340
12.950000000000001 0.004730345532
12.955 0.0002298116131
12.96 -0.004768786035
12.965 -0.008958221810
12.97 -0.01030038808
12.975 -0.008905977651
12.98 -0.005790296997
12.985 -0.001527156090
12.99 0.003414736054
12.995000000000001 0.008032045991
13.0 0.01025715109
13.005 0.009487139354
13.01 0.006766114289
13.015 0.002771431342
13.02 -0.002046878132
13.025 -0.006920339801
13.030000000000001 -0.009985604864
13.035 -0.009929113306
13.040000000000001 -0.007650224200
13.045 -0.003954502392
13.05 0.0006897461337
13.055 0.005676467528
13.06 0.009464277325
13.065 0.01021131288
13.07 0.008432418964
13.075000000000001 0.005067882435
13.08 0.0006375401562
13.085 -0.004351890722
13.09 -0.008693680146
13.095 -0.01030976068
13.1 -0.009100222414
13.105 -0.006102499195
13.11 -0.001919441175
13.115 0.002990349929
13.120000000000001 0.007704394187
13.125 0.01019854755
13.13 0.009640075308
13.135 0.007050740947
13.14 0.003145535796
13.145 -0.001623559907
13.15 -0.006545925313
13.155000000000001 -0.009851096142
13.16 -0.01003488043
13.165000000000001 -0.007904464764
13.17 -0.004307962443
13.175 0.0002737836692
13.18 0.005271739084
13.185 0.009250910554
13.19 0.01026270246
13.195 0.008652532013
13.200000000000001 0.005397814913
13.205 0.001040852855
13.21 -0.003931531036
13.215 -0.008407932814
13.22 -0.01029895304
13.225 -0.009282169007
13.23 -0.006406384068
13.235 -0.002306330136
13.24 0.002565530374
13.245000000000001 0.007360426965
13.25 0.01011712328
13.255 0.009779079229
13.26 0.007326290467
13.265 0.003513522060
13.27 -0.001201902424
13.275 -0.006160390481
13.280000000000001 -0.009692031725
13.285 -0.01012457750
13.290000000000001 -0.008148537077
13.295 -0.004654429498
13.3 -0.0001387648839
13.305 0.004860721371
13.31 0.009013929503
13.315 0.01029565237
13.32 0.008861242674
13.325000000000001 0.005719901189
13.33 0.001439387168
13.335 -0.003508784126
13.34 -0.008102389178
13.345 -0.01026714255
13.35 -0.009451366374
13.355 -0.006701742533
13.36 -0.002687598531
13.365 0.002140993298
13.370000000000001 0.007001767878
13.375 0.01001215537
13.38 0.009903531954
13.385 0.007592458004
13.39 0.003875138096
13.395 -0.0007824740983
13.4 -0.005765295900
13.405000000000001 -0.009508358367
13.41 -0.01019748298
13.415000000000001 -0.008382060816
13.42 -0.004993618873
13.425 -0.0005474184130
13.43 0.004444753748
13.435 0.008754268520
13.44 0.01030939442
13.445 0.009058159518
13.450000000000001 0.006033921652
13.455 0.001832837137
13.46 -0.003084600186
13.465 -0.007778577068
13.47 -0.01021349669
13.475 -0.009607315634
13.48 -0.006988346149
13.485 -0.003063028864
13.49 0.001717385933
13.495000000000001 0.006630036631
13.5 0.009883060912
13.505 0.01001276945
13.51 0.007848904675
13.515 0.004230111018
13.52 -0.0003658231339
13.525 -0.005362154398
13.530000000000001 -0.009300330255
13.535 -0.01025286280
13.540000000000001 -0.008604652199
13.545 -0.005325260772
13.55 -0.0009517445157
13.555 0.004025065412
13.56 0.008473111082
13.565 0.01030313579
13.57 0.009242872976
13.575000000000001 0.006339670090
13.58 0.002220943684
13.585 -0.002659812106
13.59 -0.007438090883
13.595 -0.01013720322
13.6 -0.009749463235
13.605 -0.007265935214
13.61 -0.003432393932
13.615 0.001295310045
13.620000000000001 0.006246833662
13.625 0.009729461130
13.63 0.01010609480
13.635 0.008095266254
13.64 0.004578154940
13.645 0.00004752611153
13.65 -0.004952413334
13.655000000000001 -0.009068519118
13.66 -0.01028997068
13.665000000000001 -0.008815926861
13.67 -0.005649108043
13.675 -0.001351367629
13.68 0.003602761881
13.685 0.008171832300
13.69 0.01027605844
13.695 0.009414941076
13.700000000000001 0.006636939681
13.705 0.002603478207
13.71 -0.002235154432
13.715 -0.007082552165
13.72 -0.01003751673
13.725 -0.009877201303
13.73 -0.007534213107
13.735 -0.003795446645
13.74 0.0008753389525
13.745000000000001 0.005853728175
13.75 0.009551238562
13.755 0.01018278990
13.76 0.008331164193
13.765 0.004918983467
13.77 0.0004570832957
13.775 -0.004537433998
13.780000000000001 -0.008813797338
13.785 -0.01030804314
13.790000000000001 -0.009015495670
13.795 -0.005964936672
13.8 -0.001745969788
13.805 0.003178821074
13.81 0.007851938569
13.815 0.01022733006
13.82 0.009573876375
13.825000000000001 0.006925507486
13.83 0.002980223269
13.835 -0.001811287499
13.84 -0.006713583031
13.845 -0.009913817644
13.85 -0.009989874800
13.855 -0.007792847899
13.86 -0.004151918307
13.865 0.0004580253578
13.870000000000001 0.005452244987
13.875 0.009348577339
13.88 0.01024212323
13.885 0.008556214995
13.89 0.005252322611
13.895 0.0008624043001
13.9 -0.004118471481
13.905000000000001 -0.008537297765
13.91 -0.01030629317
13.915000000000001 -0.009202954277
13.92 -0.006272538549
13.925 -0.002135282739
13.93 0.002754100552
13.935 0.007515013391
13.94 0.01015613045
13.945 0.009719137685
13.950000000000001 0.007205121481
13.955 0.003350954976
13.96 -0.001388821414
13.965 -0.006332789266
13.97 -0.009765676550
13.975 -0.01008679302
13.98 -0.008041480061
13.985 -0.004501524937
13.99 0.00004389962078
13.995000000000001 0.005043847702
14.0 0.009121979244
14.005 0.01028335149
14.01 0.008770034534
14.015 0.005577919873
14.02 0.001263100586
14.025 -0.003696659467
14.030000000000001 -0.008240358248
14.035 -0.01028390787
14.040000000000001 -0.009377869136
14.045 -0.006571708339
14.05 -0.002519072751
14.055 0.002329354706
14.06 0.007162675003
14.065 0.01006169460
14.07 0.009850128787
14.075000000000001 0.007475493348
14.08 0.003715431109
14.085 -0.0009683347838
14.09 -0.005941748042
14.095 -0.009592913776
14.1 -0.01016724171
14.105 -0.008279733293
14.11 -0.004843979085
14.115 -0.0003665393058
14.120000000000001 0.004629918534
14.125 0.008872252688
14.13 0.01030571561
14.135 0.008972235448
14.14 0.005895546472
14.145 0.001658841783
14.15 -0.003273003962
14.155000000000001 -0.007924461056
14.16 -0.01024005641
14.165000000000001 -0.009539763822
14.17 -0.006862227950
14.175 -0.002897121564
14.18 0.001905258181
14.185 0.006796547119
14.19 0.009943369502
14.195 0.009966204214
14.200000000000001 0.007736298509
14.205 0.004073387473
14.21 -0.0005503847196
14.215 -0.005541995339
14.22 -0.009395644201
14.225 -0.01023049195
14.23 -0.008507224604
14.235 -0.005179003027
14.24 -0.0007728360630
14.245000000000001 0.004211737702
14.25 0.008600477117
14.255 0.01030843423
14.26 0.009162417906
14.265 0.006204991737
14.27 0.002049349702
14.275 -0.002848388062
14.280000000000001 -0.007591176705
14.285 -0.01017391275
14.290000000000001 -0.009688109452
14.295 -0.007143852672
14.3 -0.003269207993
14.305 0.001482430359
14.31 0.006418240289
14.315 0.009800678068
14.32 0.01006668009
14.325000000000001 0.007987182678
14.33 0.004424542600
14.335 -0.0001355071174
14.34 -0.005135009997
14.345 -0.009174299111
14.35 -0.01027580324
14.355 -0.008723569978
14.36 -0.005506339035
14.365 -0.001174589271
14.370000000000001 0.003790466737
14.375 0.008307950097
14.38 0.01029069997
14.385 0.009340156094
14.39 0.006506051040
14.395 0.002434384527
14.4 -0.002423587177
14.405000000000001 -0.007242118693
14.41 -0.01008469512
14.415000000000001 -0.009822321749
14.42 -0.007416302498
14.425 -0.003635094510
14.43 0.001061455634
14.435 0.006029339048
14.44 0.009633380660
14.445 0.01015084645
14.450000000000001 0.008227772315
14.455 0.004768608645
14.46 0.0002757910779
14.465 -0.004722194124
14.47 -0.008929621159
14.475 -0.01030242055
14.48 -0.008928383358
14.485 -0.005825753273
14.49 -0.001571455859
14.495000000000001 0.003367139971
14.5 0.007996126980
14.505 0.01025168459
14.51 0.009504984130
14.515 0.006798510436
14.52 0.002813726248
14.525 -0.001999291486
14.530000000000001 -0.006878911436
14.535 -0.009971720263
14.540000000000001 -0.009941765372
14.545 -0.007679260536
14.55 -0.003994521670
14.555 0.0006428955268
14.56 0.005631389747
14.565 0.009441523996
14.57 0.01021797715
14.575000000000001 0.008457685224
14.58 0.005105304676
14.585 0.0006830438007
14.59 -0.004304852221
14.595 -0.008662633743
14.6 -0.01030956798
14.605 -0.009121268749
14.61 -0.006137031910
14.615 -0.001963147008
14.620000000000001 0.002942666795
14.625 0.007666563052
14.63 0.01019055815
14.635 0.009656385283
14.64 0.007082132099
14.645 0.003187155722
14.65 -0.001576130664
14.655000000000001 -0.006503169634
14.66 -0.009834466490
14.665000000000001 -0.01004576389
14.67 -0.007932378268
14.675 -0.004347211060
14.68 0.0002272910799
14.685 0.005225885494
14.69 0.009225468613
14.695 0.01026733430
14.700000000000001 0.008676537449
14.705 0.005434367926
14.71 0.001085837049
14.715 -0.003884173243
14.72 -0.008374591133
14.725 -0.01029644389
14.73 -0.009301807365
14.735 -0.006439970247
14.74 -0.002349415886
14.745000000000001 0.002517844766
14.75 0.007320865504
14.755 0.01010652484
14.76 0.009793787442
14.765 0.007356644257
14.77 0.003554439834
14.775 -0.001154695491
14.780000000000001 -0.006116484597
14.785 -0.009672636639
14.790000000000001 -0.01013361214
14.795 -0.008175285458
14.8 -0.004692875122
14.805 -0.0001848433852
14.81 0.004814247238
14.815 0.008985889871
14.82 0.01029816660
14.825000000000001 0.008883943843
14.83 0.005755559318
14.835 0.001483814852
14.84 -0.003461219953
14.845 -0.008066918884
14.85 -0.01026222357
14.855 -0.009469543317
14.86 -0.006734357757
14.865 -0.002730039783
14.870000000000001 0.002093380836
14.875 0.006960658455
14.88 0.009998874284
14.885 0.009916565893
14.89 0.007621737963
14.895 0.003915324035
14.9 -0.0007355520165
14.905000000000001 -0.005720412315
14.91 -0.009486210640
14.915000000000001 -0.01020458695
14.92 -0.008407601051
14.925 -0.005031230277
14.93 -0.0005930316566
14.935 0.004397802870
14.94 0.008723752626
14.945 0.01030970335
14.950000000000001 0.009079511599
14.955 0.006068661306
14.96 0.001876677147
14.965 -0.003036928700
14.97 -0.007741154677
14.975 -0.01020607495
14.98 -0.009623971803
14.985 -0.007019962989
14.99 -0.003104800851
14.995000000000001 0.001669916055
