x y
0.0 0
0.005 -0.005000000000
0.01 -0.009999937188
0.015 -0.01499968468
0.02 -0.01999911368
0.025 -0.02499809347
0.03 -0.02999649136
0.035 -0.03499417269
0.04 -0.03999100079
0.045 -0.04498683695
0.05 -0.04998154041
0.055 -0.05497496832
0.06 -0.05996697572
0.065 -0.06495741554
0.07 -0.06994613852
0.075 -0.07493299324
0.08 -0.07991782607
0.085 -0.08490048115
0.09 -0.08988080035
0.095 -0.09485862328
0.1 -0.09983378724
0.105 -0.1048061272
0.11 -0.1097754758
0.115 -0.1147416633
0.12 -0.1197045176
0.125 -0.1246638640
0.13 -0.1296195256
0.135 -0.1345713230
0.14 -0.1395190743
0.145 -0.1444625949
0.15 -0.1494016980
0.155 -0.1543361941
0.16 -0.1592658911
0.165 -0.1641905944
0.17 -0.1691101069
0.17500000000000002 -0.1740242286
0.18 -0.1789327573
0.185 -0.1838354879
0.19 -0.1887322126
0.195 -0.1936227211
0.2 -0.1985068003
0.20500000000000002 -0.2033842345
0.21 -0.2082548054
0.215 -0.2131182918
0.22 -0.2179744699
0.225 -0.2228231132
0.23 -0.2276639924
0.23500000000000001 -0.2324968756
0.24 -0.2373215282
0.245 -0.2421377128
0.25 -0.2469451892
0.255 -0.2517437147
0.26 -0.2565330437
0.265 -0.2613129280
0.27 -0.2660831167
0.275 -0.2708433562
0.28 -0.2755933903
0.28500000000000003 -0.2803329601
0.29 -0.2850618040
0.295 -0.2897796578
0.3 -0.2944862549
0.305 -0.2991813258
0.31 -0.3038645987
0.315 -0.3085357992
0.32 -0.3131946504
0.325 -0.3178408729
0.33 -0.3224741851
0.335 -0.3270943027
0.34 -0.3317009393
0.34500000000000003 -0.3362938060
0.35000000000000003 -0.3408726118
0.355 -0.3454370634
0.36 -0.3499868654
0.365 -0.3545217203
0.37 -0.3590413285
0.375 -0.3635453884
0.38 -0.3680335967
0.385 -0.3725056478
0.39 -0.3769612346
0.395 -0.3814000484
0.4 -0.3858217786
0.405 -0.3902261131
0.41000000000000003 -0.3946127383
0.41500000000000004 -0.3989813393
0.42 -0.4033315998
0.425 -0.4076632021
0.43 -0.4119758277
0.435 -0.4162691568
0.44 -0.4205428687
0.445 -0.4247966418
0.45 -0.4290301540
0.455 -0.4332430821
0.46 -0.4374351029
0.465 -0.4416058923
0.47000000000000003 -0.4457551262
0.47500000000000003 -0.4498824802
0.48 -0.4539876297
0.485 -0.4580702504
0.49 -0.4621300178
0.495 -0.4661666081
0.5 -0.4701796976
0.505 -0.4741689633
0.51 -0.4781340827
0.515 -0.4820747343
0.52 -0.4859905974
0.525 -0.4898813525
0.53 -0.4937466811
0.535 -0.4975862662
0.54 -0.5013997921
0.545 -0.5051869450
0.55 -0.5089474125
0.555 -0.5126808844
0.56 -0.5163870523
0.5650000000000001 -0.5200656100
0.5700000000000001 -0.5237162537
0.5750000000000001 -0.5273386820
0.58 -0.5309325960
0.585 -0.5344976997
0.59 -0.5380336996
0.595 -0.5415403056
0.6 -0.5450172303
0.605 -0.5484641900
0.61 -0.5518809039
0.615 -0.5552670952
0.62 -0.5586224902
0.625 -0.5619468194
0.63 -0.5652398169
0.635 -0.5685012210
0.64 -0.5717307739
0.645 -0.5749282222
0.65 -0.5780933168
0.655 -0.5812258130
0.66 -0.5843254705
0.665 -0.5873920540
0.67 -0.5904253326
0.675 -0.5934250804
0.68 -0.5963910765
0.685 -0.5993231047
0.6900000000000001 -0.6022209543
0.6950000000000001 -0.6050844195
0.7000000000000001 -0.6079132997
0.705 -0.6107073998
0.71 -0.6134665299
0.715 -0.6161905056
0.72 -0.6188791479
0.725 -0.6215322835
0.73 -0.6241497446
0.735 -0.6267313688
0.74 -0.6292769996
0.745 -0.6317864861
0.75 -0.6342596831
0.755 -0.6366964512
0.76 -0.6390966565
0.765 -0.6414601712
0.77 -0.6437868729
0.775 -0.6460766452
0.78 -0.6483293774
0.785 -0.6505449645
0.79 -0.6527233073
0.795 -0.6548643122
0.8 -0.6569678916
0.805 -0.6590339632
0.81 -0.6610624505
0.8150000000000001 -0.6630532828
0.8200000000000001 -0.6650063947
0.8250000000000001 -0.6669217265
0.8300000000000001 -0.6687992239
0.835 -0.6706388382
0.84 -0.6724405259
0.845 -0.6742042489
0.85 -0.6759299746
0.855 -0.6776176754
0.86 -0.6792673289
0.865 -0.6808789178
0.87 -0.6824524298
0.875 -0.6839878578
0.88 -0.6854851992
0.885 -0.6869444565
0.89 -0.6883656367
0.895 -0.6897487517
0.9 -0.6910938179
0.905 -0.6924008560
0.91 -0.6936698913
0.915 -0.6949009534
0.92 -0.6960940760
0.925 -0.6972492971
0.93 -0.6983666587
0.935 -0.6994462066
0.9400000000000001 -0.7004879908
0.9450000000000001 -0.7014920648
0.9500000000000001 -0.7024584859
0.9550000000000001 -0.7033873149
0.96 -0.7042786164
0.965 -0.7051324579
0.97 -0.7059489108
0.975 -0.7067280492
0.98 -0.7074699507
0.985 -0.7081746957
0.99 -0.7088423678
0.995 -0.7094730532
1.0 -0.7100668411
1.0050000000000001 -0.7106238231
1.01 -0.7111440937
1.0150000000000001 -0.7116277497
1.02 -0.7120748903
1.025 -0.7124856171
1.03 -0.7128600339
1.035 -0.7131982467
1.04 -0.7135003635
1.045 -0.7137664943
1.05 -0.7139967510
1.055 -0.7141912474
1.06 -0.7143500989
1.065 -0.7144734226
1.07 -0.7145613373
1.075 -0.7146139632
1.08 -0.7146314219
1.085 -0.7146138365
1.09 -0.7145613312
1.095 -0.7144740317
1.1 -0.7143520645
1.105 -0.7141955573
1.11 -0.7140046391
1.115 -0.7137794394
1.12 -0.7135200890
1.125 -0.7132267191
1.1300000000000001 -0.7128994620
1.135 -0.7125384506
1.1400000000000001 -0.7121438185
1.145 -0.7117156997
1.1500000000000001 -0.7112542289
1.155 -0.7107595413
1.16 -0.7102317724
1.165 -0.7096710582
1.17 -0.7090775350
1.175 -0.7084513394
1.18 -0.7077926082
1.185 -0.7071014783
1.19 -0.7063780869
1.195 -0.7056225713
1.2 -0.7048350687
1.205 -0.7040157165
1.21 -0.7031646521
1.215 -0.7022820126
1.22 -0.7013679354
1.225 -0.7004225573
1.23 -0.6994460154
1.235 -0.6984384464
1.24 -0.6973999866
1.245 -0.6963307725
1.25 -0.6952309399
1.2550000000000001 -0.6941006245
1.26 -0.6929399616
1.2650000000000001 -0.6917490861
1.27 -0.6905281327
1.2750000000000001 -0.6892772355
1.28 -0.6879965282
1.285 -0.6866861441
1.29 -0.6853462160
1.295 -0.6839768762
1.3 -0.6825782565
1.305 -0.6811504882
1.31 -0.6796937019
1.315 -0.6782080277
1.32 -0.6766935954
1.325 -0.6751505337
1.33 -0.6735789711
1.335 -0.6719790353
1.34 -0.6703508533
1.345 -0.6686945516
1.35 -0.6670102560
1.355 -0.6652980915
1.36 -0.6635581826
1.365 -0.6617906531
1.37 -0.6599956258
1.375 -0.6581732233
1.3800000000000001 -0.6563235670
1.385 -0.6544467779
1.3900000000000001 -0.6525429762
1.395 -0.6506122812
1.4000000000000001 -0.6486548116
1.405 -0.6466706855
1.41 -0.6446600199
1.415 -0.6426229314
1.42 -0.6405595357
1.425 -0.6384699476
1.43 -0.6363542815
1.435 -0.6342126506
1.44 -0.6320451678
1.445 -0.6298519448
1.45 -0.6276330929
1.455 -0.6253887224
1.46 -0.6231189429
1.465 -0.6208238634
1.47 -0.6185035919
1.475 -0.6161582358
1.48 -0.6137879016
1.485 -0.6113926953
1.49 -0.6089727220
1.495 -0.6065280859
1.5 -0.6040588908
1.5050000000000001 -0.6015652394
1.51 -0.5990472339
1.5150000000000001 -0.5965049758
1.52 -0.5939385657
1.5250000000000001 -0.5913481036
1.53 -0.5887336888
1.5350000000000001 -0.5860954198
1.54 -0.5834333944
1.545 -0.5807477098
1.55 -0.5780384626
1.555 -0.5753057483
1.56 -0.5725496623
1.565 -0.5697702988
1.57 -0.5669677518
1.575 -0.5641421143
1.58 -0.5612934788
1.585 -0.5584219373
1.59 -0.5555275809
1.595 -0.5526105002
1.6 -0.5496707854
1.605 -0.5467085258
1.61 -0.5437238103
1.615 -0.5407167271
1.62 -0.5376873640
1.625 -0.5346358081
1.6300000000000001 -0.5315621461
1.635 -0.5284664640
1.6400000000000001 -0.5253488475
1.645 -0.5222093816
1.6500000000000001 -0.5190481509
1.655 -0.5158652396
1.6600000000000001 -0.5126607312
1.665 -0.5094347091
1.67 -0.5061872560
1.675 -0.5029184542
1.68 -0.4996283857
1.685 -0.4963171321
1.69 -0.4929847747
1.695 -0.4896313941
1.7 -0.4862570710
1.705 -0.4828618856
1.71 -0.4794459177
1.715 -0.4760092470
1.72 -0.4725519527
1.725 -0.4690741141
1.73 -0.4655758099
1.735 -0.4620571189
1.74 -0.4585181194
1.745 -0.4549588900
1.75 -0.4513795086
1.7550000000000001 -0.4477800535
1.76 -0.4441606026
1.7650000000000001 -0.4405212338
1.77 -0.4368620249
1.7750000000000001 -0.4331830538
1.78 -0.4294843984
1.7850000000000001 -0.4257661366
1.79 -0.4220283462
1.795 -0.4182711054
1.8 -0.4144944923
1.805 -0.4106985853
1.81 -0.4068834628
1.815 -0.4030492036
1.82 -0.3991958866
1.825 -0.3953235911
1.83 -0.3914323966
1.835 -0.3875223832
1.84 -0.3835936310
1.845 -0.3796462210
1.85 -0.3756802342
1.855 -0.3716957525
1.86 -0.3676928582
1.865 -0.3636716341
1.87 -0.3596321639
1.875 -0.3555745317
1.8800000000000001 -0.3514988226
1.885 -0.3474051224
1.8900000000000001 -0.3432935177
1.895 -0.3391640961
1.9000000000000001 -0.3350169460
1.905 -0.3308521570
1.9100000000000001 -0.3266698196
1.915 -0.3224700257
1.92 -0.3182528681
1.925 -0.3140184410
1.93 -0.3097668400
1.935 -0.3054981619
1.94 -0.3012125053
1.945 -0.2969099702
1.95 -0.2925906580
1.955 -0.2882546723
1.96 -0.2839021181
1.965 -0.2795331024
1.97 -0.2751477343
1.975 -0.2707461248
1.98 -0.2663283873
1.985 -0.2618946372
1.99 -0.2574449925
1.995 -0.2529795736
2.0 -0.2484985035
2.005 -0.2440019080
2.0100000000000002 -0.2394899156
2.015 -0.2349626578
2.02 -0.2304202693
2.025 -0.2258628880
2.0300000000000002 -0.2212906551
2.035 -0.2167037154
2.04 -0.2121022173
2.045 -0.2074863131
2.05 -0.2028561591
2.055 -0.1982119155
2.06 -0.1935537473
2.065 -0.1888818236
2.07 -0.1841963184
2.075 -0.1794974106
2.08 -0.1747852841
2.085 -0.1700601283
2.09 -0.1653221379
2.095 -0.1605715135
2.1 -0.1558084617
2.105 -0.1510331951
2.11 -0.1462459332
2.115 -0.1414469018
2.12 -0.1366363341
2.125 -0.1318144702
2.13 -0.1269815583
2.1350000000000002 -0.1221378539
2.14 -0.1172836211
2.145 -0.1124191323
2.15 -0.1075446689
2.1550000000000002 -0.1026605214
2.16 -0.09776698976
2.165 -0.09286438406
2.17 -0.08795302450
2.1750000000000003 -0.08303324199
2.18 -0.07810537854
2.185 -0.07316978764
2.19 -0.06822683470
2.195 -0.06327689751
2.2 -0.05832036665
2.205 -0.05335764599
2.21 -0.04838915318
2.215 -0.04341532010
2.22 -0.03843659338
2.225 -0.03345343493
2.23 -0.02846632247
2.235 -0.02347575005
2.24 -0.01848222858
2.245 -0.01348628647
2.25 -0.008488470123
2.255 -0.003489344535
2.2600000000000002 0.001510506098
2.265 0.006510477798
2.27 0.01150994621
2.275 0.01650826598
2.2800000000000002 0.02150477018
2.285 0.02649876967
2.29 0.03148955249
2.295 0.03647638328
2.3000000000000003 0.04145850267
2.305 0.04643512670
2.31 0.05140544622
2.315 0.05636862635
2.32 0.06132380595
2.325 0.06627009705
2.33 0.07120658442
2.335 0.07613232503
2.34 0.08104634771
2.345 0.08594765269
2.35 0.09083521131
2.355 0.09570796569
2.36 0.1005648285
2.365 0.1054046830
2.37 0.1102263824
2.375 0.1150287504
2.38 0.1198105813
2.3850000000000002 0.1245706394
2.39 0.1293076603
2.395 0.1340203502
2.4 0.1387073873
2.4050000000000002 0.1433674219
2.41 0.1479990771
2.415 0.1526009499
2.42 0.1571716119
2.4250000000000003 0.1617096107
2.43 0.1662134709
2.435 0.1706816960
2.44 0.1751127692
2.445 0.1795051562
2.45 0.1838573059
2.455 0.1881676536
2.46 0.1924346223
2.465 0.1966566257
2.47 0.2008320704
2.475 0.2049593587
2.48 0.2090368910
2.485 0.2130630695
2.49 0.2170363005
2.495 0.2209549977
2.5 0.2248175857
2.505 0.2286225028
2.5100000000000002 0.2323682049
2.515 0.2360531683
2.52 0.2396758933
2.525 0.2432349077
2.5300000000000002 0.2467287699
2.535 0.2501560720
2.54 0.2535154436
2.545 0.2568055542
2.5500000000000003 0.2600251165
2.555 0.2631728892
2.56 0.2662476796
2.565 0.2692483461
2.57 0.2721738004
2.575 0.2750230098
2.58 0.2777949984
2.585 0.2804888496
2.59 0.2831037069
2.595 0.2856387747
2.6 0.2880933200
2.605 0.2904666722
2.61 0.2927582239
2.615 0.2949674306
2.62 0.2970938110
2.625 0.2991369460
2.63 0.3010964786
2.6350000000000002 0.3029721128
2.64 0.3047636126
2.645 0.3064708007
2.65 0.3080935571
2.6550000000000002 0.3096318175
2.66 0.3110855718
2.665 0.3124548619
2.67 0.3137397801
2.6750000000000003 0.3149404668
2.68 0.3160571085
2.685 0.3170899357
2.69 0.3180392206
2.695 0.3189052747
2.7 0.3196884470
2.705 0.3203891213
2.71 0.3210077141
2.715 0.3215446724
2.72 0.3220004716
2.725 0.3223756131
2.73 0.3226706224
2.735 0.3228860471
2.74 0.3230224545
2.745 0.3230804304
2.75 0.3230605763
2.755 0.3229635086
2.7600000000000002 0.3227898561
2.765 0.3225402587
2.77 0.3222153659
2.775 0.3218158354
2.7800000000000002 0.3213423312
2.785 0.3207955228
2.79 0.3201760837
2.795 0.3194846905
2.8000000000000003 0.3187220213
2.805 0.3178887552
2.81 0.3169855709
2.815 0.3160131462
2.82 0.3149721569
2.825 0.3138632763
2.83 0.3126871741
2.835 0.3114445162
2.84 0.3101359637
2.845 0.3087621729
2.85 0.3073237942
2.855 0.3058214721
2.86 0.3042558446
2.865 0.3026275430
2.87 0.3009371914
2.875 0.2991854067
2.88 0.2973727981
2.8850000000000002 0.2954999671
2.89 0.2935675072
2.895 0.2915760038
2.9 0.2895260344
2.9050000000000002 0.2874181677
2.91 0.2852529646
2.915 0.2830309775
2.92 0.2807527503
2.9250000000000003 0.2784188188
2.93 0.2760297105
2.935 0.2735859445
2.94 0.2710880320
2.945 0.2685364759
2.95 0.2659317715
2.955 0.2632744059
2.96 0.2605648588
2.965 0.2578036024
2.97 0.2549911016
2.975 0.2521278140
2.98 0.2492141906
2.985 0.2462506754
2.99 0.2432377062
2.995 0.2401757146
3.0 0.2370651261
3.005 0.2339063608
3.0100000000000002 0.2306998335
3.015 0.2274459539
3.02 0.2241451271
3.025 0.2207977541
3.0300000000000002 0.2174042319
3.035 0.2139649540
3.04 0.2104803110
3.045 0.2069506910
3.0500000000000003 0.2033764798
3.055 0.1997580619
3.06 0.1960958208
3.065 0.1923901394
3.0700000000000003 0.1886414011
3.075 0.1848499900
3.08 0.1810162918
3.085 0.1771406947
3.09 0.1732235901
3.095 0.1692653734
3.1 0.1652664447
3.105 0.1612272106
3.11 0.1571480844
3.115 0.1530294875
3.12 0.1488718511
3.125 0.1446756167
3.13 0.1404412384
3.1350000000000002 0.1361691837
3.14 0.1318599356
3.145 0.1275139944
3.15 0.1231318791
3.1550000000000002 0.1187141304
3.16 0.1142613120
3.165 0.1097740138
3.17 0.1052528541
3.1750000000000003 0.1006984825
3.18 0.09611158332
3.185 0.09149287852
3.19 0.08684313162
3.1950000000000003 0.08216315153
3.2 0.07745379682
3.205 0.07271598033
3.21 0.06795067416
3.215 0.06315891505
3.22 0.05834181022
3.225 0.05350054368
3.23 0.04863638298
3.235 0.04375068656
3.24 0.03884491159
3.245 0.03392062245
3.25 0.02897949975
3.255 0.02402334999
3.2600000000000002 0.01905411587
3.265 0.01407388721
3.27 0.009084912472
3.275 0.004089610894
3.2800000000000002 -0.0009094148507
3.285 -0.005909365524
3.29 -0.01090723183
3.295 -0.01589978069
3.3000000000000003 -0.02088354150
3.305 -0.02585479254
3.31 -0.03080954788
3.315 -0.03574354510
3.3200000000000003 -0.04065223427
3.325 -0.04553076861
3.33 -0.05037399749
3.335 -0.05517646232
3.34 -0.05993239603
3.345 -0.06463572694
3.35 -0.06928008767
3.355 -0.07385882992
3.36 -0.07836504583
3.365 -0.08279159643
3.37 -0.08713114769
3.375 -0.09137621436
3.38 -0.09551921154
3.3850000000000002 -0.09955251353
3.39 -0.1034685193
3.395 -0.1072597230
3.4 -0.1109187887
3.4050000000000002 -0.1144386265
3.41 -0.1178124681
3.415 -0.1210339403
3.42 -0.1240971322
3.4250000000000003 -0.1269966561
3.43 -0.1297276979
3.435 -0.1322860568
3.44 -0.1346681730
3.4450000000000003 -0.1368711426
3.45 -0.1388927197
3.455 -0.1407313064
3.46 -0.1423859324
3.465 -0.1438562247
3.47 -0.1451423694
3.475 -0.1462450676
3.48 -0.1471654874
3.485 -0.1479052132
3.49 -0.1484661940
3.495 -0.1488506927
3.5 -0.1490612363
3.505 -0.1491005692
3.5100000000000002 -0.1489716095
3.515 -0.1486774085
3.52 -0.1482211149
3.525 -0.1476059413
3.5300000000000002 -0.1468351366
3.535 -0.1459119605
3.54 -0.1448396622
3.545 -0.1436214624
3.5500000000000003 -0.1422605381
3.555 -0.1407600106
3.56 -0.1391229350
3.565 -0.1373522931
3.5700000000000003 -0.1354509876
3.575 -0.1334218375
3.58 -0.1312675764
3.585 -0.1289908506
3.59 -0.1265942198
3.595 -0.1240801571
3.6 -0.1214510521
3.605 -0.1187092128
3.61 -0.1158568694
3.615 -0.1128961787
3.62 -0.1098292292
3.625 -0.1066580466
3.63 -0.1033846004
3.6350000000000002 -0.1000108115
3.64 -0.09653856018
3.645 -0.09296969546
3.65 -0.08930604576
3.6550000000000002 -0.08554943068
3.66 -0.08170167446
3.665 -0.07776462149
3.67 -0.07374015389
3.6750000000000003 -0.06963021200
3.68 -0.06543681795
3.685 -0.06116210316
3.69 -0.05680834046
3.6950000000000003 -0.05237798167
3.7 -0.04787370191
3.705 -0.04329845168
3.71 -0.03865551841
3.715 -0.03394859912
3.72 -0.02918188632
3.725 -0.02436016925
3.73 -0.01948895316
3.735 -0.01457459891
3.74 -0.009624485667
3.745 -0.004647198275
3.75 0.0003472594679
3.755 0.005347226998
3.7600000000000002 0.01033912892
3.765 0.01530720629
3.77 0.02023325394
3.775 0.02509639085
3.7800000000000002 0.02987290171
3.785 0.03453620147
3.79 0.03905698369
3.795 0.04340361664
3.8000000000000003 0.04754283815
3.805 0.05144076754
3.81 0.05506419764
3.815 0.05838206093
3.8200000000000003 0.06136690030
3.825 0.06399614204
3.83 0.06625298613
3.835 0.06812679823
3.84 0.06961298604
3.845 0.07071243787
3.85 0.07143066246
3.855 0.07177678673
3.86 0.07176254822
3.865 0.07140137908
3.87 0.07070763509
3.875 0.06969598745
3.88 0.06838097074
3.8850000000000002 0.06677666757
3.89 0.06489650535
3.895 0.06275314097
3.9 0.06035841281
3.9050000000000002 0.05772334317
3.91 0.05485817931
3.915 0.05177246528
3.92 0.04847514071
3.9250000000000003 0.04497466679
3.93 0.04127918335
3.935 0.03739670568
3.94 0.03333537527
3.9450000000000003 0.02910378577
3.95 0.02471141581
3.955 0.02016921373
3.96 0.01549039831
3.9650000000000003 0.01069156314
3.97 0.005794199879
3.975 0.0008267768946
3.98 -0.004172499638
3.985 -0.009152215968
3.99 -0.01404385184
3.995 -0.01875840570
4.0 -0.02318560491
4.005 -0.02719883792
4.01 -0.03066844700
4.015 -0.03348204919
4.0200000000000005 -0.03556429473
4.025 -0.03688625454
4.03 -0.03746079647
4.035 -0.03732905798
4.04 -0.03654593048
4.045 -0.03516931240
4.05 -0.03325395476
4.055 -0.03084879923
4.0600000000000005 -0.02799646129
4.065 -0.02473391235
4.07 -0.02109388575
4.075 -0.01710692607
4.08 -0.01280436331
4.085 -0.008222942314
4.09 -0.003412528696
4.095 0.001550649044
4.1 0.006541839164
4.105 0.01135562126
4.11 0.01567839766
4.115 0.01911817891
4.12 0.02134565491
4.125 0.02224945905
4.13 0.02192508991
4.135 0.02054957370
4.14 0.01829298657
4.1450000000000005 0.01529203007
4.15 0.01165339068
4.155 0.007467660185
4.16 0.002831941093
4.165 -0.002107521397
4.17 -0.007066439400
4.175 -0.01147601520
4.18 -0.01448738363
4.1850000000000005 -0.01555325810
4.19 -0.01483520694
4.195 -0.01274013559
4.2 -0.009589531691
4.205 -0.005605505935
4.21 -0.0009791053375
4.215 0.004007315743
4.22 0.008711834631
4.225 0.01186724432
4.23 0.01254811451
4.235 0.01114713184
4.24 0.008289986505
4.245 0.004374821301
4.25 -0.0003029659993
4.255 -0.005301076073
4.26 -0.009526502104
4.265 -0.01129117086
4.2700000000000005 -0.01043301512
4.275 -0.007799680840
4.28 -0.003952221170
4.285 0.0007363148634
4.29 0.005722975492
4.295 0.009637460801
4.3 0.01071823618
4.305 0.009251621918
4.3100000000000005 0.006145214417
4.315 0.001921483159
4.32 -0.002993139538
4.325 -0.007722684702
4.33 -0.01033812683
4.335 -0.009938326659
4.34 -0.007479346049
4.345 -0.003680939016
4.3500000000000005 0.001016238703
4.355 0.005987604344
4.36 0.009648024868
4.365 0.01026437297
4.37 0.008420760515
4.375 0.005023607213
4.38 0.0005772177475
4.385 -0.004414186554
4.39 -0.008741901538
4.3950000000000005 -0.01034574485
4.4 -0.009137171304
4.405 -0.006145115349
4.41 -0.001968850472
4.415 0.002936890891
4.42 0.007663291084
4.425 0.01020122914
4.43 0.009683329760
4.4350000000000005 0.007121777643
4.44 0.003236910062
4.445 -0.001519860291
4.45 -0.006452380880
4.455 -0.009817733940
4.46 -0.01006777064
4.465 -0.007979727158
4.47 -0.004412165449
4.4750000000000005 0.0001506301698
4.48 0.005150015952
4.485 0.009183695294
4.49 0.01027785091
4.495 0.008721555758
4.5 0.005502082325
4.505 0.001169042536
4.51 -0.003796347230
4.515 -0.008312351214
4.5200000000000005 -0.01029225338
4.525 -0.009339999499
4.53 -0.006505013927
4.535 -0.002432860165
4.54 0.002425305262
4.545 0.007243592020
4.55 0.01008547247
4.555 0.009822662431
4.5600000000000005 0.007416472768
4.565 0.003635206533
4.57 -0.001061349281
4.575 -0.006029241734
4.58 -0.009633439777
4.585 -0.01015118319
4.59 -0.008228333819
4.595 -0.004769346720
4.6000000000000005 -0.0002766609834
4.605 0.004721311646
4.61 0.008929103042
4.615 0.01030257008
4.62 0.008929004337
4.625 0.005826690495
4.63 0.001572615780
4.635 -0.003365893473
4.64 -0.007995188746
4.6450000000000005 -0.01025157592
4.65 -0.009505526315
4.655 -0.006799466075
4.66 -0.002814967341
4.665 0.001997895229
4.67 0.006877694037
4.675 0.009971319940
4.68 0.009942163049
4.6850000000000005 0.007680154700
4.69 0.003995750647
4.695 -0.0006414567877
4.7 -0.005630003399
4.705 -0.009440823343
4.71 -0.01021818912
4.715 -0.008458476764
4.72 -0.005106475827
4.7250000000000005 -0.0006844681130
4.73 0.004303378258
4.735 0.008661657808
4.74 0.01030956162
4.745 0.009121932321
4.75 0.006138121209
4.755 0.001964526233
4.76 -0.002941160819
4.765 -0.007665365109
4.7700000000000005 -0.01019030239
4.775 -0.009656900174
4.78 -0.007083125434
4.785 -0.003188473648
4.79 0.001574627746
4.795 0.006501812243
4.8 0.009833934716
4.805 0.01004610653
4.8100000000000005 0.007933262424
4.815 0.004348455574
4.82 -0.0002258159118
4.825 -0.005224428623
4.83 -0.009224656204
4.835 -0.01026747788
4.84 -0.008677297740
4.845 -0.005435527469
4.8500000000000005 -0.001087265023
4.855 0.003882668402
4.86 0.008373527957
4.865 0.01029635996
4.87 0.009302428796
4.875 0.006441035711
4.88 0.002350783788
4.885 -0.002516329610
4.89 -0.007319605420
4.8950000000000005 -0.01010618324
4.9 -0.009794251877
4.905 -0.007357606950
4.91 -0.003555738859
4.915 0.001153195752
4.92 0.006115087344
4.925 0.009672015198
4.93 0.01013389581
4.9350000000000005 0.008176133374
4.94 0.004694095462
4.945 0.0001863070019
4.95 -0.004812769234
4.955 -0.008984994067
4.96 -0.01029824254
4.965 -0.008884662892
4.97 -0.005756690935
4.9750000000000005 -0.001485225796
4.98 0.003459707990
4.985 0.008065787817
4.99 0.01026206271
4.995 0.009470118280
5.0 0.006735392532
5.005 0.002731387454
5.01 -0.002091867805
5.015 -0.006959349228
5.0200000000000005 -0.009998447185
5.025 -0.009916976991
5.03 -0.007622666538
5.035 -0.003916599866
5.04 0.0007340613013
5.045 0.005718984168
5.05 0.009485501701
5.055 0.01020480910
5.0600000000000005 0.008408410519
5.065 0.005032424097
5.07 0.0005944804577
5.075 -0.004396309905
5.08 -0.008722778330
5.085 -0.01030970902
5.09 -0.009080187695
5.095 -0.006069763707
5.1000000000000005 -0.001878069385
5.105 0.003035413469
5.11 0.007739961879
5.115 0.01020583438
5.12 0.009624498318
5.125 0.007020965985
5.13 0.003106127214
5.135 -0.001668407668
5.14 -0.006586207748
5.1450000000000005 -0.009866529173
5.15 -0.01002440758
5.155 -0.007877964087
5.16 -0.004270784982
5.165 0.0003177664574
5.17 0.005315005574
5.175 0.009274683564
5.18 0.01025811098
5.1850000000000005 0.008629710804
5.19 0.005363175340
5.195 0.0009982799271
5.2 -0.003976264479
5.205 -0.008439216805
5.21 -0.01030108128
5.215 -0.009263459845
5.22 -0.006374540808
5.2250000000000005 -0.002265541847
5.23 0.002610604518
5.235 0.007397648932
5.24 0.01012686766
5.245 0.009765008986
5.25 0.007297492448
5.255 0.003474774209
5.26 -0.001246546644
5.265 -0.006201778140
5.2700000000000005 -0.009710077903
5.275 -0.01011584374
5.28 -0.008123133220
5.285 -0.004618007688
5.29 -0.00009516789311
5.295 0.004904589910
5.3 0.009040168636
5.305 0.01029305349
5.3100000000000005 0.008839649689
5.315 0.005686104895
5.32 0.001397336700
5.325 -0.003553723627
5.33 -0.008135702813
5.335 -0.01027153881
5.34 -0.009434032717
5.345 -0.006670814348
5.3500000000000005 -0.002647416896
5.355 0.002186005782
5.36 0.007040471704
5.365 0.01002442849
5.37 0.009891036471
5.375 0.007564670997
5.38 0.003837078778
5.385 -0.0008268554419
5.39 -0.005807625189
5.3950000000000005 -0.009529009188
5.4 -0.01019056551
5.405 -0.008357794406
5.41 -0.004957982405
5.415 -0.0005042561498
5.42 0.004489087142
5.425 0.008782861903
5.43 0.01030887073
5.4350000000000005 0.009037836911
5.44 0.006000991094
5.445 0.001791339133
5.45 -0.003129650746
5.455 -0.007813754268
5.46 -0.01022024900
5.465 -0.009591412945
5.47 -0.006958358599
5.4750000000000005 -0.003023477171
5.48 0.001762270607
5.485 0.006670051148
5.49 0.009897916033
5.495 0.01000192097
5.5 0.007822166024
5.505 0.004192769994
5.51 -0.0004098844336
5.515 -0.005405267563
5.5200000000000005 -0.009323543641
5.525 -0.01024784005
5.53 -0.008581563980
5.535 -0.005290437281
5.54 -0.0009090602560
5.545 0.004069738934
5.55 0.008503922989
5.555 0.01030477267
5.5600000000000005 0.009223865489
5.565 0.006307626905
5.57 0.002180023862
5.575 -0.002704890405
5.58 -0.007474960607
5.585 -0.01014639555
5.59 -0.009735052893
5.595 -0.007236917566
5.6000000000000005 -0.003393497121
5.605 0.001340004636
5.61 0.006287990330
5.615 0.009746926948
5.62 0.01009696845
5.625 0.008069615478
5.63 0.004541562806
5.635 3.839092813e-6
5.64 -0.004996160511
5.6450000000000005 -0.009094219636
5.65 -0.01028692253
5.655 -0.008794057710
5.66 -0.005615122597
5.665 -0.001309198433
5.67 0.003647664304
5.675 0.008204709566
5.68 0.01027994369
5.6850000000000005 0.009397297562
5.69 0.006605806316
5.695 0.002563159954
5.7 -0.002280186490
5.705 -0.007120941964
5.71 -0.01004922329
5.715 -0.009864350217
5.72 -0.007506198595
5.7250000000000005 -0.003757232002
5.73 0.0009197836582
5.735 0.005895862341
5.74 0.009571313759
5.745 0.01017546261
5.75 0.008306641824
5.755 0.004883170231
5.76 0.0004138206002
5.765 -0.004581675457
5.7700000000000005 -0.008841879210
5.775 -0.01030705162
5.78 -0.008994887374
5.785 -0.005931812103
5.79 -0.001704346828
5.795 0.003223854560
5.8 0.007886716839
5.805 0.01023355201
5.8100000000000005 0.009557651012
5.815 0.006895308789
5.82 0.002940529691
5.825 -0.001856206024
5.83 -0.006753321324
5.835 -0.009928096291
5.84 -0.009978654384
5.845 -0.007765873226
5.8500000000000005 -0.004114415233
5.855 0.0005021624913
5.86 0.005495197436
5.865 0.009371227372
5.87 0.01023667314
5.875 0.008532861776
5.88 0.005217316435
5.885 0.0008196105336
5.89 -0.004163079603
5.8950000000000005 -0.008567630019
5.9 -0.01030744304
5.905 -0.009183650868
5.91 -0.006240296542
5.915 -0.002094232528
5.92 0.002799179371
5.925 0.007551522370
5.93 0.01016477440
5.9350000000000005 0.009704390544
5.94 0.007175885844
5.945 0.003311910552
5.95 -0.001433563429
5.955 -0.006373706827
5.96 -0.009782561954
5.965 -0.01007727788
5.97 -0.008015584366
5.9750000000000005 -0.004464763964
5.98 0.00008767419644
5.985 0.005087466627
5.99 0.009147135917
5.995 0.01027985812
6.0 0.008747891271
6.005 0.005543746398
6.01 0.001220814192
6.015000000000001 -0.003741519996
6.0200000000000005 -0.008272791029
6.025 -0.01028728648
6.03 -0.009359918432
6.035 -0.006540371014
6.04 -0.002478619013
6.045 0.002374403033
6.05 0.007200742318
6.055 0.01007283749
6.0600000000000005 0.009836925620
6.065 0.007447253144
6.07 0.003677062591
6.075 -0.001012840008
6.08 -0.005983679236
6.085 -0.009612411650
6.09 -0.01015950843
6.095 -0.008254956973
6.1000000000000005 -0.004807990471
6.105 -0.0003231783778
6.11 0.004674061767
6.115 0.008899816572
6.12 0.01030426044
6.125 0.008951343625
6.13 0.005862228953
6.135 0.001617095165
6.140000000000001 -0.003318016160
6.1450000000000005 -0.007958831994
6.15 -0.01024575222
6.155 -0.009523218744
6.16 -0.006831819502
6.165 -0.002857287301
6.17 0.001950207462
6.175 0.006836000849
6.18 0.009957073405
6.1850000000000005 0.009954615546
6.19 0.007709089747
6.195 0.004035723859
6.2 -0.0005945949741
6.205 -0.005584779586
6.21 -0.009417727514
6.215 -0.01022461843
6.22 -0.008483608393
6.2250000000000005 -0.005143815429
6.23 -0.0007299346826
6.235 0.004256274796
6.24 0.008630322311
6.245 0.01030910139
6.25 0.009142820924
6.255 0.006172551989
6.26 0.002008170262
6.265000000000001 -0.002893463677
6.2700000000000005 -0.007627316439
6.275 -0.01018201214
6.28 -0.009673028754
6.285 -0.007114400641
6.29 -0.003230017274
6.295 0.001527216833
6.3 0.006458910579
6.305 0.009816983355
6.3100000000000005 0.01005677993
6.315 0.007961044058
6.32 0.004387614282
6.325 -0.0001793667290
6.33 -0.005178493659
6.335 -0.009198907022
6.34 -0.01027186865
6.345 -0.008701154640
6.3500000000000005 -0.005471978671
6.355 -0.001132187272
6.36 0.003835280415
6.365 0.008339930372
6.37 0.01029357631
6.375 0.009321900804
6.38 0.006474510941
6.385 0.002393796429
6.390000000000001 -0.002468648405
6.3950000000000005 -0.007279855049
6.4 -0.01009527741
6.405 -0.009808769981
6.41 -0.007387838381
6.415 -0.003596573552
6.42 0.001106018508
6.425 0.006071059351
6.43 0.009652299882
6.4350000000000005 0.01014271103
6.44 0.008202744051
6.445 0.004732446069
6.45 0.0002323341831
6.455 -0.004766232699
6.46 -0.008956660829
6.465 -0.01030050586
6.47 -0.008907210141
6.4750000000000005 -0.005792243874
6.48 -0.001529586928
6.485 0.003412126541
6.49 0.008030082225
6.495 0.01025685854
6.5 0.009488122232
6.505 0.006767893593
6.51 0.002773752484
6.515000000000001 -0.002044268388
6.5200000000000005 -0.006918072231
6.525 -0.009984851435
6.53 -0.009929812102
6.535 -0.007651819595
6.54 -0.003956699019
6.545 0.0006871761544
6.55 0.005673998214
6.555 0.009463037583
6.5600000000000005 0.01021168410
6.565 0.008433808027
6.57 0.005069936949
6.575 0.0006400367705
6.58 -0.004349312507
6.585 -0.008691984648
6.59 -0.01030975671
6.595 -0.009101380499
6.6000000000000005 -0.006104395495
6.605 -0.001921839525
6.61 0.002987735382
6.615 0.007702325047
6.62 0.01019811692
6.625 0.009640974212
6.63 0.007052465230
6.635 0.003147820001
6.640000000000001 -0.001620958602
6.6450000000000005 -0.006543584441
6.65 -0.009850192294
6.655 -0.01003548247
6.66 -0.007905998710
6.665 -0.004310116906
6.67 0.0002712331525
6.675 0.005269226763
6.68 0.009249523169
6.6850000000000005 0.01026296247
6.69 0.008653852066
6.695 0.005399821842
6.7 0.001043321104
6.705 -0.003928934962
6.71 -0.008406110991
6.715 -0.01029882232
6.72 -0.009283250033
6.7250000000000005 -0.006408228534
6.73 -0.002308694557
6.735 0.002562915458
6.74 0.007358262413
6.745 0.01011654983
6.75 0.009779890504
6.755 0.007327957966
6.76 0.003515767846
6.765000000000001 -0.001199313123
6.7700000000000005 -0.006157986028
6.775 -0.009690976251
6.78 -0.01012507841
6.785 -0.008150007259
6.79 -0.004656540022
6.795 -0.0001412928508
6.8 0.004858174586
6.805 0.009012399366
6.8100000000000005 0.01029579652
6.815 0.008862491336
6.82 0.005721859119
6.825 0.001441825000
6.83 -0.003506176427
6.835 -0.008100450133
6.84 -0.01026687996
6.845 -0.009452367428
6.8500000000000005 -0.006703533831
6.855 -0.002689927682
6.86 0.002138382183
6.865 0.006999517915
6.87 0.01001143500
6.875 0.009904251639
6.88 0.007594066732
6.885 0.003877343841
6.890000000000001 -0.0007799002387
6.8950000000000005 -0.005762837342
6.9 -0.009507151866
6.905 -0.01019787826
6.91 -0.008383464875
6.915 -0.004995683741
6.92 -0.0005499210085
6.925 0.004442180421
6.93 0.008752602208
6.9350000000000005 0.01030941790
6.94 0.009059334336
6.945 0.006035829285
6.95 0.001835242828
6.955 -0.003081986333
6.96 -0.007776530459
6.965 -0.01021309713
6.97 -0.009608233479
6.9750000000000005 -0.006990082787
6.98 -0.003065321390
6.985 0.001714782441
6.99 0.006627711180
6.995 0.009882190610
7.0 0.01001339334
7.005 0.007850452456
7.01 0.004232274992
7.015000000000001 -0.0003632680239
7.0200000000000005 -0.005359650864
7.025 -0.009298975280
7.03 -0.01025314790
7.035 -0.008605987772
7.04 -0.005327278388
7.045 -0.0009542192488
7.05 0.004022472736
7.055 0.008471316536
7.0600000000000005 0.01030303364
7.065 0.009243971345
7.07 0.006341526169
7.075 0.002223315752
7.08 -0.002657196898
7.085 -0.007435946641
7.09 -0.01013666185
7.095 -0.009750294290
7.1000000000000005 -0.007267615480
7.105 -0.003434648378
7.11 0.001292717780
7.115 0.006244442492
7.12 0.009728439322
7.125 0.01010661853
7.13 0.008096750790
7.135 0.004580275367
7.140000000000001 0.00005005933679
7.1450000000000005 -0.004949873490
7.15 -0.009067020150
7.155 -0.01029014095
7.16 -0.008817191575
7.165 -0.005651076962
7.17 -0.001353812371
7.175 0.003600156264
7.18 0.008169918452
7.1850000000000005 0.01027582556
7.19 0.009415960146
7.195 0.006638742901
7.2 0.002605815300
7.205 -0.002232542134
7.21 -0.007080320297
7.215 -0.01003682927
7.22 -0.009877941671
7.2250000000000005 -0.007535835060
7.23 -0.003797661424
7.235 0.0008727613753
7.24 0.005851280822
7.245 0.009550065428
7.25 0.01018320901
7.255 0.008332583131
7.26 0.004921058611
7.265000000000001 0.0004595917496
7.2700000000000005 -0.004534865914
7.275 -0.008812160604
7.28 -0.01030809382
7.285 -0.009016687095
7.29 -0.005966855576
7.295 -0.001748382746
7.3 0.003176208150
7.305 0.007849914980
7.3100000000000005 0.01022696133
7.315 0.009574812984
7.32 0.006927256394
7.325 0.002982524044
7.33 -0.001808681999
7.335 -0.006711273484
7.34 -0.009912980810
7.345 -0.009990520325
7.3500000000000005 -0.007794409402
7.355 -0.004154091704
7.36 0.0004554658091
7.365 0.005449750669
7.37 0.009347254995
7.375 0.01024243317
7.38 0.008557565971
7.385 0.005254350844
7.390000000000001 0.0008648854131
7.3950000000000005 -0.004115882518
7.4 -0.008535530937
7.405 -0.01030621934
7.41 -0.009204069849
7.415 -0.006274406179
7.42 -0.002137662387
7.425 0.002751485260
7.43 0.007512889954
7.4350000000000005 0.01015562094
7.44 0.009719988328
7.445 0.007206814416
7.45 0.003353218006
7.455 -0.001386226355
7.46 -0.006330411849
7.465 -0.009764688417
7.47 -0.01008733937
7.4750000000000005 -0.008042978835
7.48 -0.004503655181
7.485 0.00004136128013
7.49 0.005041315198
7.495 0.009120511753
7.5 0.01028354765
7.505 0.008771315180
7.51 0.005579899717
7.515000000000001 0.001265552148
7.5200000000000005 -0.003694056211
7.525 -0.008238470069
7.53 -0.01028370445
7.535 -0.009378906065
7.54 -0.006573523409
7.545 -0.002521417719
7.55 0.002326741417
7.555 0.007160461720
7.5600000000000005 0.01006103989
7.565 0.009850889632
7.57 0.007477128420
7.575 0.003717654833
7.58 -0.0009657536561
7.585 -0.005939312352
7.59 -0.009591774115
7.595 -0.01016768443
7.6000000000000005 -0.008281166993
7.605 -0.004846064422
7.61 -0.0003690534895
7.615 0.004627356057
7.62 0.008870645913
7.625 0.01030579325
7.63 0.008973443353
7.635 0.005897476584
7.640000000000001 0.001661261933
7.6450000000000005 -0.003270392212
7.65 -0.007922460977
7.655 -0.01023971827
7.66 -0.009540719022
7.665 -0.006863989046
7.67 -0.002899430516
7.675 0.001902650852
7.68 0.006794253960
7.6850000000000005 0.009942566040
7.69 0.009966871157
7.695 0.007737873620
7.7 0.004075570205
7.705 -0.0005478208902
7.71 -0.005539510671
7.715 -0.009394354689
7.72 -0.01023082652
7.7250000000000005 -0.008508590867
7.73 -0.005181041803
7.735 -0.0007753234461
7.74 0.004209152778
7.745 0.008598738439
7.75 0.01030838847
7.755 0.009163550543
7.76 0.006206870854
7.765000000000001 0.002051736863
7.7700000000000005 -0.002845772902
7.775 -0.007589074567
7.78 -0.01017343489
7.785 -0.009688979493
7.79 -0.007145558183
7.795 -0.003271479528
7.8 0.001479832678
7.805000000000001 0.006415877100
7.8100000000000005 0.009799723597
7.815 0.01006724883
7.82 0.007988695573
7.825 0.004426682572
7.83 -0.0001329638080
7.835 -0.005132485239
7.84 -0.009172863387
7.845 -0.01027602506
7.8500000000000005 -0.008724866437
7.855 -0.005508329737
7.86 -0.001177047562
7.865 0.003787866127
7.87 0.008306088055
7.875 0.01029052576
7.88 0.009341210732
7.885 0.006507877889
7.890000000000001 0.002436737305
7.8950000000000005 -0.002420973091
7.9 -0.007239924488
7.905 -0.01008407297
7.91 -0.009823102869
7.915 -0.007417950587
7.92 -0.003637327099
7.925 0.001058871120
7.930000000000001 0.006026915477
7.9350000000000005 0.009632274553
7.94 0.01015131256
7.945 0.008229220660
7.95 0.004770704095
7.955 0.0002783108622
7.96 -0.004719637624
7.965 -0.008928044707
7.97 -0.01030252491
7.9750000000000005 -0.008929607619
7.98 -0.005827694533
7.985 -0.001573883124
7.99 0.003364529644
7.995 0.007994150896
8.0 0.01025137679
8.005 0.009505957752
8.01 0.006800283641
8.015 0.002816043310
8.02 -0.001996682509
8.025 -0.006876635149
8.03 -0.009970950060
8.035 -0.009942453521
8.040000000000001 -0.007680849144
8.045 -0.003996713649
8.05 0.0006403275751
8.055 0.005628915165
8.06 0.009440267496
8.065 0.01021833611
8.07 0.008459066657
8.075 0.005107353922
8.08 0.0006855373417
8.085 -0.004302271668
8.09 -0.008660923637
8.095 -0.01030955004
8.1 -0.009122418318
8.105 -0.006138922452
8.11 -0.001965541616
8.115 0.002940051987
8.120000000000001 0.007664482705
8.125 0.01019011172
8.13 0.009657274537
8.135 0.007083850098
8.14 0.003189435688
8.145 -0.001573530534
8.15 -0.006500821146
8.155 -0.009833545650
8.16 -0.01004635480
8.165000000000001 -0.007933905171
8.17 -0.004349360676
8.175 0.0002247429479
8.18 0.005223368891
8.185 0.009224064927
8.19 0.01026758154
8.195 0.008677849605
8.2 0.005436369421
8.205 0.001088301976
8.21 -0.003881575571
8.215 -0.008372755686
8.22 -0.01029629862
8.225 -0.009302879563
8.23 -0.006441808810
8.235 -0.002351776411
8.24 0.002515230080
8.245000000000001 0.007318690868
8.25 0.01010593508
8.255 0.009794588637
8.26 0.007358305260
8.265 0.003556681206
8.27 -0.001152107757
8.275 -0.006114073606
8.28 -0.009671564146
8.285 -0.01013410141
8.290000000000001 -0.008176748333
8.295 -0.004694980602
8.3 -0.0001873686361
8.305 0.004811697094
8.31 0.008984344092
8.315 0.01029829744
8.32 0.008885184338
8.325 0.005757511663
8.33 0.001486249154
8.335 -0.003458611307
8.34 -0.008064967276
8.345 -0.01026194585
8.35 -0.009470535197
8.355 -0.006736142994
8.36 -0.002732364888
8.365 0.002090770395
8.370000000000001 0.006958399528
8.375 0.009998137211
8.38 0.009917275037
8.385 0.007623339959
8.39 0.003917525176
8.395 -0.0007329801029
8.4 -0.005717948264
8.405 -0.009484987310
8.41 -0.01020497009
8.415000000000001 -0.008408997538
8.42 -0.005033289915
8.425 -0.0005955312386
8.43 0.004395227030
8.435 0.008722071503
8.44 0.01030971298
8.445 0.009080677968
8.45 0.006070563211
8.455 0.001879079131
8.46 -0.003034314469
8.465 -0.007739096612
8.47 -0.01020565971
8.475 -0.009624880088
8.48 -0.007021693385
8.485 -0.003107089174
8.49 0.001667313650
8.495000000000001 0.006585226795
8.5 0.009866156064
8.505 0.01002466515
8.51 0.007878611775
8.515 0.004271692644
8.52 -0.0003166932996
8.525 -0.005313951194
8.53 -0.009274106933
8.535 -0.01025822543
8.540000000000001 -0.008630268918
8.545 -0.005364021220
8.55 -0.0009993188839
8.555 0.003975173795
8.56 0.008438456480
8.565 0.01030103218
8.57 0.009263917848
8.575000000000001 0.006375318578
8.58 0.002266537391
8.585 -0.002609505165
8.59 -0.007396743102
8.595 -0.01012663315
8.6 -0.009765354090
8.605 -0.007298196061
8.61 -0.003475720088
8.615 0.001245457514
8.620000000000001 0.006200770023
8.625 0.009709641072
8.63 0.01011605899
8.635 0.008123754208
8.64 0.004618896959
8.645 0.00009623170621
8.65 -0.004903520665
8.655 -0.009039531736
8.66 -0.01029311944
8.665000000000001 -0.008840177900
8.67 -0.005686930238
8.675 -0.001398362956
8.68 0.003552627788
8.685 0.008134892783
8.69 0.01027143450
8.695 0.009434457240
8.700000000000001 0.006671569832
8.705 0.002648397673
8.71 -0.002184907844
8.715 -0.007039529515
8.72 -0.01002413239
8.725 -0.009891343258
8.73 -0.007565349999
8.735 -0.003838007901
8.74 0.0008257726489
8.745000000000001 0.005806593903
8.75 0.009528508801
8.755 0.01019073657
8.76 0.008358387705
8.765 0.004958852559
8.77 0.0005053094198
8.775 -0.004488006393
8.78 -0.008782167427
8.785 -0.01030888618
8.790000000000001 -0.009038334194
8.795 -0.006001795350
8.8 -0.001792351950
8.805 0.003128552086
8.81 0.007812898573
8.815 0.01022008734
8.82 0.009591802642
8.825000000000001 0.006959091176
8.83 0.003024442616
8.835 -0.001761175705
8.84 -0.006669076777
8.845 -0.009897557011
8.85 -0.01000218768
8.855 -0.007822819506
8.86 -0.004193681638
8.865 0.0004088093755
8.870000000000001 0.005404216963
8.875 0.009322980681
8.88 0.01024796500
8.885 0.008582128595
8.89 0.005291287640
8.895 0.0009101019187
8.9 -0.004068649741
8.905 -0.008503174221
8.91 -0.01030473553
8.915000000000001 -0.009224330756
8.92 -0.006308409547
8.925 -0.002181022609
8.93 0.002703790969
8.935 0.007474063415
8.94 0.01014617448
8.945 0.009735406273
8.950000000000001 0.007237626528
8.955 0.003394446626
8.96 -0.001338914293
8.965 -0.006286987892
8.97 -0.009746504272
8.975 -0.01009719325
8.98 -0.008070242478
8.985 -0.004542456224
8.99 -4.905089156e-6
8.995000000000001 0.004995094264
9.0 0.009093595902
9.005 0.01028699941
9.01 0.008794592646
9.015 0.005615952548
9.02 0.001310227577
9.025 -0.003646569395
9.03 -0.008203910224
9.035 -0.01027985182
9.040000000000001 -0.009397729627
9.045 -0.006606566798
9.05 -0.002564144058
9.055 0.002279088092
9.06 0.007120007480
9.065 0.01004894099
9.07 0.009864665656
9.075000000000001 0.007506883136
9.08 0.003758164906
9.085 -0.0009186993351
9.09 -0.005894835857
9.095 -0.009570827421
9.1 -0.01017564363
9.105 -0.008307241355
9.11 -0.004884044690
9.115 -0.0004148763082
9.120000000000001 0.004580596985
9.125 0.008841197246
9.13 0.01030707845
9.135 0.008995391612
9.14 0.005932621085
9.145 0.001705362686
9.15 -0.003222756339
9.155 -0.007885870920
9.16 -0.01023340327
9.165000000000001 -0.009558048561
9.17 -0.006896046508
9.175 -0.002941498589
9.18 0.001855110314
9.185 0.006752353737
9.19 0.009927751319
9.195 0.009978930145
9.200000000000001 0.007766532454
9.205 0.004115330821
9.21 -0.0005010855985
9.215 -0.005494150798
9.22 -0.009370678171
9.225 -0.01023680848
9.23 -0.008533432843
9.235 -0.005218171243
9.24 -0.0008206548570
9.245000000000001 0.004161992036
9.25 0.008566892991
9.255 0.01030741775
9.26 0.009184123339
9.265 0.006241084026
9.27 0.002095234449
9.275 -0.002798079943
9.28 -0.007550634024
9.285 -0.01016456669
9.290000000000001 -0.009704752121
9.295 -0.007176600113
9.3 -0.003312863650
9.305 0.001432471947
9.31 0.006372710266
9.315 0.009782153433
9.32 0.01007751214
9.325000000000001 0.008016217329
9.33 0.004465661490
9.335 -0.00008660607921
9.34 -0.005086403548
9.345 -0.009146525475
9.35 -0.01027994584
9.355 -0.008748432880
9.36 -0.005544580928
9.365 -0.001221846186
9.370000000000001 0.003740426137
9.375 0.008272002573
9.38 0.01028720694
9.385 0.009360357974
9.39 0.006541136464
9.395 0.002479606415
9.4 -0.002373304258
9.405 -0.007199815747
9.41 -0.01007256892
9.415000000000001 -0.009837249626
9.42 -0.007447943179
9.425 -0.003677999240
9.43 0.001011754226
9.435 0.005982657747
9.44 0.009611939400
9.445 0.01015969934
9.450000000000001 0.008255562686
9.455 0.004808869198
9.46 0.0003242364684
9.465 -0.004672985728
9.47 -0.008899147277
9.475 -0.01030429855
9.48 -0.008951854766
9.485 -0.005863042635
9.49 -0.001618114032
9.495000000000001 0.003316918483
9.5 0.007957996058
9.505 0.01024561629
9.51 0.009523624075
9.515 0.006832562328
9.52 0.002858259624
9.525 -0.001949111019
9.53 -0.006835040250
9.535 -0.009956742440
9.540000000000001 -0.009954900267
9.545 -0.007709754672
9.55 -0.004036643353
9.555 0.0005935163136
9.56 0.005583737093
9.565 0.009417192153
9.57 0.01022476408
9.575000000000001 0.008484185863
9.58 0.005144674655
9.585 0.0007309816200
9.59 -0.004255188993
9.595 -0.008629597204
9.6 -0.01030908785
9.605 -0.009143300542
9.61 -0.006173344291
9.615 -0.002009175328
9.620000000000001 0.002892364348
9.625 0.007626437147
9.63 0.01018181768
9.635 0.009673398447
9.64 0.007115120179
9.645 0.003230973933
9.65 -0.001526124282
9.655 -0.006457920096
9.66 -0.009816588979
9.665000000000001 -0.01005702356
9.67 -0.007961682934
9.675 -0.004388515881
9.68 0.0001782965519
9.685 0.005177433919
9.69 0.009198309991
9.695 0.01027196710
9.700000000000001 0.008701702874
9.705 0.005472817752
9.71 0.001133222076
9.715 -0.003834187728
9.72 -0.008339152998
9.725 -0.01029350900
9.73 -0.009322347761
9.735 -0.006475281329
9.74 -0.002394787101
9.745000000000001 0.002467549335
9.75 0.007278936599
9.755 0.01009502250
9.76 0.009809102469
9.765 0.007388533866
9.77 0.003597513911
9.775 -0.001104931336
9.78 -0.006070043051
9.785 -0.009651841751
9.790000000000001 -0.01014291172
9.795 -0.008203355897
9.8 -0.004733329030
9.805 -0.0002333946006
9.81 0.004765159249
9.815 0.008956004355
9.82 0.01030055516
9.825000000000001 0.008907728132
9.83 0.005793062230
9.835 0.001530608769
9.84 -0.003411029515
9.845 -0.008029256476
9.85 -0.01025673530
9.855 -0.009488535273
9.86 -0.006768641494
9.865 -0.002774728202
9.870000000000001 0.002043171291
9.875 0.006917118824
9.88 0.009984534427
9.885 0.009930105694
9.89 0.007652490172
9.895 0.003957622383
9.9 -0.0006860957945
9.905 -0.005672960053
9.91 -0.009462516133
9.915000000000001 -0.01021183995
9.92 -0.008434391851
9.925 -0.005070800560
9.93 -0.0006410862713
9.935 0.004348228613
9.94 0.008691271638
9.945 0.01030975481
9.950000000000001 0.009101867206
9.955 0.006105192585
9.96 0.001922847705
9.965 -0.002986636249
9.97 -0.007701455018
9.975 -0.01019793563
9.98 -0.009641351944
9.985 -0.007053189998
9.99 -0.003148780187
9.995000000000001 0.001619865059
10.0 0.006542600237
10.005 0.009849812048
10.01 0.01003573538
10.015 0.007906643450
10.02 0.004311022540
10.025 -0.0002701609815
10.03 -0.005268170539
10.035 -0.009248939660
10.040000000000001 -0.01026307157
10.045 -0.008654406873
10.05 -0.005400665445
10.055 -0.001044358675
10.06 0.003927843574
10.065 0.008405344893
10.07 0.01029876713
10.075000000000001 0.009283704341
10.08 0.006409003831
10.085 0.002309688470
10.09 -0.002561816179
10.095 -0.007357352292
10.1 -0.01011630848
10.105 -0.009780231391
10.11 -0.007328658859
10.115 -0.003516711878
10.120000000000001 0.001198224635
10.125 0.006156975114
10.13 0.009690532262
10.135 0.01012528879
10.14 0.008150625189
10.145 0.004657427182
10.15 0.0001423555373
10.155 -0.004857103889
10.16 -0.009011755856
10.165000000000001 -0.01029585690
10.17 -0.008863016126
10.175 -0.005722682121
10.18 -0.001442849781
10.185 0.003505080162
10.19 0.008099634772
10.195 0.01026676933
10.200000000000001 0.009452788111
10.205 0.006704286775
10.21 0.002690906766
10.215 -0.002137284509
10.22 -0.006998571906
10.225 -0.01001113189
10.23 -0.009904554016
10.235 -0.007594742915
10.24 -0.003878271038
10.245000000000001 0.0007788182467
10.25 0.005761803699
10.255 0.009506644390
10.26 0.01019804423
10.265 0.008384055003
10.27 0.004996551705
10.275 0.0005509730242
10.28 -0.004441098579
10.285 -0.008751901465
10.290000000000001 -0.01030942755
10.295 -0.009059828080
10.3 -0.006036631140
10.305 -0.001836254094
10.31 0.003080887490
10.315 0.007775669897
10.32 0.01021292890
10.325000000000001 0.009608619175
10.33 0.006990812749
10.335 0.003066285075
10.34 -0.001713687979
10.345 -0.006626733456
10.35 -0.009881824467
10.355 -0.01001365544
10.36 -0.007851103013
10.365 -0.004233184625
10.370000000000001 0.0003621939202
10.375 0.005358598331
10.38 0.009298405394
10.385 0.01025326754
10.39 0.008606549105
10.395 0.005328126485
10.4 0.0009552595474
10.405 -0.004021382773
10.41 -0.008470561900
10.415000000000001 -0.01030299046
10.42 -0.009244432945
10.425 -0.006342306350
10.43 -0.002224312881
10.435 0.002656097493
10.44 0.007435045054
10.445 0.01013643399
10.450000000000001 0.009750643494
10.455 0.007268321741
10.46 0.003435596053
10.465 -0.001291628043
10.47 -0.006243437157
10.475 -0.009728009486
10.48 -0.01010683852
10.485 -0.008097374755
10.49 -0.004581166691
10.495000000000001 -0.00005112423548
10.5 0.004948805707
10.505 0.009066389739
10.51 0.01029021231
10.515 0.008817723115
10.52 0.005651904585
10.525 0.001354840058
10.53 -0.003599060872
10.535 -0.008169113679
10.540000000000001 -0.01027572742
10.545 -0.009416388404
10.55 -0.006639500857
10.555 -0.002606797724
10.56 0.002231443960
10.565 0.007079381890
10.57 0.01003654000
10.575000000000001 0.009878252744
10.58 0.007536516804
10.585 0.003798592419
10.59 -0.0008716778189
10.595 -0.005850251886
10.6 -0.009549571978
10.605 -0.01018338500
10.61 -0.008333179515
10.615 -0.004921930895
10.620000000000001 -0.0004606462297
10.625 0.004533786272
10.63 0.008811472292
10.635 0.01030811491
10.64 0.009017187821
10.645 0.005967662170
10.65 0.001749397069
10.655 -0.003175109696
10.66 -0.007849064092
10.665000000000001 -0.01022680607
10.67 -0.009575206569
10.675 -0.006927991516
10.68 -0.002983491198
10.685 0.001807586690
10.69 0.006710302441
10.695 0.009912628737
10.700000000000001 0.009990791518
10.705 0.007795065727
10.71 0.004155005299
10.715 -0.0004543898381
10.72 -0.005448702006
10.725 -0.009346698824
10.73 -0.01024256327
10.735 -0.008558133780
10.74 -0.005255203405
10.745000000000001 -0.0008659283947
10.75 0.004114794114
10.755 0.008534787949
10.76 0.01030618806
10.765 0.009204538682
10.77 0.006275191216
10.775 0.002138662704
10.78 -0.002750385819
10.785 -0.007511997109
10.790000000000001 -0.01015540649
10.795 -0.009720345768
10.8 -0.007207526004
10.805 -0.003354169290
10.81 0.001385135441
10.815 0.006329412292
10.82 0.009764272737
10.825000000000001 0.01008756886
10.83 0.008043608787
10.835 0.004504550632
10.84 -0.00004029422934
10.845 -0.005040250497
10.85 -0.009119894573
10.855 -0.01028362990
10.86 -0.008771853419
10.865 -0.005580731933
10.870000000000001 -0.001266582703
10.875 0.003692961807
10.88 0.008237676083
10.885 0.01028361869
10.89 0.009379341833
10.895 0.006574286347
10.9 0.002522403455
10.905 -0.002325642825
10.91 -0.007159531123
10.915000000000001 -0.01006076438
10.92 -0.009851209315
10.925 -0.007477815680
10.93 -0.003718589591
10.935 0.0009646686051
10.94 0.005938288314
10.945 0.009591294736
10.950000000000001 0.01016787035
10.955 0.008281769584
10.96 0.004846940992
10.965 0.0003701103794
10.97 -0.004626278770
10.975 -0.008869970192
10.98 -0.01030582567
10.985 -0.008973951008
10.99 -0.005898287890
10.995000000000001 -0.001662279279
11.0 0.003269294249
11.005 0.007921619968
11.01 0.01023957587
11.015 0.009541120425
11.02 0.006864729292
11.025 0.002900401109
11.03 -0.001901554773
11.035 -0.006793289802
11.040000000000001 -0.009942227997
11.045 -0.009967151356
11.05 -0.007738535668
11.055 -0.004076487726
11.06 0.0005467431172
11.065 0.005538466060
11.07 0.009393812319
11.075000000000001 0.01023096696
11.08 0.008509165104
11.085 0.005181898797
11.09 0.0007763690654
11.095 -0.004208066067
11.1 -0.008598007282
11.105 -0.01030836900
11.11 -0.009164026552
11.115 -0.006207660721
11.120000000000001 -0.002052740340
11.125 0.002844673514
11.13 0.007588190671
11.135 0.01017323374
11.14 0.009689345090
11.145 0.007146275060
11.15 0.003272434389
11.155 -0.001478740660
11.16 -0.006414883519
11.165000000000001 -0.009799322069
11.17 -0.01006748773
11.175 -0.007989331463
11.18 -0.004427582115
11.185 0.0001318946661
11.19 0.005131423790
11.195 0.009172259559
11.200000000000001 0.01027611809
11.205 0.008725411326
11.21 0.005509166519
11.215 0.001178080949
11.22 -0.003786772832
11.225 -0.008305305051
11.23 -0.01029045228
11.235 -0.009341653946
11.24 -0.006508645782
11.245000000000001 -0.002437726326
11.25 0.002419874160
11.255 0.007239001905
11.26 0.01008381116
11.265 0.009823431078
11.27 0.007418643320
11.275 0.003638265585
11.28 -0.001057784642
11.285 -0.006025896528
11.290000000000001 -0.009631809278
11.295 -0.01015150831
11.3 -0.008229829410
11.305 -0.004771584919
11.31 -0.0002793701094
11.315 0.004718562845
11.32 0.008927381730
11.325000000000001 0.01030256856
11.33 0.008930122152
11.335 0.005828510527
11.34 0.001574903465
11.345 -0.003363432276
11.35 -0.007993319968
11.355 -0.01025124714
11.36 -0.009506366902
11.365 -0.006801028980
11.370000000000001 -0.002817017314
11.375 0.001995585734
11.38 0.006875678079
11.385 0.009970625999
11.39 0.009942742637
11.395 0.007681516868
11.4 0.003997635061
11.405 -0.0006392480661
11.41 -0.005627874789
11.415000000000001 -0.009439739001
11.42 -0.01021848681
11.425 -0.008459647273
11.43 -0.005108215319
11.435 -0.0006865855524
11.44 0.004301186790
11.445 0.008660204486
11.450000000000001 0.01030954226
11.455 0.009122901447
11.46 0.006139717125
11.465 0.001966548225
11.47 -0.002938952742
11.475 -0.007663607963
11.48 -0.01018992378
11.485 -0.009657648213
11.49 -0.007084572225
11.495000000000001 -0.003190394095
11.5 0.001572437483
11.505 0.006499833739
11.51 0.009833158259
11.515 0.01004660304
11.52 0.007934546951
11.525 0.004350264274
11.53 -0.0002236717765
11.535 -0.005222310866
11.540000000000001 -0.009223474564
11.545 -0.01026768527
11.55 -0.008678401093
11.555 -0.005437210741
11.56 -0.001089338153
11.565 0.003880483508
11.57 0.008371983860
11.575000000000001 0.01029623732
11.58 0.009303330160
11.585 0.006442581628
11.59 0.002352768689
11.595 -0.002514130895
11.6 -0.007317776507
11.605 -0.01010568688
11.61 -0.009794925287
11.615 -0.007359003423
11.620000000000001 -0.003557623385
11.625 0.001151019925
11.63 0.006113059942
11.635 0.009671113001
11.64 0.01013430690
11.645 0.008177363192
11.65 0.004695865643
11.655 0.0001884301832
11.66 -0.004810624983
11.665000000000001 -0.008983694006
11.67 -0.01029835223
11.675 -0.008885705697
11.68 -0.005758332319
11.685 -0.001487272453
11.69 0.003457514641
11.695 0.008064146634
11.700000000000001 0.01026182886
11.705 0.009470952023
11.71 0.006736893393
11.715 0.002733342274
11.72 -0.002089673001
11.725 -0.006957449750
11.73 -0.009997827078
11.735 -0.009917572982
11.74 -0.007624013312
11.745000000000001 -0.003918450440
11.75 0.0007318989261
11.755 0.005716912311
11.76 0.009484472757
11.765 0.01020513095
11.77 0.008409584483
11.775 0.005034155681
11.78 0.0005965819900
11.785 -0.004394144130
11.790000000000001 -0.008721364533
11.795 -0.01030971680
11.8 -0.009081168160
11.805 -0.006071362660
11.81 -0.001880088841
11.815 0.003033215466
11.82 0.007738231235
11.825000000000001 0.01020548489
11.83 0.009625261766
11.835 0.007022420725
11.84 0.003108051094
11.845 -0.001666219642
11.85 -0.006584245767
11.855 -0.009865782790
11.86 -0.01002492261
11.865 -0.007879259396
11.870000000000001 -0.004272600261
11.875 0.0003156201637
11.88 0.005312896769
11.885 0.009273530143
11.89 0.01025833975
11.895 0.008630826957
11.9 0.005364867049
11.905 0.001000357810
11.91 -0.003974083092
11.915000000000001 -0.008437696021
11.92 -0.01030098294
11.925 -0.009264375768
11.93 -0.006376096294
11.935 -0.002267532899
11.94 0.002608405811
11.945 0.007395837170
11.950000000000001 0.01012639848
11.955 0.009765699098
11.96 0.007298899613
11.965 0.003476665925
11.97 -0.001244368398
11.975 -0.006199761839
11.98 -0.009709204075
11.985 -0.01011627413
11.99 -0.008124375127
11.995000000000001 -0.004619786182
12.0 -0.00009729549458
12.005 0.004902451386
12.01 0.009038894682
12.015 0.01029318526
12.02 0.008840706033
12.025 0.005687755527
12.030000000000001 0.001399389179
12.035 -0.003551531938
12.040000000000001 -0.008134082629
12.045 -0.01027133005
12.05 -0.009434881675
12.055 -0.006672325258
12.06 -0.002649378413
12.065 0.002183809911
12.07 0.007038587235
12.075000000000001 0.01002383612
12.08 0.009891649943
12.085 0.007566028937
12.09 0.003838936982
12.095 -0.0008246898724
12.1 -0.005805562559
12.105 -0.009528008249
12.11 -0.01019090750
12.115 -0.008358980933
12.120000000000001 -0.004959722665
12.125 -0.0005063626633
12.13 0.004486925617
12.135 0.008781472804
12.14 0.01030890149
12.145 0.009038831396
12.15 0.006002599553
12.155000000000001 0.001793364734
12.16 -0.003127453418
12.165000000000001 -0.007812042762
12.17 -0.01021992553
12.175 -0.009592192247
12.18 -0.006959823695
12.185 -0.003025408022
12.19 0.001760080811
12.195 0.006668102325
12.200000000000001 0.009897197825
12.205 0.01000245428
12.21 0.007823472922
12.215 0.004194593237
12.22 -0.0004077343368
12.225 -0.005403166316
12.23 -0.009322417559
12.235 -0.01024808982
12.24 -0.008582693137
12.245000000000001 -0.005292137949
12.25 -0.0009111435522
12.255 0.004067560527
12.26 0.008502425316
12.265 0.01030469825
12.27 0.009224795939
12.275 0.006309192133
12.280000000000001 0.002182021320
12.285 -0.002702691532
12.290000000000001 -0.007473166119
12.295 -0.01014595326
12.3 -0.009735759558
12.305 -0.007238335428
12.31 -0.003395396091
12.315 0.001337823962
12.32 0.006285985384
12.325000000000001 0.009746081430
12.33 0.01009741795
12.335 0.008070869409
12.34 0.004543349595
12.345 5.971061682e-6
12.35 -0.004994027980
12.355 -0.009092972012
12.36 -0.01028707617
12.365 -0.008795127504
12.370000000000001 -0.005616782446
12.375 -0.001311256689
12.38 0.003645474474
12.385 0.008203110756
12.39 0.01027975981
12.395 0.009398161605
12.4 0.006607327222
12.405000000000001 0.002565128124
12.41 -0.002277989699
12.415000000000001 -0.007119072906
12.42 -0.01004865853
12.425 -0.009864980995
12.43 -0.007507567612
12.435 -0.003759097767
12.44 0.0009176150289
12.445 0.005893809315
12.450000000000001 0.009570340918
12.455 0.01017582454
12.46 0.008307840814
12.465 0.004884919098
12.47 0.0004159319885
12.475 -0.004579518485
12.48 -0.008840515134
12.485 -0.01030710515
12.49 -0.008995895770
12.495000000000001 -0.005933430014
12.5 -0.001706378510
12.505 0.003221658111
12.51 0.007885024886
12.515 0.01023325437
12.52 0.009558446020
12.525 0.006896784168
12.530000000000001 0.002942467449
12.535 -0.001854014611
12.540000000000001 -0.006751386067
12.545 -0.009927406184
12.55 -0.009979205801
12.555 -0.007767191615
12.56 -0.004116246364
12.565 0.0005000087247
12.57 0.005493104111
12.575000000000001 0.009370128808
12.58 0.01023694370
12.585 0.008534003837
12.59 0.005219026002
12.595 0.0008216991516
12.6 -0.004160904447
12.605 -0.008566155824
12.61 -0.01030739232
12.615 -0.009184595726
12.620000000000001 -0.006241871456
12.625 -0.002096236334
12.63 0.002796980512
12.635 0.007549745572
12.64 0.01016435882
12.645 0.009705113603
12.65 0.007177314321
12.655000000000001 0.003313816709
12.66 -0.001431380474
12.665000000000001 -0.006371713634
12.67 -0.009781744746
12.675 -0.01007774630
12.68 -0.008016850223
12.685 -0.004466558972
12.69 0.00008553798375
12.695 0.005085340429
12.700000000000001 0.009145914877
12.705 0.01028003343
12.71 0.008748974413
12.715 0.005545415406
12.72 0.001222878148
12.725 -0.003739332263
12.73 -0.008271213988
12.735 -0.01028712727
12.74 -0.009360797430
12.745000000000001 -0.006541901856
12.75 -0.002480593780
12.755 0.002372205485
12.76 0.007198889082
12.765 0.01007230019
12.77 0.009837573533
12.775 0.007448633150
12.780000000000001 0.003678935847
12.785 -0.001010668458
12.790000000000001 -0.005981636197
12.795 -0.009611466986
12.8 -0.01015989013
12.805 -0.008256168328
12.81 -0.004809747877
12.815 -0.0003252945332
12.82 0.004671909658
12.825000000000001 0.008898477833
12.83 0.01030433654
12.835 0.008952365828
12.84 0.005863856264
12.845 0.001619132865
12.85 -0.003315820797
12.855 -0.007957160003
12.86 -0.01024548020
12.865 -0.009524029316
12.870000000000001 -0.006833305098
12.875 -0.002859231910
12.88 0.001948014583
12.885 0.006834079565
12.89 0.009956411312
12.895 0.009955184885
12.9 0.007710419534
12.905000000000001 0.004037562805
12.91 -0.0005924376704
12.915000000000001 -0.005582694548
12.92 -0.009416656628
12.925 -0.01022490961
12.93 -0.008484763261
12.935 -0.005145533832
12.94 -0.0007320285294
12.945 0.004254103167
12.950000000000001 0.008628871955
12.955 0.01030907417
12.96 0.009143780077
12.965 0.006174136538
12.97 0.002010180360
12.975 -0.002891265015
12.98 -0.007625557746
12.985 -0.01018162308
12.99 -0.009673768048
12.995000000000001 -0.007115839658
13.0 -0.003231930553
13.005 0.001525031741
13.01 0.006456929538
13.015 0.009816194438
13.02 0.01005726709
13.025 0.007962321743
13.030000000000001 0.004389417437
13.035 -0.0001772263953
13.040000000000001 -0.005176374136
13.045 -0.009197712801
13.05 -0.01027206544
13.055 -0.008702251032
13.06 -0.005473656784
13.065 -0.001134256851
13.07 0.003833095022
13.075000000000001 0.008338375491
13.08 0.01029344155
13.085 0.009322794632
13.09 0.006476051662
13.095 0.002395777739
13.1 -0.002466450264
13.105 -0.007278018051
13.11 -0.01009476742
13.115 -0.009809434860
13.120000000000001 -0.007389229290
13.125 -0.003598454229
13.13 0.001103844176
13.135 0.006069026686
13.14 0.009651383455
13.145 0.01014311230
13.15 0.008203967674
13.155000000000001 0.004734211945
13.16 0.0002344549947
13.165000000000001 -0.004764085766
13.17 -0.008955347727
13.175 -0.01030060433
13.18 -0.008908246046
13.185 -0.005793880533
13.19 -0.001531630579
13.195 0.003409932477
13.200000000000001 0.008028430603
13.205 0.01025661192
13.21 0.009488948226
13.215 0.006769389339
13.22 0.002775703884
13.225 -0.002042074197
13.23 -0.006916165329
13.235 -0.009984217255
13.24 -0.009930399185
13.245000000000001 -0.007653160686
13.25 -0.003958545705
13.255 0.0006850154500
13.26 0.005671921836
13.265 0.009461994519
13.27 0.01021199569
13.275 0.008434975603
13.280000000000001 0.005071664123
13.285 0.0006421357472
13.290000000000001 -0.004347144691
13.295 -0.008690558482
13.3 -0.01030975278
13.305 -0.009102353834
13.31 -0.006105989624
13.315 -0.001923855854
13.32 0.002985537107
13.325000000000001 0.007700584875
13.33 0.01019775419
13.335 0.009641729585
13.34 0.007053914708
13.345 0.003149740337
13.35 -0.001618771522
13.355 -0.006541615954
13.36 -0.009849431635
13.365 -0.01003598819
13.370000000000001 -0.007907288124
13.375 -0.004311928132
13.38 0.0002690888275
13.385 0.005267114267
13.39 0.009248355990
13.395 0.01026318055
13.4 0.008654961606
13.405000000000001 0.005401509000
13.41 0.001045396219
13.415000000000001 -0.003926752164
13.42 -0.008404578658
13.425 -0.01029871180
13.43 -0.009284158566
13.435 -0.006409779075
13.44 -0.002310682351
13.445 0.002560716897
13.450000000000001 0.007356442068
13.455 0.01011606698
13.46 0.009780572182
13.465 0.007329359693
13.47 0.003517655872
13.475 -0.001197136155
13.48 -0.006155964131
13.485 -0.009690088106
13.49 -0.01012549906
13.495000000000001 -0.008151243050
13.5 -0.004658314297
13.505 -0.0001434182025
13.51 0.004856033153
13.515 0.009011112191
13.52 0.01029591715
13.525 0.008863540840
13.530000000000001 0.005723505072
13.535 0.001443874532
13.540000000000001 -0.003503983882
13.545 -0.008098819286
13.55 -0.01026665854
13.555 -0.009453208707
13.56 -0.006705039663
13.565 -0.002691885815
13.57 0.002136186836
13.575000000000001 0.006997625806
13.58 0.01001082862
13.585 0.009904856291
13.59 0.007595419035
13.595 0.003879198194
13.6 -0.0007777362690
13.605 -0.005760769998
13.61 -0.009506136749
13.615 -0.01019821008
13.620000000000001 -0.008384645060
13.625 -0.004997419621
13.63 -0.0005520250153
13.635 0.004440016708
13.64 0.008751200574
13.645 0.01030943706
13.65 0.009060321743
13.655000000000001 0.006037432943
13.66 0.001837265329
13.665000000000001 -0.003079788638
13.67 -0.007774809220
13.675 -0.01021276052
13.68 -0.009609004780
13.685 -0.006991542653
13.69 -0.003067248723
13.695 0.001712593522
13.700000000000001 0.006625755651
13.705 0.009881458159
13.71 0.01001391743
13.715 0.007851753504
13.72 0.004234094215
13.725 -0.0003611198348
13.73 -0.005357545750
13.735 -0.009297835346
13.74 -0.01025338706
13.745000000000001 -0.008607110364
13.75 -0.005328974533
13.755 -0.0009562998179
13.76 0.004020292788
13.765 0.008469807127
13.77 0.01030294714
13.775 0.009244894462
13.780000000000001 0.006343086477
13.785 0.002225309977
13.790000000000001 -0.002654998086
13.795 -0.007434143364
13.8 -0.01013620598
13.805 -0.009750992603
13.81 -0.007269027942
13.815 -0.003436543689
13.82 0.001290538316
13.825000000000001 0.006242431753
13.83 0.009727579483
13.835 0.01010705839
13.84 0.008097998653
13.845 0.004582057969
13.85 0.00005218911258
13.855 -0.004947737885
13.86 -0.009065759174
13.865 -0.01029028355
13.870000000000001 -0.008818254578
13.875 -0.005652732156
13.88 -0.001355867714
13.885 0.003597965465
13.89 0.008168308779
13.895 0.01027562913
13.9 0.009416816575
13.905000000000001 0.006640258757
13.91 0.002607780111
13.915000000000001 -0.002230345789
13.92 -0.007078443392
13.925 -0.01003625056
13.93 -0.009878563716
13.935 -0.007537198484
13.94 -0.003799523372
13.945 0.0008705942776
13.950000000000001 0.005849222892
13.955 0.009549078364
13.96 0.01018356088
13.965 0.008333775828
13.97 0.004922803131
13.975 0.0004617006834
13.98 -0.004532706603
13.985 -0.008810783832
13.99 -0.01030813586
13.995000000000001 -0.009017688466
14.0 -0.005968468711
14.005 -0.001750411358
14.01 0.003174011234
14.015 0.007848213087
14.02 0.01022665066
14.025 0.009575600065
14.030000000000001 0.006928726579
14.035 0.002984458314
14.040000000000001 -0.001806491387
14.045 -0.006709331316
14.05 -0.009912276499
14.055 -0.009991062607
14.06 -0.007795721988
14.065 -0.004155918851
14.07 0.0004533138852
14.075000000000001 0.005447653294
14.08 0.009346142491
14.085 0.01024269324
14.09 0.008558701516
14.095 0.005256055915
14.1 0.0008669713477
14.105 -0.004113705687
14.11 -0.008534044823
14.115 -0.01030615665
14.120000000000001 -0.009205007432
14.125 -0.006275976199
14.13 -0.002139662987
14.135 0.002749286374
14.14 0.007511104159
14.145 0.01015519188
14.15 0.009720703114
14.155000000000001 0.007208237532
14.16 0.003355120533
14.165000000000001 -0.001384044538
14.17 -0.006328412664
14.175 -0.009763856891
14.18 -0.01008779824
14.185 -0.008044238670
14.19 -0.004505446038
14.195 0.00003922720100
14.200000000000001 0.005039185756
14.205 0.009119277237
14.21 0.01028371203
14.215 0.008772391581
14.22 0.005581564098
14.225 0.001267613228
14.23 -0.003691867389
14.235 -0.008236881969
14.24 -0.01028353279
14.245000000000001 -0.009379777514
14.25 -0.006575049230
14.255 -0.002523389155
14.26 0.002324544233
14.265 0.007158600431
14.27 0.01006048871
14.275 0.009851528899
14.280000000000001 0.007478502878
14.285 0.003719524307
14.290000000000001 -0.0009635835675
14.295 -0.005937264215
14.3 -0.009590815190
14.305 -0.01016805615
14.31 -0.008282372105
14.315 -0.004847817516
14.32 -0.0003711672454
14.325000000000001 0.004625201451
14.33 0.008869294321
14.335 0.01030585796
14.34 0.008974458584
14.345 0.005899099145
14.35 0.001663296595
14.355 -0.003268196275
14.36 -0.007920778840
14.365 -0.01023943331
14.370000000000001 -0.009541521738
14.375 -0.006865469481
14.38 -0.002901371665
14.385 0.001900458697
14.39 0.006792325559
14.395 0.009941889789
14.4 0.009967431452
14.405000000000001 0.007739197652
14.41 0.004077405205
14.415000000000001 -0.0005456653608
14.42 -0.005537421396
14.425 -0.009393269786
14.43 -0.01023110729
14.435 -0.008509739268
14.44 -0.005182755743
14.445 -0.0007774146579
14.450000000000001 0.004206979332
14.455 0.008597275982
14.46 0.01030834939
14.465 0.009164502479
14.47 0.006208450535
14.475 0.002053743784
14.48 -0.002843574119
14.485 -0.007587306666
14.49 -0.01017303244
14.495000000000001 -0.009689710593
14.5 -0.007146991877
14.505 -0.003273389211
14.51 0.001477648651
14.515 0.006413889863
14.52 0.009798920374
14.525 0.01006772653
14.530000000000001 0.007989967286
14.535 0.004428481614
14.540000000000001 -0.0001308255446
14.545 -0.005130362298
14.55 -0.009171655573
14.555 -0.01027621101
14.56 -0.008725956139
14.565 -0.005510003251
14.57 -0.001179114306
14.575000000000001 0.003785679520
14.58 0.008304521917
14.585 0.01029037866
14.59 0.009342097074
14.595 0.006509413619
14.6 0.002438715312
14.605 -0.002418775230
14.61 -0.007238079225
14.615 -0.01008354919
14.620000000000001 -0.009823759188
14.625 -0.007419335992
14.63 -0.003639204030
14.635 0.001056698178
14.64 0.006024877517
14.645 0.009631343837
14.65 0.01015170395
14.655000000000001 0.008230438090
14.66 0.004772465696
14.665000000000001 0.0002804293327
14.67 -0.004717488032
14.675 -0.008926718601
14.68 -0.01030261209
14.685 -0.008930636606
14.69 -0.005829326470
14.695 -0.001575923773
14.700000000000001 0.003362334896
14.705 0.007992488919
14.71 0.01025111735
14.715 0.009506775962
14.72 0.006801774261
14.725 0.002817991281
14.73 -0.001994488962
14.735 -0.006874720921
14.74 -0.009970301774
14.745000000000001 -0.009943031651
14.75 -0.007682184528
14.755 -0.003998556429
14.76 0.0006381685744
14.765 0.005626834361
14.77 0.009439210343
14.775 0.01021863740
14.780000000000001 0.008460227816
14.785 0.005109076666
14.790000000000001 0.0006876337348
14.795 -0.004300101888
14.8 -0.008659485193
14.805 -0.01030953435
14.81 -0.009123384493
14.815 -0.006140511742
14.82 -0.001967554799
14.825000000000001 0.002937853494
14.83 0.007662733113
14.835 0.01018973569
14.84 0.009658021796
14.845 0.007085294293
14.85 0.003191352462
14.855 -0.001571344442
14.86 -0.006498846259
14.865 -0.009832770703
14.870000000000001 -0.01004685116
14.875 -0.007935188664
14.88 -0.004351167828
14.885 0.0002226006262
14.89 0.005221252797
14.895 0.009222884043
14.9 0.01026778887
14.905000000000001 0.008678952507
14.91 0.005438052010
14.915000000000001 0.001090374301
14.92 -0.003879391428
14.925 -0.008371211900
14.93 -0.01029617587
14.935 -0.009303780673
14.94 -0.006443354391
14.945 -0.002353760932
14.950000000000001 0.002513031709
14.955 0.007316862047
14.96 0.01010543853
14.965 0.009795261839
14.97 0.007359701525
14.975 0.003558565523
14.98 -0.001149932105
14.985 -0.006112046214
14.99 -0.009670661691
14.995000000000001 -0.01013451229
