x y
1 0
1.000000000 -0.005000000000
0.9999749377 -0.009999937188
0.9999246880 -0.01499968468
0.9998491257 -0.01999911368
0.9997481254 -0.02499809347
0.9996215611 -0.02999649136
0.9994693071 -0.03499417269
0.9992912370 -0.03999100079
0.9990872246 -0.04498683695
0.9988571433 -0.04998154041
0.9986008667 -0.05497496832
0.9983182679 -0.05996697572
0.9980092203 -0.06495741554
0.9976735970 -0.06994613852
0.9973112712 -0.07493299324
0.9969221161 -0.07991782607
0.9965060051 -0.08490048115
0.9960628114 -0.08988080035
0.9955924085 -0.09485862328
0.9950946701 -0.09983378724
0.9945694699 -0.1048061272
0.9940166820 -0.1097754758
0.9934361807 -0.1147416633
0.9928278405 -0.1197045176
0.9921915365 -0.1246638640
0.9915271438 -0.1296195256
0.9908345382 -0.1345713230
0.9901135959 -0.1395190743
0.9893641936 -0.1444625949
0.9885862086 -0.1494016980
0.9877795187 -0.1543361941
0.9869440024 -0.1592658911
0.9860795390 -0.1641905944
0.9851860082 -0.1691101069
0.9842632911 -0.1740242286
0.9833112690 -0.1789327573
0.9823298246 -0.1838354879
0.9813188412 -0.1887322126
0.9802782035 -0.1936227211
0.9792077969 -0.1985068003
0.9781075082 -0.2033842345
0.9769772253 -0.2082548054
0.9758168374 -0.2131182918
0.9746262349 -0.2179744699
0.9734053097 -0.2228231132
0.9721539552 -0.2276639924
0.9708720662 -0.2324968756
0.9695595391 -0.2373215282
0.9682162720 -0.2421377128
0.9668421649 -0.2469451892
0.9654371192 -0.2517437147
0.9640010385 -0.2565330437
0.9625338282 -0.2613129280
0.9610353958 -0.2660831167
0.9595056509 -0.2708433562
0.9579445052 -0.2755933903
0.9563518726 -0.2803329601
0.9547276696 -0.2850618040
0.9530718148 -0.2897796578
0.9513842294 -0.2944862549
0.9496648373 -0.2991813258
0.9479135649 -0.3038645987
0.9461303415 -0.3085357992
0.9443150990 -0.3131946504
0.9424677723 -0.3178408729
0.9405882994 -0.3224741851
0.9386766213 -0.3270943027
0.9367326821 -0.3317009393
0.9347564292 -0.3362938060
0.9327478133 -0.3408726118
0.9307067887 -0.3454370634
0.9286333130 -0.3499868654
0.9265273474 -0.3545217203
0.9243888569 -0.3590413285
0.9222178102 -0.3635453884
0.9200141797 -0.3680335967
0.9177779421 -0.3725056478
0.9155090777 -0.3769612346
0.9132075712 -0.3814000484
0.9108734114 -0.3858217786
0.9085065912 -0.3902261131
0.9061071081 -0.3946127383
0.9036749639 -0.3989813393
0.9012101649 -0.4033315998
0.8987127220 -0.4076632021
0.8961826508 -0.4119758277
0.8936199714 -0.4162691568
0.8910247091 -0.4205428687
0.8883968936 -0.4247966418
0.8857365600 -0.4290301540
0.8830437481 -0.4332430821
0.8803185028 -0.4374351029
0.8775608742 -0.4416058923
0.8747709175 -0.4457551262
0.8719486933 -0.4498824802
0.8690942674 -0.4539876297
0.8662077109 -0.4580702504
0.8632891002 -0.4621300178
0.8603385174 -0.4661666081
0.8573560499 -0.4701796976
0.8543417905 -0.4741689633
0.8512958378 -0.4781340827
0.8482182958 -0.4820747343
0.8451092741 -0.4859905974
0.8419688880 -0.4898813525
0.8387972583 -0.4937466811
0.8355945115 -0.4975862662
0.8323607800 -0.5013997921
0.8290962014 -0.5051869450
0.8258009193 -0.5089474125
0.8224750829 -0.5126808844
0.8191188470 -0.5163870523
0.8157323720 -0.5200656100
0.8123158240 -0.5237162537
0.8088693746 -0.5273386820
0.8053932011 -0.5309325960
0.8018874863 -0.5344976997
0.7983524185 -0.5380336996
0.7947881915 -0.5415403056
0.7911950043 -0.5450172303
0.7875730615 -0.5484641900
0.7839225731 -0.5518809039
0.7802437541 -0.5552670952
0.7765368249 -0.5586224902
0.7728020109 -0.5619468194
0.7690395427 -0.5652398169
0.7652496557 -0.5685012210
0.7614325904 -0.5717307739
0.7575885919 -0.5749282222
0.7537179103 -0.5780933168
0.7498208001 -0.5812258130
0.7458975204 -0.5843254705
0.7419483350 -0.5873920540
0.7379735116 -0.5904253326
0.7339733225 -0.5934250804
0.7299480439 -0.5963910765
0.7258979562 -0.5993231047
0.7218233437 -0.6022209543
0.7177244942 -0.6050844195
0.7136016994 -0.6079132997
0.7094552546 -0.6107073998
0.7052854583 -0.6134665299
0.7010926124 -0.6161905056
0.6968770220 -0.6188791479
0.6926389952 -0.6215322835
0.6883788429 -0.6241497446
0.6840968788 -0.6267313688
0.6797934193 -0.6292769996
0.6754687832 -0.6317864861
0.6711232916 -0.6342596831
0.6667572681 -0.6366964512
0.6623710380 -0.6390966565
0.6579649288 -0.6414601712
0.6535392696 -0.6437868729
0.6490943914 -0.6460766452
0.6446306264 -0.6483293774
0.6401483085 -0.6505449645
0.6356477727 -0.6527233073
0.6311293551 -0.6548643122
0.6265933928 -0.6569678916
0.6220402237 -0.6590339632
0.6174701867 -0.6610624505
0.6128836207 -0.6630532828
0.6082808657 -0.6650063947
0.6036622616 -0.6669217265
0.5990281486 -0.6687992239
0.5943788670 -0.6706388382
0.5897147570 -0.6724405259
0.5850361589 -0.6742042489
0.5803434122 -0.6759299746
0.5756368566 -0.6776176754
0.5709168308 -0.6792673289
0.5661836732 -0.6808789178
0.5614377212 -0.6824524298
0.5566793117 -0.6839878578
0.5519087804 -0.6854851992
0.5471264622 -0.6869444565
0.5423326905 -0.6883656367
0.5375277979 -0.6897487517
0.5327121155 -0.6910938179
0.5278859730 -0.6924008560
0.5230496987 -0.6936698913
0.5182036192 -0.6949009534
0.5133480597 -0.6960940760
0.5084833434 -0.6972492971
0.5036097920 -0.6983666587
0.4987277252 -0.6994462066
0.4938374609 -0.7004879908
0.4889393147 -0.7014920648
0.4840336007 -0.7024584859
0.4791206305 -0.7033873149
0.4742007136 -0.7042786164
0.4692741575 -0.7051324579
0.4643412674 -0.7059489108
0.4594023462 -0.7067280492
0.4544576943 -0.7074699507
0.4495076100 -0.7081746957
0.4445523891 -0.7088423678
0.4395923250 -0.7094730532
0.4346277086 -0.7100668411
0.4296588284 -0.7106238231
0.4246859702 -0.7111440937
0.4197094175 -0.7116277497
0.4147294511 -0.7120748903
0.4097463493 -0.7124856171
0.4047603878 -0.7128600339
0.3997718397 -0.7131982467
0.3947809755 -0.7135003635
0.3897880631 -0.7137664943
0.3847933677 -0.7139967510
0.3797971520 -0.7141912474
0.3747996761 -0.7143500989
0.3698011972 -0.7144734226
0.3648019701 -0.7145613373
0.3598022471 -0.7146139632
0.3548022776 -0.7146314219
0.3498023085 -0.7146138365
0.3448025842 -0.7145613312
0.3398033463 -0.7144740317
0.3348048342 -0.7143520645
0.3298072842 -0.7141955573
0.3248109305 -0.7140046391
0.3198160046 -0.7137794394
0.3148227354 -0.7135200890
0.3098313494 -0.7132267191
0.3048420706 -0.7128994620
0.2998551206 -0.7125384506
0.2948707183 -0.7121438185
0.2898890806 -0.7117156997
0.2849104217 -0.7112542289
0.2799349535 -0.7107595413
0.2749628855 -0.7102317724
0.2699944250 -0.7096710582
0.2650297770 -0.7090775350
0.2600691440 -0.7084513394
0.2551127267 -0.7077926082
0.2501607231 -0.7071014783
0.2452133293 -0.7063780869
0.2402707393 -0.7056225713
0.2353331448 -0.7048350687
0.2304007354 -0.7040157165
0.2254736989 -0.7031646521
0.2205522207 -0.7022820126
0.2156364844 -0.7013679354
0.2107266718 -0.7004225573
0.2058229624 -0.6994460154
0.2009255340 -0.6984384464
0.1960345626 -0.6973999866
0.1911502222 -0.6963307725
0.1862726851 -0.6952309399
0.1814021218 -0.6941006245
0.1765387010 -0.6929399616
0.1716825898 -0.6917490861
0.1668339536 -0.6905281327
0.1619929562 -0.6892772355
0.1571597597 -0.6879965282
0.1523345246 -0.6866861441
0.1475174100 -0.6853462160
0.1427085735 -0.6839768762
0.1379081712 -0.6825782565
0.1331163576 -0.6811504882
0.1283332860 -0.6796937019
0.1235591083 -0.6782080277
0.1187939751 -0.6766935954
0.1140380356 -0.6751505337
0.1092914377 -0.6735789711
0.1045543284 -0.6719790353
0.09982685299 -0.6703508533
0.09510915602 -0.6686945516
0.09040138072 -0.6670102560
0.08570366927 -0.6652980915
0.08101616278 -0.6635581826
0.07633900133 -0.6617906531
0.07167232400 -0.6599956258
0.06701626891 -0.6581732233
0.06237097326 -0.6563235670
0.05773657333 -0.6544467779
0.05311320455 -0.6525429762
0.04850100152 -0.6506122812
0.04390009803 -0.6486548116
0.03931062710 -0.6466706855
0.03473272102 -0.6446600199
0.03016651139 -0.6426229314
0.02561212910 -0.6405595357
0.02106970444 -0.6384699476
0.01653936707 -0.6363542815
0.01202124608 -0.6342126506
0.007515470001 -0.6320451678
0.003022166872 -0.6298519448
-0.001458535764 -0.6276330929
-0.005926510813 -0.6253887224
-0.01038163160 -0.6231189429
-0.01482377185 -0.6208238634
-0.01925280562 -0.6185035919
-0.02366860733 -0.6161582358
-0.02807105166 -0.6137879016
-0.03246001359 -0.6113926953
-0.03683536832 -0.6089727220
-0.04119699124 -0.6065280859
-0.04554475794 -0.6040588908
-0.04987854413 -0.6015652394
-0.05419822567 -0.5990472339
-0.05850367845 -0.5965049758
-0.06279477846 -0.5939385657
-0.06707140167 -0.5913481036
-0.07133342409 -0.5887336888
-0.07558072165 -0.5860954198
-0.07981317022 -0.5834333944
-0.08403064558 -0.5807477098
-0.08823302337 -0.5780384626
-0.09242017908 -0.5753057483
-0.09659198800 -0.5725496623
-0.1007483252 -0.5697702988
-0.1048890655 -0.5669677518
-0.1090140834 -0.5641421143
-0.1131232531 -0.5612934788
-0.1172164486 -0.5584219373
-0.1212935433 -0.5555275809
-0.1253544102 -0.5526105002
-0.1293989222 -0.5496707854
-0.1334269512 -0.5467085258
-0.1374383691 -0.5437238103
-0.1414330469 -0.5407167271
-0.1454108552 -0.5376873640
-0.1493716641 -0.5346358081
-0.1533153428 -0.5315621461
-0.1572417600 -0.5284664640
-0.1611507839 -0.5253488475
-0.1650422815 -0.5222093816
-0.1689161195 -0.5190481509
-0.1727721635 -0.5158652396
-0.1766102784 -0.5126607312
-0.1804303283 -0.5094347091
-0.1842321763 -0.5061872560
-0.1880156846 -0.5029184542
-0.1917807144 -0.4996283857
-0.1955271260 -0.4963171321
-0.1992547785 -0.4929847747
-0.2029635302 -0.4896313941
-0.2066532380 -0.4862570710
-0.2103237579 -0.4828618856
-0.2139749444 -0.4794459177
-0.2176066512 -0.4760092470
-0.2212187305 -0.4725519527
-0.2248110331 -0.4690741141
-0.2283834088 -0.4655758099
-0.2319357057 -0.4620571189
-0.2354677707 -0.4585181194
-0.2389794492 -0.4549588900
-0.2424705850 -0.4513795086
-0.2459410205 -0.4477800535
-0.2493905966 -0.4441606026
-0.2528191523 -0.4405212338
-0.2562265253 -0.4368620249
-0.2596125512 -0.4331830538
-0.2629770643 -0.4294843984
-0.2663198968 -0.4257661366
-0.2696408790 -0.4220283462
-0.2729398397 -0.4182711054
-0.2762166055 -0.4144944923
-0.2794710009 -0.4106985853
-0.2827028487 -0.4068834628
-0.2859119695 -0.4030492036
-0.2890981817 -0.3991958866
-0.2922613016 -0.3953235911
-0.2954011433 -0.3914323966
-0.2985175185 -0.3875223832
-0.3016102369 -0.3835936310
-0.3046791054 -0.3796462210
-0.3077239287 -0.3756802342
-0.3107445090 -0.3716957525
-0.3137406460 -0.3676928582
-0.3167121368 -0.3636716341
-0.3196587755 -0.3596321639
-0.3225803541 -0.3555745317
-0.3254766613 -0.3514988226
-0.3283474833 -0.3474051224
-0.3311926031 -0.3432935177
-0.3340118010 -0.3391640961
-0.3368048542 -0.3350169460
-0.3395715368 -0.3308521570
-0.3423116197 -0.3266698196
-0.3450248706 -0.3224700257
-0.3477110541 -0.3182528681
-0.3503699312 -0.3140184410
-0.3530012595 -0.3097668400
-0.3556047932 -0.3054981619
-0.3581802830 -0.3012125053
-0.3607274758 -0.2969099702
-0.3632461149 -0.2925906580
-0.3657359397 -0.2882546723
-0.3681966858 -0.2839021181
-0.3706280850 -0.2795331024
-0.3730298648 -0.2751477343
-0.3754017489 -0.2707461248
-0.3777434566 -0.2663283873
-0.3800547031 -0.2618946372
-0.3823351992 -0.2574449925
-0.3845846511 -0.2529795736
-0.3868027609 -0.2484985035
-0.3889892257 -0.2440019080
-0.3911437383 -0.2394899156
-0.3932659864 -0.2349626578
-0.3953556531 -0.2304202693
-0.3974124165 -0.2258628880
-0.3994359497 -0.2212906551
-0.4014259206 -0.2167037154
-0.4033819920 -0.2121022173
-0.4053038214 -0.2074863131
-0.4071910610 -0.2028561591
-0.4090433574 -0.1982119155
-0.4108603518 -0.1935537473
-0.4126416796 -0.1888818236
-0.4143869708 -0.1841963184
-0.4160958492 -0.1794974106
-0.4177679330 -0.1747852841
-0.4194028344 -0.1700601283
-0.4210001593 -0.1653221379
-0.4225595078 -0.1605715135
-0.4240804736 -0.1558084617
-0.4255626442 -0.1510331951
-0.4270056005 -0.1462459332
-0.4284089173 -0.1414469018
-0.4297721627 -0.1366363341
-0.4310948983 -0.1318144702
-0.4323766789 -0.1269815583
-0.4336170530 -0.1221378539
-0.4348155620 -0.1172836211
-0.4359717406 -0.1124191323
-0.4370851168 -0.1075446689
-0.4381552116 -0.1026605214
-0.4391815393 -0.09776698976
-0.4401636072 -0.09286438406
-0.4411009157 -0.08795302450
-0.4419929584 -0.08303324199
-0.4428392218 -0.07810537854
-0.4436391858 -0.07316978764
-0.4443923234 -0.06822683470
-0.4450981009 -0.06327689751
-0.4457559776 -0.05832036665
-0.4463654066 -0.05335764599
-0.4469258343 -0.04838915318
-0.4474367007 -0.04341532010
-0.4478974395 -0.03843659338
-0.4483074784 -0.03345343493
-0.4486662392 -0.02846632247
-0.4489731380 -0.02347575005
-0.4492275852 -0.01848222858
-0.4494289864 -0.01348628647
-0.4495767420 -0.008488470123
-0.4496702479 -0.003489344535
-0.4497088957 0.001510506098
-0.4496920733 0.006510477798
-0.4496191650 0.01150994621
-0.4494895524 0.01650826598
-0.4493026145 0.02150477018
-0.4490577285 0.02649876967
-0.4487542704 0.03148955249
-0.4483916153 0.03647638328
-0.4479691389 0.04145850267
-0.4474862173 0.04643512670
-0.4469422284 0.05140544622
-0.4463365528 0.05636862635
-0.4456685744 0.06132380595
-0.4449376816 0.06627009705
-0.4441432683 0.07120658442
-0.4432847350 0.07613232503
-0.4423614901 0.08104634771
-0.4413729511 0.08594765269
-0.4403185457 0.09083521131
-0.4391977135 0.09570796569
-0.4380099074 0.1005648285
-0.4367545950 0.1054046830
-0.4354312603 0.1102263824
-0.4340394051 0.1150287504
-0.4325785513 0.1198105813
-0.4310482421 0.1245706394
-0.4294480440 0.1293076603
-0.4277775490 0.1340203502
-0.4260363761 0.1387073873
-0.4242241737 0.1433674219
-0.4223406212 0.1479990771
-0.4203854314 0.1526009499
-0.4183583525 0.1571716119
-0.4162591700 0.1617096107
-0.4140877091 0.1662134709
-0.4118438363 0.1706816960
-0.4095274621 0.1751127692
-0.4071385424 0.1795051562
-0.4046770810 0.1838573059
-0.4021431309 0.1881676536
-0.3995367967 0.1924346223
-0.3968582360 0.1966566257
-0.3941076613 0.2008320704
-0.3912853410 0.2049593587
-0.3883916012 0.2090368910
-0.3854268269 0.2130630695
-0.3823914628 0.2170363005
-0.3792860140 0.2209549977
-0.3761110472 0.2248175857
-0.3728671906 0.2286225028
-0.3695551344 0.2323682049
-0.3661756308 0.2360531683
-0.3627294934 0.2396758933
-0.3592175969 0.2432349077
-0.3556408767 0.2467287699
-0.3520003273 0.2501560720
-0.3482970014 0.2535154436
-0.3445320084 0.2568055542
-0.3407065126 0.2600251165
-0.3368217311 0.2631728892
-0.3328789321 0.2662476796
-0.3288794321 0.2692483461
-0.3248245934 0.2721738004
-0.3207158215 0.2750230098
-0.3165545622 0.2777949984
-0.3123422985 0.2804888496
-0.3080805475 0.2831037069
-0.3037708571 0.2856387747
-0.2994148030 0.2880933200
-0.2950139850 0.2904666722
-0.2905700238 0.2927582239
-0.2860845578 0.2949674306
-0.2815592394 0.2970938110
-0.2769957320 0.2991369460
-0.2723957068 0.3010964786
-0.2677608394 0.3029721128
-0.2630928068 0.3047636126
-0.2583932846 0.3064708007
-0.2536639440 0.3080935571
-0.2489064494 0.3096318175
-0.2441224554 0.3110855718
-0.2393136048 0.3124548619
-0.2344815260 0.3137397801
-0.2296278314 0.3149404668
-0.2247541150 0.3160571085
-0.2198619511 0.3170899357
-0.2149528923 0.3180392206
-0.2100284685 0.3189052747
-0.2050901852 0.3196884470
-0.2001395231 0.3203891213
-0.1951779364 0.3210077141
-0.1902068524 0.3215446724
-0.1852276710 0.3220004716
-0.1802417640 0.3223756131
-0.1752504747 0.3226706224
-0.1702551176 0.3228860471
-0.1652569786 0.3230224545
-0.1602573148 0.3230804304
-0.1552573542 0.3230605763
-0.1502582965 0.3229635086
-0.1452613129 0.3227898561
-0.1402675467 0.3225402587
-0.1352781134 0.3222153659
-0.1302941014 0.3218158354
-0.1253165725 0.3213423312
-0.1203465624 0.3207955228
-0.1153850813 0.3201760837
-0.1104331144 0.3194846905
-0.1054916232 0.3187220213
-0.1005615454 0.3178887552
-0.09564379606 0.3169855709
-0.09073926854 0.3160131462
-0.08584883488 0.3149721569
-0.08097334683 0.3138632763
-0.07611363658 0.3126871741
-0.07127051762 0.3114445162
-0.06644478550 0.3101359637
-0.06163721867 0.3087621729
-0.05684857933 0.3073237942
-0.05207961422 0.3058214721
-0.04733105544 0.3042558446
-0.04260362127 0.3026275430
-0.03789801701 0.3009371914
-0.03321493572 0.2991854067
-0.02855505910 0.2973727981
-0.02391905823 0.2954999671
-0.01930759439 0.2935675072
-0.01472131982 0.2915760038
-0.01016087849 0.2895260344
-0.005626906921 0.2874181677
-0.001120034878 0.2852529646
0.003359113827 0.2830309775
0.007809920604 0.2807527503
0.01223177133 0.2784188188
0.01662405563 0.2760297105
0.02098616612 0.2735859445
0.02531749766 0.2710880320
0.02961744670 0.2685364759
0.03388541045 0.2659317715
0.03812078624 0.2632744059
0.04232297075 0.2605648588
0.04649135932 0.2578036024
0.05062534518 0.2549911016
0.05472431876 0.2521278140
0.05878766694 0.2492141906
0.06281477233 0.2462506754
0.06680501251 0.2432377062
0.07075775929 0.2401757146
0.07467237795 0.2370651261
0.07854822649 0.2339063608
0.08238465484 0.2306998335
0.08618100406 0.2274459539
0.08993660557 0.2241451271
0.09365078029 0.2207977541
0.09732283786 0.2174042319
0.1009520757 0.2139649540
0.1045377784 0.2104803110
0.1080792163 0.2069506910
0.1115756451 0.2033764798
0.1150263048 0.1997580619
0.1184304184 0.1960958208
0.1217871915 0.1923901394
0.1250958107 0.1886414011
0.1283554428 0.1848499900
0.1315652339 0.1810162918
0.1347243077 0.1771406947
0.1378317651 0.1732235901
0.1408866824 0.1692653734
0.1438881104 0.1652664447
0.1468350729 0.1612272106
0.1497265654 0.1571480844
0.1525615539 0.1530294875
0.1553389734 0.1488718511
0.1580577263 0.1446756167
0.1607166811 0.1404412384
0.1633146704 0.1361691837
0.1658504901 0.1318599356
0.1683228967 0.1275139944
0.1707306064 0.1231318791
0.1730722930 0.1187141304
0.1753465860 0.1142613120
0.1775520689 0.1097740138
0.1796872772 0.1052528541
0.1817506966 0.1006984825
0.1837407608 0.09611158332
0.1856558499 0.09149287852
0.1874942877 0.08684313162
0.1892543407 0.08216315153
0.1909342151 0.07745379682
0.1925320558 0.07271598033
0.1940459439 0.06795067416
0.1954738951 0.06315891505
0.1968138582 0.05834181022
0.1980637135 0.05350054368
0.1992212716 0.04863638298
0.2002842722 0.04375068656
0.2012503840 0.03884491159
0.2021172038 0.03392062245
0.2028822570 0.02897949975
0.2035429987 0.02402334999
0.2040968148 0.01905411587
0.2045410247 0.01407388721
0.2048728848 0.009084912472
0.2050895923 0.004089610894
0.2051882918 -0.0009094148507
0.2051660823 -0.005909365524
0.2050200262 -0.01090723183
0.2047471602 -0.01589978069
0.2043445087 -0.02088354150
0.2038090994 -0.02585479254
0.2031379813 -0.03080954788
0.2023282459 -0.03574354510
0.2013770516 -0.04065223427
0.2002816509 -0.04553076861
0.1990394214 -0.05037399749
0.1976479001 -0.05517646232
0.1961048206 -0.05993239603
0.1944081537 -0.06463572694
0.1925561512 -0.06928008767
0.1905473905 -0.07385882992
0.1883808222 -0.07836504583
0.1860558169 -0.08279159643
0.1835722117 -0.08713114769
0.1809303546 -0.09137621436
0.1781311450 -0.09551921154
0.1751760688 -0.09955251353
0.1720672267 -0.1034685193
0.1688073534 -0.1072597230
0.1653998267 -0.1109187887
0.1618486660 -0.1144386265
0.1581585180 -0.1178124681
0.1543346303 -0.1210339403
0.1503828136 -0.1240971322
0.1463093923 -0.1269966561
0.1421211455 -0.1297276979
0.1378252405 -0.1322860568
0.1334291602 -0.1346681730
0.1289406276 -0.1368711426
0.1243675295 -0.1388927197
0.1197178415 -0.1407313064
0.1149995565 -0.1423859324
0.1102206194 -0.1438562247
0.1053888669 -0.1451423694
0.1005119768 -0.1462450676
0.09559742421 -0.1471654874
0.09065244638 -0.1479052132
0.08568401600 -0.1484661940
0.08069882184 -0.1488506927
0.07570325667 -0.1490612363
0.07070341138 -0.1491005692
0.06570507472 -0.1489716095
0.06071373764 -0.1486774085
0.05573460156 -0.1482211149
0.05077258972 -0.1476059413
0.04583236097 -0.1468351366
0.04091832537 -0.1459119605
0.03603466114 -0.1448396622
0.03118533240 -0.1436214624
0.02637410749 -0.1422605381
0.02160457742 -0.1407600106
0.01688017444 -0.1391229350
0.01220419032 -0.1373522931
0.007579794459 -0.1354509876
0.003010051579 -0.1334218375
-0.001502060898 -0.1312675764
-0.005953635899 -0.1289908506
-0.01034182008 -0.1265942198
-0.01466379754 -0.1240801571
-0.01891677378 -0.1214510521
-0.02309795985 -0.1187092128
-0.02720455661 -0.1158568694
-0.03123373902 -0.1128961787
-0.03518264023 -0.1098292292
-0.03904833562 -0.1066580466
-0.04282782636 -0.1033846004
-0.04651802262 -0.1000108115
-0.05011572612 -0.09653856018
-0.05361761198 -0.09296969546
-0.05702020965 -0.08930604576
-0.06031988283 -0.08554943068
-0.06351280816 -0.08170167446
-0.06659495252 -0.07776462149
-0.06956204883 -0.07374015389
-0.07240957015 -0.06963021200
-0.07513270187 -0.06543681795
-0.07772631200 -0.06116210316
-0.08018491938 -0.05680834046
-0.08250265988 -0.05237798167
-0.08467325055 -0.04787370191
-0.08668995215 -0.04329845168
-0.08854553040 -0.03865551841
-0.09023221674 -0.03394859912
-0.09174166997 -0.02918188632
-0.09306494037 -0.02436016925
-0.09419243926 -0.01948895316
-0.09511391763 -0.01457459891
-0.09581845921 -0.009624485667
-0.09629449515 -0.004647198275
-0.09652984988 0.0003472594679
-0.09651183043 0.005347226998
-0.09622737455 0.01033912892
-0.09566327585 0.01530720629
-0.09480650607 0.02023325394
-0.09364465433 0.02509639085
-0.09216649874 0.02987290171
-0.09036271512 0.03453620147
-0.08822670761 0.03905698369
-0.08575551720 0.04340361664
-0.08295072749 0.04754283815
-0.07981925077 0.05144076754
-0.07637385467 0.05506419764
-0.07263329546 0.05838206093
-0.06862196975 0.06136690030
-0.06436907804 0.06399614204
-0.05990739061 0.06625298613
-0.05527178620 0.06812679823
-0.05049776842 0.06961298604
-0.04562014547 0.07071243787
-0.04067199900 0.07143066246
-0.03568399359 0.07177678673
-0.03068401386 0.07176254822
-0.02569707524 0.07140137908
-0.02074543720 0.07070763509
-0.01584884971 0.06969598745
-0.01102487510 0.06838097074
-0.006289243000 0.06677666757
-0.001656210515 0.06489650535
0.002861088364 0.06275314097
0.007250311192 0.06035841281
0.01149959442 0.05772334317
0.01559725669 0.05485817931
0.01953151251 0.05177246528
0.02329018924 0.04847514071
0.02686043886 0.04497466679
0.03022843561 0.04127918335
0.03337904938 0.03739670568
0.03629548476 0.03333537527
0.03895887552 0.02910378577
0.04134782635 0.02471141581
0.04343789818 0.02016921373
0.04520104488 0.01549039831
0.04660503244 0.01069156314
0.04761291787 0.005794199879
0.04818275021 0.0008267768946
0.04826780401 -0.004172499638
0.04781788705 -0.009152215968
0.04678256175 -0.01404385184
0.04511733446 -0.01875840570
0.04279356444 -0.02318560491
0.03981129000 -0.02719883792
0.03621103823 -0.03066844700
0.03207780188 -0.03348204919
0.02753200673 -0.03556429473
0.02270993018 -0.03688625454
0.01774304971 -0.03746079647
0.01274478552 -0.03732905798
0.007806495195 -0.03654593048
0.002999737176 -0.03516931240
-0.001618856239 -0.03325395476
-0.006002373873 -0.03084879923
-0.01010897445 -0.02799646129
-0.01389787593 -0.02473391235
-0.01732573332 -0.02109388575
-0.02034304215 -0.01710692607
-0.02289018834 -0.01280436331
-0.02489283200 -0.008222942314
-0.02625662114 -0.003412528696
-0.02686231637 0.001550649044
-0.02656563271 0.006541839164
-0.02521378141 0.01135562126
-0.02270109278 0.01567839766
-0.01907233198 0.01911817891
-0.01459591034 0.02134565491
-0.009678274925 0.02224945905
-0.004688807553 0.02192508991
0.0001182658978 0.02054957370
0.004580083298 0.01829298657
0.008579365749 0.01529203007
0.01200869562 0.01165339068
0.01474359237 0.007467660185
0.01661712072 0.002831941093
0.01739282061 -0.002107521397
0.01675318614 -0.007066439400
0.01439614535 -0.01147601520
0.01040469698 -0.01448738363
0.005519626699 -0.01555325810
0.0005714550641 -0.01483520694
-0.003968443175 -0.01274013559
-0.007850928859 -0.009589531691
-0.01087211054 -0.005605505935
-0.01276853284 -0.0009791053375
-0.01313677842 0.004007315743
-0.01144340840 0.008711834631
-0.007564827519 0.01186724432
-0.002611402866 0.01254811451
0.002188310414 0.01114713184
0.006291567720 0.008289986505
0.009401468269 0.004374821301
0.01116734085 -0.0003029659993
0.01102987925 -0.005301076073
0.008356721035 -0.009526502104
0.003678479467 -0.01129117086
-0.001247326936 -0.01043301512
-0.005497685813 -0.007799680840
-0.008690968463 -0.003952221170
-0.01042810112 0.0007363148634
-0.01006311375 0.005722975492
-0.006952357453 0.009637460801
-0.002070562232 0.01071823618
0.002709504985 0.009251621918
0.006627442254 0.006145214417
0.009303277498 0.001921483159
0.01022332302 -0.002993139538
0.008601163179 -0.007722684702
0.004339771099 -0.01033812683
-0.0006442192525 -0.009938326659
-0.004997771177 -0.007479346049
-0.008249248381 -0.003680939016
-0.009962876544 0.001016238703
-0.009428532396 0.005987604344
-0.006022461113 0.009648024868
-0.001060595031 0.01026437297
0.003587102582 0.008420760515
0.007255801184 0.005023607213
0.009542637585 0.0005772177475
0.009835695761 -0.004414186554
0.007331522640 -0.008741901538
0.002595734782 -0.01034574485
-0.002256002019 -0.009137171304
-0.006261947745 -0.006145115349
-0.009011277060 -0.001968850472
-0.009977559460 0.002936890891
-0.008346258992 0.007663291084
-0.004038258248 0.01020122914
0.0009348474447 0.009683329760
0.005228849163 0.007121777643
0.008376515581 0.003236910062
0.009917014140 -0.001519860291
0.009098331884 -0.006452380880
0.005400440758 -0.009817733940
0.0004066965063 -0.01006777064
-0.004136438362 -0.007979727158
-0.007639651665 -0.004412165449
-0.009684375642 0.0001506301698
-0.009606006032 0.005150015952
-0.006651444987 0.009183695294
-0.001772631250 0.01027785091
0.002978994303 0.008721555758
0.006804564955 0.005502082325
0.009299513088 0.001169042536
0.009886798768 -0.003796347230
0.007740707434 -0.008312351214
0.003149412689 -0.01029225338
-0.001759071043 -0.009339999499
-0.005877669932 -0.006505013927
-0.008778973733 -0.002432860165
-0.009961440931 0.002425305262
-0.008625734108 0.007243592020
-0.004511889739 0.01008547247
0.0004811985725 0.009822662431
0.004864148641 0.007416472768
0.008135543705 0.003635206533
0.009850875592 -0.001061349281
0.009285150764 -0.006029241734
0.005819641211 -0.009633439777
0.0008465192785 -0.01015118319
-0.003768960142 -0.008228333819
-0.007379418319 -0.004769346720
-0.009573905701 -0.0002766609834
-0.009716277035 0.004721311646
-0.007015445392 0.008929103042
-0.002207786057 0.01030257008
0.002599845079 0.008929004337
0.006521024599 0.005826690495
0.009148351819 0.001572615780
0.009930097527 -0.003365893473
0.008040752329 -0.007995188746
0.003578833806 -0.01025157592
-0.001365193902 -0.009505526315
-0.005569624658 -0.006799466075
-0.008590182527 -0.002814967341
-0.009945303880 0.001997895229
-0.008855549966 0.006877694037
-0.004927512445 0.009971319940
0.00007240254223 0.009942163049
0.004531473996 0.007680154700
0.007911587422 0.003995750647
0.009781428914 -0.0006414567877
0.009443194227 -0.005630003399
0.006206274185 -0.009440823343
0.001267073597 -0.01021818912
-0.003413034566 -0.008458476764
-0.007123033180 -0.005106475827
-0.009456667208 -0.0006844681130
-0.009805075841 0.004303378258
-0.007354484206 0.008661657808
-0.002633847274 0.01030956162
0.002223058804 0.009121932321
0.006235149437 0.006138121209
0.008988530082 0.001964526233
0.009955088179 -0.002941160819
0.008317439310 -0.007665365109
0.004001805897 -0.01019030239
-0.0009696608965 -0.009656900174
-0.005256347681 -0.007083125434
-0.008391899860 -0.003188473648
-0.009912710536 0.001574627746
-0.009062502956 0.006501812243
-0.005334640321 0.009833934716
-0.0003391440368 0.01004610653
0.004192510165 0.007933262424
0.007678074659 0.004348455574
0.009696995256 -0.0002258159118
0.009579220213 -0.005224428623
0.006579523678 -0.009224656204
0.001689480431 -0.01026747788
-0.003050912709 -0.008677297740
-0.006857607537 -0.005435527469
-0.009325929579 -0.001087265023
-0.009873434598 0.003882668402
-0.007675212485 0.008373527957
-0.003059725827 0.01029635996
0.001840488540 0.009302428796
0.005940784823 0.006441035711
0.008816517635 0.002350783788
0.009961597185 -0.002516329610
0.008572877813 -0.007319605420
0.004421373982 -0.01010618324
-0.0005688864140 -0.009794251877
-0.004934978660 -0.007357606950
-0.008182408262 -0.003555738859
-0.009863459965 0.001153195752
-0.009247317263 0.006115087344
-0.005733307553 0.009672015198
-0.0007546866299 0.01013389581
0.003846092243 0.008176133374
0.007434324674 0.004694095462
0.009597619197 0.0001863070019
0.009693727416 -0.004812769234
0.006938271022 -0.008984994067
0.002113814735 -0.01029824254
-0.002682203675 -0.008884662892
-0.006582946096 -0.005756690935
-0.009181904650 -0.001485225796
-0.009921924825 0.003459707990
-0.007976666843 0.008065787817
-0.003484854670 0.01026206271
0.001452029370 0.009470118280
0.005637871589 0.006735392532
0.008632524045 0.002731387454
0.009950176771 -0.002091867805
0.008806662625 -0.006959349228
0.004836286874 -0.009998447185
-0.0001630493426 -0.009916976991
-0.004605586855 -0.007622666538
-0.007961934545 -0.003916599866
-0.009798058373 0.0007340613013
-0.009410058350 0.005718984168
-0.006121693153 0.009485501701
-0.001173703979 0.01020480910
0.003492445625 0.008408410519
0.007180631586 0.005032424097
0.009483815524 0.0005944804577
0.009787149583 -0.004396309905
0.007280823394 -0.008722778330
0.002539341455 -0.01030970902
-0.002307129148 -0.009080187695
-0.006299289893 -0.006069763707
-0.009025037260 -0.001878069385
-0.009951150777 0.003035413469
-0.008257862776 0.007739961879
-0.003908210742 0.01020583438
0.001057879106 0.009624498318
0.005326557988 0.007020965985
0.008436869450 0.003106127214
0.009921395187 -0.001668407668
0.009018487451 -0.006586207748
0.005244962395 -0.009866529173
0.0002474555761 -0.01002440758
-0.004268381038 -0.007877964087
-0.007730787557 -0.004270784982
-0.009717039225 0.0003177664574
-0.009550903103 0.005315005574
-0.006497879976 0.009274683564
-0.001595546806 0.01025811098
0.003131853417 0.008629710804
0.006917318522 0.005363175340
0.009356106752 0.0009982799271
0.009859999549 -0.003976264479
0.007605657840 -0.008439216805
0.002965241838 -0.01030108128
-0.001925907490 -0.009263459845
-0.006006856742 -0.006374540808
-0.008855738548 -0.002265541847
-0.009961720745 0.002610604518
-0.008518042878 0.007397648932
-0.004328607935 0.01012686766
0.0006582807037 0.009765008986
0.005007000301 0.007297492448
0.008229860097 0.003474774209
0.009875803415 -0.001246546644
0.009208210105 -0.006201778140
0.005645650243 -0.009710077903
0.0006621420322 -0.01011584374
-0.003923608156 -0.008123133220
-0.007489291122 -0.004618007688
-0.009620938416 -0.00009516789311
-0.009670151356 0.004904589910
-0.006859993248 0.009040168636
-0.002019509847 0.01029305349
0.002764590633 0.008839649689
0.006644687955 0.005686104895
0.009214992874 0.001397336700
0.009912847899 -0.003553723627
0.007911481682 -0.008135702813
0.003390618422 -0.01027153881
-0.001538740923 -0.009434032717
-0.005705829145 -0.006670814348
-0.008674376422 -0.002647416896
-0.009954230017 0.002186005782
-0.008756665569 0.007040471704
-0.004744683276 0.01002442849
0.0002535370644 0.009891036471
0.004679372995 0.007564670997
0.008011797974 0.003837078778
0.009813940476 -0.0008268554419
0.009375839206 -0.005807625189
0.006036482811 -0.009529009188
0.001080441727 -0.01019056551
-0.003571541728 -0.008357794406
-0.007237776631 -0.004957982405
-0.009510291194 -0.0005042561498
-0.009768211285 0.004489087142
-0.007206278754 0.008782861903
-0.002444840206 0.01030887073
0.002390909273 0.009037836911
0.006363007898 0.006000991094
0.009060938654 0.001791339133
0.009946296553 -0.003129650746
0.008197247041 -0.007813754268
0.003814464465 -0.01022024900
-0.001145834439 -0.009591412945
-0.005396366737 -0.006958358599
-0.008481282967 -0.003023477171
-0.009929253341 0.001762270607
-0.008973381925 0.006670051148
-0.005154888992 0.009897916033
-0.0001559708114 0.01000192097
0.004343881229 0.007822166024
0.007782992228 0.004192769994
0.009736341203 -0.0004098844336
0.009521521764 -0.005405267563
0.006415541633 -0.009323543641
0.001501716632 -0.01024784005
-0.003212466653 -0.008581563980
-0.006976571467 -0.005290437281
-0.009385624262 -0.0009090602560
-0.009845579288 0.004069738934
-0.007535165522 0.008503922989
-0.002870731965 0.01030477267
0.002011034074 0.009223865489
0.006072505793 0.006307626905
0.008894365661 0.002180023862
0.009960954897 -0.002704890405
0.008462145280 -0.007474960607
0.004235629531 -0.01014639555
-0.0007474214641 -0.009735052893
-0.005078624518 -0.007236917566
-0.008276767616 -0.003393497121
-0.009887345500 0.001340004636
-0.009168014166 0.006287990330
-0.005557507626 0.009746926948
-0.0005697755818 0.01009696845
0.004000764860 0.008069615478
0.007543764204 0.004541562806
0.009643541215 3.839092813e-6
0.009645531318 -0.004996160511
0.006780935116 -0.009094219636
0.001925272462 -0.01028692253
-0.002846661594 -0.008794057710
-0.006705984274 -0.005615122597
-0.009247443911 -0.001309198433
-0.009902815418 0.003647664304
-0.007845307587 0.008204709566
-0.003296307331 0.01027994369
0.001625169664 0.009397297562
0.005773371278 0.006605806316
0.008715651072 0.002563159954
0.009957422077 -0.002280186490
0.008705588847 -0.007120941964
0.004652791236 -0.01004922329
-0.0003437897894 -0.009864350217
-0.004752771637 -0.007506198595
-0.008061132179 -0.003757232002
-0.009829047482 0.0009197836582
-0.009340538589 0.005895862341
-0.005950692445 0.009571313759
-0.0009873262317 0.01017546261
0.003650292650 0.008306641824
0.007294444438 0.004883170231
0.009536076404 0.0004138206002
0.009748253557 -0.004581675457
0.007130876247 -0.008841879210
0.002350366881 -0.01030705162
-0.002474384406 -0.008994887374
-0.006426291526 -0.005931812103
-0.009096223613 -0.001704346828
-0.009940516858 0.003223854560
-0.008135602631 0.007886716839
-0.003720586814 0.01023355201
0.001233518335 0.009557651012
0.005465767606 0.006895308789
0.008525133927 0.002940529691
0.009936277605 -0.001856206024
0.008927188047 -0.006753321324
0.005064442403 -0.009928096291
0.00006469802122 -0.009978654384
-0.004419005754 -0.007765873226
-0.007834683509 -0.004114415233
-0.009754894465 0.0005021624913
-0.009491072480 0.005495197436
-0.006332529788 0.009371227372
-0.001407998986 0.01023667314
0.003292748490 0.008532861776
0.007035362428 0.005217316435
0.009414476298 0.0008196105336
0.009830167287 -0.004163079603
0.007463748972 -0.008567630019
0.002776206902 -0.01030744304
-0.002095865672 -0.009183650868
-0.006137729760 -0.006240296542
-0.008932394892 -0.002094232528
-0.009959293125 0.002799179371
-0.008405190161 0.007551522370
-0.004142454675 0.01016477440
0.0008363048797 0.009704390544
0.005149849128 0.007175885844
0.008323127393 0.003311910552
0.009898080309 -0.001433563429
0.009126728758 -0.006373706827
0.005468900616 -0.009782561954
0.0004775939211 -0.01007727788
-0.004077559190 -0.008015584366
-0.007597740218 -0.004464763964
-0.009665421721 0.00008767419644
-0.009619862408 0.005087466627
-0.006701115201 0.009147135917
-0.001831111051 0.01027985812
0.002928413882 0.008747891271
0.006766832258 0.005543746398
0.009279252833 0.001220814192
0.009891820711 -0.003741519996
0.007778154978 -0.008272791029
0.003201932946 -0.01028728648
-0.001711313282 -0.009359918432
-0.005840496296 -0.006540371014
-0.008756344488 -0.002478619013
-0.009959746758 0.002374403033
-0.008653435498 0.007200742318
-0.004560628473 0.01007283749
0.0004338029852 0.009836925620
0.004825780383 0.007447253144
0.008109933728 0.003677062591
0.009843373547 -0.001012840008
0.009304154322 -0.005983679236
0.005864343126 -0.009612411650
0.0008943647447 -0.01015950843
-0.003728695252 -0.008254956973
-0.007350631465 -0.004807990471
-0.009561165448 -0.0003231783778
-0.009727270633 0.004674061767
-0.007054632175 0.008899816572
-0.002255930535 0.01030426044
0.002557552206 0.008951343625
0.006489138468 0.005862228953
0.009130887723 0.001617095165
0.009933805034 -0.003318016160
0.008072937387 -0.007958831994
0.003626591038 -0.01024575222
-0.001320928075 -0.009523218744
-0.005534758888 -0.006831819502
-0.008568419019 -0.002857287301
-0.009942461995 0.001950207462
-0.008879907066 0.006836000849
-0.004973642085 0.009957073405
0.00002635731113 0.009954615546
0.004493751841 0.007709089747
0.007885857832 0.004035723859
0.009772693146 -0.0005945949741
0.009459551744 -0.005584779586
0.006248864873 -0.009417727514
0.001314401676 -0.01022461843
-0.003372695937 -0.008483608393
-0.007093688138 -0.005143815429
-0.009442657435 -0.0007299346826
-0.009813757198 0.004256274796
-0.007391421891 0.008630322311
-0.002681676590 0.01030910139
0.002180400114 0.009142820924
0.006202526722 0.006172551989
0.008969822303 0.002008170262
0.009956728947 -0.002893463677
0.008347183039 -0.007627316439
0.004049098596 -0.01018201214
-0.0009249275315 -0.009673028754
-0.005220672191 -0.007114400641
-0.008368936134 -0.003230017274
-0.009908001973 0.001527216833
-0.009084353509 0.006458910579
-0.005379849867 0.009816983355
-0.0003856034173 0.01005677993
0.004153988102 0.007961044058
0.007651215523 0.004387614282
0.009686574078 -0.0001793667290
0.009593139958 -0.005178493659
0.006620552466 -0.009198907022
0.001737033924 -0.01027186865
-0.003009844789 -0.008701154640
-0.006827229044 -0.005471978671
-0.009310414623 -0.001132187272
-0.009879857137 0.003835280415
-0.007710034849 0.008339930372
-0.003107506463 0.01029357631
0.001797169542 0.009321900804
0.005907202506 0.006474510941
0.008796453113 0.002393796429
0.009961197821 -0.002468648405
0.008600208981 -0.007279855049
0.004468212259 -0.01009527741
-0.0005235723410 -0.009808769981
-0.004898396930 -0.007387838381
-0.008158199225 -0.003596573552
-0.009856912831 0.001106018508
-0.009266684544 0.006071059351
-0.005777455939 0.009652299882
-0.0008015643704 0.01014271103
0.003806746395 0.008202744051
0.007406334137 0.004732446069
0.009585552578 0.0002323341831
0.009705256919 -0.004766232699
0.006977563372 -0.008956660829
0.002161540062 -0.01030050586
-0.002640410274 -0.008907210141
-0.006551546318 -0.005792243874
-0.009164926458 -0.001529586928
-0.009926154406 0.003412126541
-0.008009259704 0.008030082225
-0.003532489970 0.01025685854
0.001408061061 0.009488122232
0.005603338900 0.006767893593
0.008611134905 0.002773752484
0.009947800485 -0.002044268388
0.008831540611 -0.006918072231
0.004882507146 -0.009984851435
-0.0001171899125 -0.009929812102
-0.004568116798 -0.007651819595
-0.007936511657 -0.003956699019
-0.009789731388 0.0006871761544
-0.009426956328 0.005673998214
-0.006164567531 0.009463037583
-0.001220932391 0.01021168410
0.003452305959 0.008433808027
0.007151545255 0.005069936949
0.009470162172 0.0006400367705
0.009796342775 -0.004349312507
0.007318198574 -0.008691984648
0.002587150745 -0.01030975671
-0.002264635208 -0.009101380499
-0.006266894680 -0.006104395495
-0.009006643858 -0.001921839525
-0.009953255836 0.002987735382
-0.008288129929 0.007702325047
-0.003955576071 0.01019811692
0.001013286174 0.009640974212
0.005291091832 0.007052465230
0.008414190555 0.003147820001
0.009917104605 -0.001620958602
0.009040888396 -0.006543584441
0.005290375831 -0.009850192294
0.0002938102554 -0.01003548247
-0.004230048596 -0.007905998710
-0.007704186481 -0.004310116906
-0.009706992423 0.0002712331525
-0.009565359540 0.005269226763
-0.006539266263 0.009249523169
-0.001643049277 0.01026296247
0.003090951536 0.008653852066
0.006887171669 0.005399821842
0.009340924166 0.001043321104
0.009866918095 -0.003928934962
0.007640958795 -0.008406110991
0.003013038765 -0.01029882232
-0.001882736242 -0.009283250033
-0.005973488175 -0.006408228534
-0.008835973315 -0.002308694557
-0.009961768971 0.002562915458
-0.008545913191 0.007358262413
-0.004375559423 0.01011654983
0.0006130937520 0.009779890504
0.004970619062 0.007327957966
0.008205925305 0.003515767846
0.009869659494 -0.001199313123
0.009228127713 -0.006157986028
0.005690051953 -0.009690976251
0.0007089320665 -0.01012507841
-0.003884442942 -0.008150007259
-0.007461548848 -0.004656540022
-0.009609232014 -0.0001412928508
-0.009682207001 0.004858174586
-0.006899687195 0.009012399366
-0.002067204214 0.01029579652
0.002722956144 0.008862491336
0.006613512567 0.005721859119
0.009198335180 0.001441825000
0.009917558289 -0.003506176427
0.007944578534 -0.008100450133
0.003438296054 -0.01026687996
-0.001494914800 -0.009452367428
-0.005671505976 -0.006703533831
-0.008653278214 -0.002689927682
-0.009952287009 0.002138382183
-0.008782090702 0.006999517915
-0.004791056318 0.01001143500
0.0002077947225 0.009904251639
0.004642098016 0.007594066732
0.007986641475 0.003877343841
0.009806003336 -0.0007799002387
0.009393283298 -0.005762837342
0.006079658585 -0.009507151866
0.001127598705 -0.01019787826
-0.003531575479 -0.008383464875
-0.007208930370 -0.004995683741
-0.009496984942 -0.0005499210085
-0.009777917891 0.004442180421
-0.007244093900 0.008752602208
-0.002492638872 0.01030941790
0.002348568733 0.009059334336
0.006330831558 0.006035829285
0.009042855417 0.001835242828
0.009948867218 -0.003081986333
0.008228037345 -0.007776530459
0.003861901426 -0.01021309713
-0.001101377729 -0.009608233479
-0.005361106236 -0.006990082787
-0.008458887374 -0.003065321390
-0.009925382297 0.001714782441
-0.008996333750 0.006627711180
-0.005200498711 0.009882190610
-0.0002022204235 0.01001339334
0.004305737731 0.007850452456
0.007756649471 0.004232274992
0.009726670889 -0.0003632680239
0.009536516975 -0.005359650864
0.006457276298 -0.009298975280
0.001549165193 -0.01025314790
-0.003171731281 -0.008605987772
-0.006946657079 -0.005327278388
-0.009370776251 -0.0009542192488
-0.009852997039 0.004022472736
-0.007570939011 0.008471316536
-0.002918540440 0.01030303364
0.001968011214 0.009243971345
0.006039351534 0.006341526169
0.008874901385 0.002223315752
0.009961453857 -0.002657196898
0.008490552470 -0.007435946641
0.004282686338 -0.01013666185
-0.0007023633217 -0.009750294290
-0.005042444649 -0.007267615480
-0.008253108630 -0.003434648378
-0.009881607694 0.001292717780
-0.009188482612 0.006244442492
-0.005602152164 0.009728439322
-0.0006164746285 0.01010661853
0.003961781771 0.008096750790
0.007516271973 0.004580275367
0.009632197945 0.00005005933679
0.009658115665 -0.004949873490
0.006821021486 -0.009067020150
0.001972931603 -0.01029014095
-0.002805187288 -0.008817191575
-0.006675034606 -0.005651076962
-0.009231109141 -0.001353812371
-0.009908009994 0.003600156264
-0.007878903404 0.008169918452
-0.003344021351 0.01027582556
0.001581486893 0.009415960146
0.005739258457 0.006638742901
0.008694845533 0.002605815300
0.009955915455 -0.002232542134
0.008731559753 -0.007080320297
0.004699307938 -0.01003682927
-0.0002981668973 -0.009877941671
-0.004715692972 -0.007535835060
-0.008036243809 -0.003797661424
-0.009821503140 0.0008727613753
-0.009358530014 0.005851280822
-0.005994158983 0.009550065428
-0.001034408061 0.01018320901
0.003610501395 0.008332583131
0.007265840018 0.004921058611
0.009523120117 0.0004595917496
0.009758476552 -0.004534865914
0.007169123326 -0.008812160604
0.002398150281 -0.01030809382
-0.002432198429 -0.009016687095
-0.006394335189 -0.005966855576
-0.009078452732 -0.001748382746
-0.009943556484 0.003176208150
-0.008166912324 0.007849914980
-0.003768088547 0.01022696133
0.001189199273 0.009574812984
0.005430713638 0.006927256394
0.008503023304 0.002982524044
0.009932829114 -0.001808681999
0.008950690261 -0.006711273484
0.005110238439 -0.009912980810
0.0001108397123 -0.009990520325
-0.004381052630 -0.007794409402
-0.007808600887 -0.004154091704
-0.009745603607 0.0004554658091
-0.009506608346 0.005449750669
-0.006374602593 0.009347254995
-0.001455389645 0.01024243317
0.003252181119 0.008557565971
0.007005682128 0.005254350844
0.009399965577 0.0008648854131
0.009838087490 -0.004115882518
0.007499988292 -0.008535530937
0.002824021804 -0.01030621934
-0.002052992294 -0.009204069849
-0.006104790756 -0.006274406179
-0.008913233528 -0.002137662387
-0.009960246077 0.002751485260
-0.008434131618 0.007512889954
-0.004189608923 0.01015562094
0.0007913773476 0.009719988328
0.005113871638 0.007206814416
0.008299745883 0.003353218006
0.009892751580 -0.001386226355
0.009147748360 -0.006330411849
0.005513777466 -0.009764688417
0.0005241986896 -0.01008733937
-0.004038759783 -0.008042978835
-0.007570499874 -0.004503655181
-0.009654444540 0.00004136128013
-0.009632977905 0.005041315198
-0.006741584561 0.009120511753
-0.001878730718 0.01028354765
0.002887101104 0.008771315180
0.006736109722 0.005579899717
0.009263243484 0.001265552148
0.009897502842 -0.003694056211
0.007812244421 -0.008238470069
0.003249677563 -0.01028370445
-0.001667775017 -0.009378906065
-0.005806594674 -0.006573523409
-0.008735833394 -0.002521417719
-0.009958679659 0.002326741417
-0.008679950590 0.007160461720
-0.004607279929 0.01006103989
0.0003883018057 0.009850889632
0.004788899232 0.007477128420
0.008085315217 0.003717654833
0.009836224959 -0.0009657536561
0.009322694143 -0.005939312352
0.005908089764 -0.009591774115
0.0009413677751 -0.01016768443
-0.003689080580 -0.008281166993
-0.007322270683 -0.004846064422
-0.009548562018 -0.0003690534895
-0.009738012913 0.004627356057
-0.007093302872 0.008870645913
-0.002303694109 0.01030579325
0.002515521983 0.008973443353
0.006457403315 0.005897476584
0.009113431445 0.001661261933
0.009937316992 -0.003270392212
0.008104762435 -0.007922460977
0.003674150892 -0.01023971827
-0.001276748021 -0.009540719022
-0.005499912313 -0.006863989046
-0.008546595045 -0.002899430516
-0.009939439088 0.001902650852
-0.008903958989 0.006794253960
-0.005019614637 0.009942566040
-0.00001967371105 0.009966871157
0.004455990483 0.007737873620
0.007860037148 0.004075570205
0.009763784711 -0.0005478208902
0.009475630004 -0.005539510671
0.006291265453 -0.009394354689
0.001361730498 -0.01023082652
-0.003332298087 -0.008508590867
-0.007064243590 -0.005181041803
-0.009428486757 -0.0007753234461
-0.009822183052 0.004209152778
-0.007428120036 0.008598738439
-0.002729492920 0.01030838847
0.002137677318 0.009163550543
0.006169803955 0.006206870854
0.008950965855 0.002051736863
0.009958139176 -0.002845772902
0.008376655911 -0.007589074567
0.004096342637 -0.01017343489
-0.0008801323173 -0.009688979493
-0.005184898053 -0.007145558183
-0.008345833765 -0.003271479528
-0.009903085291 0.001479832678
-0.009105924410 0.006415877100
-0.005424948605 0.009799723597
-0.0004321107089 0.01006724883
0.004115373911 0.007988695573
0.007624228907 0.004426682572
0.009675965949 -0.0001329638080
0.009606788935 -0.005132485239
0.006661395172 -0.009172863387
0.001784609926 -0.01027602506
-0.002968694918 -0.008724866437
-0.006796735102 -0.005508329737
-0.009294733246 -0.001177047562
-0.009886030178 0.003787866127
-0.007744612281 0.008306088055
-0.003155276054 0.01029052576
0.001753776908 0.009341210732
0.005873512944 0.006507877889
0.008776238274 0.002436737305
0.009960573408 -0.002420973091
0.008627266454 -0.007239924488
0.004514989787 -0.01008407297
-0.0004781950288 -0.009823102869
-0.004861714448 -0.007417950587
-0.008133852288 -0.003637327099
-0.009850162950 0.001058871120
-0.009285773662 0.006026915477
-0.005821472011 0.009632274553
-0.0008484850260 0.01015131256
0.003767309894 0.008229220660
0.007378218805 0.004770704095
0.009573304918 0.0002783108622
0.009716521292 -0.004719637624
0.007016649106 -0.008928044707
0.002209279329 -0.01030252491
-0.002598537027 -0.008929607619
-0.006520033578 -0.005827694533
-0.009147787087 -0.001573883124
-0.009930142075 0.003364529644
-0.008041595790 0.007994150896
-0.003580101504 0.01025137679
0.001364021316 0.009505957752
0.005568700567 0.006800283641
0.008589599272 0.002816043310
0.009945206215 -0.001996682509
0.008856141372 -0.006876635149
0.004928646594 -0.009970950060
-0.00007127220039 -0.009942453521
-0.004530548559 -0.007680849144
-0.007910954697 -0.003996713649
-0.009781208338 0.0006403275751
-0.009443578579 0.005628915165
-0.006207285420 0.009440267496
-0.001268195500 0.01021833611
0.003412079171 0.008459066657
0.007122338157 0.005107353922
0.009456334329 0.0006855373417
0.009805277424 -0.004302271668
0.007355348238 -0.008660923637
0.002634963615 -0.01030955004
-0.002222064107 -0.009122418318
-0.006234389171 -0.006138922452
-0.008988094382 -0.001965541616
-0.009955126649 0.002940051987
-0.008318131111 0.007664482705
-0.004002902486 0.01019011172
0.0009686248989 0.009657274537
0.005255521988 0.007083850098
0.008391368988 0.003189435688
0.009912602951 -0.001573530534
0.009063010564 -0.006500821146
0.005335686137 -0.009833545650
0.0003402169637 -0.01004635480
-0.004191621134 -0.007933905171
-0.007677455434 -0.004349360676
-0.009696756313 0.0002247429479
-0.009579544207 0.005223368891
-0.006580472479 0.009224064927
-0.001690577482 0.01026758154
0.003049965986 0.008677849605
0.006856907832 0.005436369421
0.009325573361 0.001088301976
0.009873585379 -0.003881575571
0.007676018276 -0.008372755686
0.003060827861 -0.01029629862
-0.001839490349 -0.009302879563
-0.005940011554 -0.006441808810
-0.008816056576 -0.002351776411
-0.009961590434 0.002515230080
-0.008573511021 0.007318690868
-0.004422454566 0.01010593508
0.0005678423581 0.009794588637
0.004934136359 0.007358305260
0.008181851641 0.003556681206
0.009863311275 -0.001152107757
0.009247766868 -0.006114073606
0.005734326807 -0.009671564146
0.0007557668472 -0.01013410141
-0.003845186198 -0.008176748333
-0.007433680794 -0.004694980602
-0.009597343052 -0.0001873686361
-0.009693996182 0.004811697094
-0.006939179123 0.008984344092
-0.002114914765 0.01029829744
0.002681241128 0.008885184338
0.006582223522 0.005757511663
0.009181515075 0.001486249154
0.009922025051 -0.003458611307
0.007977421060 -0.008064967276
0.003485953023 -0.01026194585
-0.001451016612 -0.009470535197
-0.005637076727 -0.006736142994
-0.008632032631 -0.002732364888
-0.009950124450 0.002090770395
-0.008807239230 0.006958399528
-0.004837353234 0.009998137211
0.0001619928538 0.009917275037
0.004604724205 0.007623339959
0.007961350010 0.003917525176
0.009797868632 -0.0007329801029
0.009410450987 -0.005717948264
0.006122683229 -0.009484987310
0.001174792285 -0.01020497009
-0.003491521315 -0.008408997538
-0.007179962455 -0.005033289915
-0.009483502759 -0.0005955312386
-0.009787364419 0.004395227030
-0.007281687485 0.008722071503
-0.002540443497 0.01030971298
0.002306150455 0.009080677968
0.006298544367 0.006070563211
0.009024615020 0.001879079131
0.009951201946 -0.003034314469
0.008258563477 -0.007739096612
0.003909303024 -0.01020565971
-0.001056851930 -0.009624880088
-0.005325741597 -0.007021693385
-0.008436348270 -0.003107089174
-0.009921298663 0.001667313650
-0.009019006973 0.006585226795
-0.005246010400 0.009866156064
-0.0002485235447 0.01002466515
0.004267498478 0.007878611775
0.007730175821 0.004271692644
0.009716809765 -0.0003166932996
0.009551239414 -0.005313951194
0.006498836014 -0.009274106933
0.001596641527 -0.01025822543
-0.003130911498 -0.008630268918
-0.006916624902 -0.005364021220
-0.009355758665 -0.0009993188839
-0.009860161869 0.003975173795
-0.007606474298 0.008438456480
-0.002966343722 0.01030103218
0.001924913157 0.009263917848
0.006006088754 0.006375318578
0.008855284633 0.002266537391
0.009961724416 -0.002609505165
0.008518688403 -0.007396743102
0.004329690872 -0.01012663315
-0.0006572397915 -0.009765354090
-0.005006162792 -0.007298196061
-0.008229309923 -0.003475720088
-0.009875664092 0.001245457514
-0.009208672378 0.006200770023
-0.005646675192 0.009709641072
-0.0006632201173 0.01011605899
0.003922706360 0.008123754208
0.007488653032 0.004618896959
0.009620670623 0.00009623170621
0.009670432266 -0.004903520665
0.006860910523 -0.009039531736
0.002020609099 -0.01029311944
-0.002763631791 -0.008840177900
-0.006643970588 -0.005686930238
-0.009214610717 -0.001398362956
-0.009912959232 0.003552627788
-0.007912247479 0.008134892783
-0.003391717700 0.01027143450
0.001537731465 0.009434457240
0.005705039129 0.006671569832
0.008673891733 0.002648397673
0.009954187705 -0.002184907844
0.008757254777 -0.007039529515
0.004745753099 -0.01002413239
-0.0002524832942 -0.009891343258
-0.004678514853 -0.007565349999
-0.008011219594 -0.003838007901
-0.009813759740 0.0008257726489
-0.009376244439 0.005806593903
-0.006037479774 0.009528508801
-0.001081528363 0.01019073657
0.003570621425 0.008358387705
0.007237113044 0.004958852559
0.009509986447 0.0005053094198
0.009768437974 -0.004488006393
0.007207152942 -0.008782167427
0.002445941977 -0.01030888618
-0.002389934123 -0.009038334194
-0.006362267424 -0.006001795350
-0.009060523576 -0.001792351950
-0.009946358475 0.003128552086
-0.008197959782 0.007812898573
-0.003815558359 0.01022008734
0.001144810411 0.009591802642
0.005395555091 0.006959091176
0.008480768326 0.003024442616
0.009929166506 -0.001761175705
0.008973914144 -0.006669076777
0.005155941465 -0.009897557011
0.0001570363425 -0.01000218768
-0.004343003032 -0.007822819506
-0.007782386456 -0.004193681638
-0.009736120438 0.0004088093755
-0.009521870506 0.005404216963
-0.006416505644 0.009322980681
-0.001502810088 0.01024796500
0.003211528581 0.008582128595
0.006975883214 0.005291287640
0.009385283902 0.0009101019187
0.009845753135 -0.004068649741
0.007535992836 -0.008503174221
0.002871834087 -0.01030473553
-0.002010043166 -0.009224330756
-0.006071742750 -0.006308409547
-0.008893918694 -0.002181022609
-0.009960968977 0.002703790969
-0.008462803167 0.007474063415
-0.004236714851 0.01014617448
0.0007463835306 0.009735406273
0.005077791655 0.007237626528
0.008276223810 0.003394446626
0.009887215556 -0.001338914293
0.009168489141 -0.006286987892
0.005558538114 -0.009746504272
0.0005708515520 -0.01009719325
-0.003999867270 -0.008070242478
-0.007543131887 -0.004542456224
-0.009643281810 -4.905089156e-6
-0.009645824431 0.004995094264
-0.006781861385 0.009093595902
-0.001926370879 0.01028699941
0.002845706451 0.008794592646
0.006705272117 0.005615952548
0.009247069212 0.001310227577
0.009902937932 -0.003646569395
0.007846084858 -0.008203910224
0.003297407416 -0.01027985182
-0.001624163515 -0.009397729627
-0.005772586114 -0.006606566798
-0.008715173138 -0.002564144058
-0.009957389842 0.002279088092
-0.008706190628 0.007120007480
-0.004653864321 0.01004894099
0.0003427387849 0.009864665656
0.004751918027 0.007506883136
0.008060559989 0.003758164906
0.009828875818 -0.0009186993351
0.009340956446 -0.005894835857
0.005951696051 -0.009570827421
0.0009884111153 -0.01017564363
-0.003649376389 -0.008307241355
-0.007293786436 -0.004884044690
-0.009535779740 -0.0004148763082
-0.009748492167 0.004580596985
-0.007131760346 0.008841197246
-0.002351468275 0.01030707845
0.002473412825 0.008995391612
0.006425556130 0.005932621085
0.009095815748 0.001705362686
0.009940589609 -0.003222756339
0.008136327322 -0.007885870920
0.003721682164 -0.01023340327
-0.001232497487 -0.009558048561
-0.005464960726 -0.006896046508
-0.008524625865 -0.002941498589
-0.009936200528 0.001855110314
-0.008927732949 0.006752353737
-0.005065499115 0.009927751319
-0.00006576104880 0.009978930145
0.004418131953 0.007766532454
0.007834083744 0.004115330821
0.009754682464 -0.0005010855985
0.009491433696 -0.005494150798
0.006333501536 -0.009370678171
0.001409091086 -0.01023680848
-0.003291814299 -0.008533432843
-0.007034679581 -0.005218171243
-0.009414143729 -0.0008206548570
-0.009830352735 0.004161992036
-0.007464586986 0.008566892991
-0.002777309144 0.01030741775
0.002094878216 0.009184123339
0.006136971684 0.006241084026
0.008931954919 0.002095234449
0.009959317689 -0.002798079943
0.008405860349 -0.007550634024
0.004143542197 -0.01016456669
-0.0008352699667 -0.009704752121
-0.005149020936 -0.007176600113
-0.008322589991 -0.003312863650
-0.009897959812 0.001432471947
-0.009127216439 0.006372710266
-0.005469936399 0.009782153433
-0.0004786676993 0.01007751214
0.004076665844 0.008016217329
0.007597113719 0.004465661490
0.009665170772 -0.00008660607921
0.009620167778 -0.005086403548
0.006702050245 -0.009146525475
0.001832208534 -0.01027994584
-0.002927462470 -0.008748432880
-0.006766125345 -0.005544580928
-0.009278885650 -0.001221846186
-0.009891954483 0.003740426137
-0.007778943596 0.008272002573
-0.003203033704 0.01028720694
0.001710310471 0.009360357974
0.005839716007 0.006541136464
0.008755873352 0.002479606415
0.009959724674 -0.002373304258
0.008654049814 -0.007199815747
0.004561704614 -0.01007256892
-0.0004327547989 -0.009837249626
-0.004824931332 -0.007447943179
-0.008109367768 -0.003677999240
-0.009843211022 0.001011754226
-0.009304584826 0.005982657747
-0.005865353127 0.009611939400
-0.0008954477910 0.01015969934
0.003727783071 0.008255562686
0.007349979090 0.004808869198
0.009560876935 0.0003242364684
0.009727521230 -0.004672985728
0.007055525991 -0.008899147277
0.002257031446 -0.01030429855
-0.002556584223 -0.008951854766
-0.006488408178 -0.005863042635
-0.009130487123 -0.001618114032
-0.009933888692 0.003316918483
-0.008073673935 0.007957996058
-0.003627687690 0.01024561629
0.001319910439 0.009523624075
0.005533956794 0.006832562328
0.008567917574 0.002858259624
0.009942394745 -0.001949111019
0.008880464635 -0.006835040250
0.004974702811 -0.009956742440
-0.00002529685003 -0.009954900267
-0.004492882469 -0.007709754672
-0.007885264116 -0.004036643353
-0.009772489979 0.0005935163136
-0.009459925472 0.005583737093
-0.006249844117 0.009417192153
-0.001315492328 0.01022476408
0.003371765662 0.008484185863
0.007093010735 0.005144674655
0.009442332720 0.0007309816200
0.009813954320 -0.004255188993
0.007392270442 -0.008629597204
0.002682778838 -0.01030908785
-0.002179416135 -0.009143300542
-0.006201773636 -0.006173344291
-0.008969389370 -0.002009175328
-0.009956764071 0.002892364348
-0.008347865461 0.007626437147
-0.004050188146 0.01018181768
0.0009238956774 0.009673398447
0.005219848692 0.007115120179
0.008368405176 0.003230973933
0.009907890991 -0.001526124282
0.009084853899 -0.006457920096
0.005380890707 -0.009816588979
0.0003866749311 -0.01005702356
-0.004153099033 -0.007961682934
-0.007650594883 -0.004388515881
-0.009686331653 0.0001782965519
-0.009593457638 0.005177433919
-0.006621496060 0.009198309991
-0.001738130376 0.01027196710
0.003008897140 0.008701702874
0.006826527409 0.005472817752
0.009310055015 0.001133222076
0.009880002244 -0.003834187728
0.007710834682 -0.008339152998
0.003108607764 -0.01029350900
-0.001796170094 -0.009322347761
-0.005906427110 -0.006475281329
-0.008795988817 -0.002394787101
-0.009961185959 0.002467549335
-0.008600835788 0.007278936599
-0.004469291257 0.01009502250
0.0005225270224 0.009809102469
0.004897552467 0.007388533866
0.008157639536 0.003597513911
0.009856759514 -0.001104931336
0.009267127715 -0.006070043051
0.005778472090 -0.009651841751
0.0008026454972 -0.01014291172
-0.003805838331 -0.008203355897
-0.007405687431 -0.004733329030
-0.009585272283 -0.0002333946006
-0.009705519566 0.004765159249
-0.006978466705 0.008956004355
-0.002162640387 0.01030055516
0.002639445917 0.008907728132
0.006550821163 0.005793062230
0.009164533177 0.001530608769
0.009926249050 -0.003411029515
0.008010008005 -0.008029256476
0.003533587776 -0.01025673530
-0.001407046668 -0.009488535273
-0.005602541612 -0.006768641494
-0.008610640117 -0.002774728202
-0.009947743134 0.002043171291
-0.008832110826 0.006917118824
-0.004883571663 0.009984534427
0.0001161320793 0.009930105694
0.004567251886 0.007652490172
0.007935924031 0.003957622383
0.009789537121 -0.0006860957945
0.009427342605 -0.005672960053
0.006165554029 -0.009462516133
0.001222021505 -0.01021183995
-0.003451379637 -0.008434391851
-0.007150873336 -0.005070800560
-0.009469845377 -0.0006410862713
-0.009796551643 0.004348228613
-0.007319057488 0.008691271638
-0.002588252883 0.01030975481
0.002263654734 0.009101867206
0.006266146610 0.006105192585
0.009006218015 0.001922847705
0.009953301595 -0.002986636249
0.008288824509 -0.007701455018
0.003956667476 -0.01019793563
-0.001012257418 -0.009641351944
-0.005290273049 -0.007053189998
-0.008413666081 -0.003148780187
-0.009917003207 0.001619865059
-0.009041401492 0.006542600237
-0.005291421486 0.009849812048
-0.0002948794309 0.01003573538
0.004229163842 0.007906643450
0.007703571744 0.004311022540
0.009706758591 -0.0002701609815
0.009565689580 -0.005268170539
0.006540218178 -0.009248939660
0.001644144602 -0.01026307157
-0.003090007686 -0.008654406873
-0.006886475349 -0.005400665445
-0.009340572194 -0.001044358675
-0.009867074614 0.003927843574
-0.007641769705 0.008405344893
-0.003014140483 0.01029876713
0.001881740186 0.009283704341
0.005972717695 0.006409003831
0.008835515902 0.002309688470
0.009961767405 -0.002561816179
0.008546552442 -0.007357352292
0.004376641083 -0.01011630848
-0.0006120513493 -0.009780231391
-0.004969779211 -0.007328658859
-0.008205371926 -0.003516711878
-0.009869515454 0.001198224635
-0.009228583566 0.006156975114
-0.005691074007 0.009690532262
-0.0007100111924 0.01012528879
0.003883539032 0.008150625189
0.007460907853 0.004657427182
0.009608960005 0.0001423555373
0.009682481761 -0.004857103889
0.006900599839 -0.009011755856
0.002068303851 -0.01029585690
-0.002721995443 -0.008863016126
-0.006612792576 -0.005722682121
-0.009197949272 -0.001442849781
-0.009917663996 0.003505080162
-0.007945338483 0.008099634772
-0.003439394872 0.01026676933
0.001493903678 0.009452788111
0.005670713514 0.006704286775
0.008652790123 0.002690906766
0.009952239627 -0.002137284509
0.008782673537 -0.006998571906
0.004792124412 -0.01001113189
-0.0002067395745 -0.009904554016
-0.004641237593 -0.007594742915
-0.007986059979 -0.003878271038
-0.009805818038 0.0007788182467
-0.009393682156 0.005761803699
-0.006080652093 0.009506644390
-0.001128686194 0.01019804423
0.003530653147 0.008384055003
0.007208263975 0.004996551705
0.009496676131 0.0005509730242
0.009778138576 -0.004441098579
0.007244963003 -0.008751901465
0.002493740792 -0.01030942755
-0.002347591789 -0.009059828080
-0.006330088527 -0.006036631140
-0.009042436711 -0.001836254094
-0.009948923691 0.003080887490
-0.008228744006 0.007775669897
-0.003862994523 0.01021292890
0.001100352105 0.009608619175
0.005360292189 0.006990812749
0.008458369421 0.003066285075
0.009925290553 -0.001713687979
0.008996859546 -0.006626733456
0.005201548952 -0.009881824467
0.0002032871943 -0.01001365544
-0.004304857324 -0.007851103013
-0.007756040678 -0.004233184625
-0.009726445718 0.0003621939202
-0.009536859424 0.005358598331
-0.006458236305 0.009298405394
-0.001550259300 0.01025326754
0.003170791260 0.008606549105
0.006945966107 0.005328126485
0.009370431975 0.0009552595474
0.009853165046 -0.004021382773
0.007571760853 -0.008470561900
0.002919642456 -0.01030299046
-0.001967018571 -0.009244432945
-0.006038585987 -0.006342306350
-0.008874450898 -0.002224312881
-0.009961462662 0.002656097493
-0.008491204111 0.007435045054
-0.004283770475 0.01013643399
0.0007013238766 0.009750643494
0.005041609433 0.007268321741
0.008252561598 0.003435596053
0.009881472997 -0.001291628043
0.009188951161 -0.006243437157
0.005603179879 -0.009728009486
0.0006175516774 -0.01010683852
-0.003960882050 -0.008097374755
-0.007515636731 -0.004581166691
-0.009631934289 -0.00005112423548
-0.009658402598 0.004948805707
-0.006821943232 0.009066389739
-0.001974030454 0.01029021231
0.002804230272 0.008817723115
0.006674319810 0.005651904585
0.009230730663 0.001354840058
0.009908126842 -0.003599060872
0.007879674886 -0.008169113679
0.003345121043 -0.01027572742
-0.001580479068 -0.009416388404
-0.005738470837 -0.006639500857
-0.008694364177 -0.002606797724
-0.009955878114 0.002231443960
-0.008732155178 0.007079381890
-0.004700379398 0.01003654000
0.0002971144885 0.009878252744
0.004714837068 0.007536516804
0.008035668483 0.003798592419
0.009821326880 -0.0008716778189
0.009358941482 -0.005850251886
0.005995159258 -0.009549571978
0.001035493840 -0.01018338500
-0.003609583086 -0.008333179515
-0.007265179187 -0.004921930895
-0.009522819357 -0.0004606462297
-0.009758709123 0.004533786272
-0.007170002435 0.008811472292
-0.002399251877 0.01030811491
0.002431225041 0.009017187821
0.006393597222 0.005967662170
0.009078041213 0.001749397069
0.009943623748 -0.003175109696
0.008167630981 -0.007849064092
0.003769183178 -0.01022680607
-0.001188176814 -0.009575206569
-0.005429904346 -0.006927991516
-0.008502511910 -0.002983491198
-0.009932747092 0.001807586690
-0.008951228748 0.006710302441
-0.005111293033 0.009912628737
-0.0001119040122 0.009990791518
0.004380176603 0.007795065727
0.007807998080 0.004155005299
0.009745387166 -0.0004543898381
0.009506963247 -0.005448702006
0.006375570456 -0.009346698824
0.001456482441 -0.01024256327
-0.003251244962 -0.008558133780
-0.007004996544 -0.005255203405
-0.009399629060 -0.0008659283947
-0.009838267060 0.004114794114
-0.007500820913 0.008534787949
-0.002825123998 0.01030618806
0.002052003090 0.009204538682
0.006104030166 0.006275191216
0.008912790012 0.002138662704
0.009960265328 -0.002750385819
0.008434795591 -0.007511997109
0.004190695351 -0.01015540649
-0.0007903409031 -0.009720345768
-0.005113041082 -0.007207526004
-0.008299205238 -0.003354169290
-0.009892626296 0.001385135441
-0.009148229612 0.006329412292
-0.005514810599 0.009764272737
-0.0005252735847 0.01008756886
0.004037864286 0.008043608787
0.007569870427 0.004504550632
0.009654189305 -0.00004029422934
0.009633277067 -0.005040250497
0.006742515193 -0.009119894573
0.001879828684 -0.01028362990
-0.002886147802 -0.008771853419
-0.006735400154 -0.005580731933
-0.009262872492 -0.001266582703
-0.009897630909 0.003692961807
-0.007813027314 0.008237676083
-0.003250777995 0.01028361869
0.001666770516 0.009379341833
0.005805811918 0.006574286347
0.008735358816 0.002522403455
0.009958652431 -0.002325642825
0.008680558569 -0.007159531123
0.004608354548 -0.01006076438
-0.0003872521897 -0.009851209315
-0.004788047874 -0.007477815680
-0.008084746102 -0.003718589591
-0.009836057803 0.0009646686051
-0.009323118246 0.005938288314
-0.005909096558 0.009591294736
-0.0009424517589 0.01016787035
0.003688166333 0.008281769584
0.007321615458 0.004846940992
0.009548269375 0.0003701103794
0.009738257438 -0.004626278770
0.007094191796 -0.008869970192
0.002304795275 -0.01030582567
-0.002514552179 -0.008973951008
-0.006456670440 -0.005898287890
-0.009113027165 -0.001662279279
-0.009937395124 0.003269294249
-0.008105492996 0.007921619968
-0.003675246902 0.01023957587
0.001275728759 0.009541120425
0.005499107797 0.006864729292
0.008546090249 0.002900401109
0.009939366859 -0.001901554773
0.008904510153 -0.006793289802
0.005020673358 -0.009942227997
0.00002073547626 -0.009967151356
-0.004455118868 -0.007738535668
-0.007859440367 -0.004076487726
-0.009763577067 0.0005467431172
-0.009475997398 0.005538466060
-0.006292240934 0.009393812319
-0.001362821892 0.01023096696
0.003331365829 0.008509165104
0.007063563429 0.005181898797
0.009428158062 0.0007763690654
0.009822374259 -0.004208066067
0.007428963276 -0.008598007282
0.002730595177 -0.01030836900
-0.002136691579 -0.009164026552
-0.006169048343 -0.006207660721
-0.008950529356 -0.002052740340
-0.009958168949 0.002844673514
-0.008377332152 0.007588190671
-0.004097431181 0.01017323374
0.0008790989129 0.009689345090
0.005184072179 0.007146275060
0.008345299544 0.003272434389
0.009902969488 -0.001478740660
0.009106418370 -0.006414883519
0.005425986915 -0.009799322069
0.0004331833759 -0.01006748773
-0.004114482676 -0.007989331463
-0.007623605299 -0.004427582115
-0.009675719204 0.0001318946661
-0.009607100382 0.005131423790
-0.006662334469 0.009172259559
-0.001785706911 0.01027611809
0.002967745363 0.008725411326
0.006796030794 0.005509166519
0.009294369799 0.001178080949
0.009886169541 -0.003786772832
0.007745406458 -0.008305305051
0.003156377096 -0.01029045228
-0.001752775757 -0.009341653946
-0.005872735070 -0.006508645782
-0.008775770513 -0.002437726326
-0.009960556366 0.002419874160
-0.008627886949 0.007239001905
-0.004516067364 0.01008381116
0.0004771482543 0.009823431078
0.004860867661 0.007418643320
0.008133289422 0.003638265585
0.009850004967 -0.001057784642
0.009286210423 -0.006025896528
0.005822485081 -0.009631809278
0.0008495671334 -0.01015150831
-0.003766399744 -0.008229829410
-0.007377569227 -0.004771584919
-0.009573020458 -0.0002793701094
-0.009716777836 0.004718562845
-0.007017547650 0.008927381730
-0.002210379963 0.01030256856
0.002597570832 0.008930122152
0.006519305822 0.005828510527
0.009147390097 0.001574903465
0.009930231152 -0.003363432276
0.008042338160 -0.007993319968
0.003581198745 -0.01025124714
-0.001363005279 -0.009506366902
-0.005567900846 -0.006801028980
-0.008589101112 -0.002817017314
-0.009945143848 0.001995585734
-0.008856705194 0.006875678079
-0.004929709221 0.009970625999
0.00007021303031 0.009942742637
0.004529681386 0.007681516868
0.007910363985 0.003997635061
0.009781009560 -0.0006392480661
0.009443958504 -0.005627874789
0.006208268279 -0.009439739001
0.001269285403 -0.01021848681
-0.003411150845 -0.008459647273
-0.007121663459 -0.005108215319
-0.009456013520 -0.0006865855524
-0.009805480342 0.004301186790
-0.007356201933 0.008660204486
-0.002636065823 0.01030954226
0.002221081856 0.009122901447
0.006233638560 0.006139717125
0.008987664946 0.001966548225
0.009955167020 -0.002938952742
0.008318819551 -0.007663607963
0.004003992974 -0.01018992378
-0.0009675945710 -0.009657648213
-0.005254700817 -0.007084572225
-0.008390841230 -0.003190394095
-0.009912496697 0.001572437483
-0.009063517233 0.006499833739
-0.005336729387 0.009833158259
-0.0003412873317 0.01004660304
0.004190734193 0.007934546951
0.007676837704 0.004350264274
0.009696518125 -0.0002236717765
0.009579867989 -0.005222310866
0.006581420215 -0.009223474564
0.001691673390 -0.01026768527
-0.003049020210 -0.008678401093
-0.006856208818 -0.005437210741
-0.009325217518 -0.001089338153
-0.009873736116 0.003880483508
-0.007676823602 0.008371983860
-0.003061929385 0.01029623732
0.001838492574 0.009303330160
0.005939238583 0.006442581628
0.008815595676 0.002352768689
0.009961583651 -0.002514130895
0.008574143984 -0.007317776507
0.004423534905 -0.01010568688
-0.0005667984737 -0.009794925287
-0.004933294171 -0.007359003423
-0.008181295064 -0.003557623385
-0.009863162534 0.001151019925
-0.009248216305 0.006113059942
-0.005735345907 0.009671113001
-0.0007568469963 0.01013430690
0.003844280181 0.008177363192
0.007433036904 0.004695865643
0.009597066843 0.0001884301832
0.009694264808 -0.004810624983
0.006940087084 -0.008983694006
0.002116014764 -0.01029835223
-0.002680278573 -0.008885705697
-0.006581500914 -0.005758332319
-0.009181125430 -0.001487272453
-0.009922125152 0.003457514641
-0.007978175132 0.008064146634
-0.003487051348 0.01026182886
0.001450003830 0.009470952023
0.005636281819 0.006736893393
0.008631541147 0.002733342274
0.009950072017 -0.002089673001
0.008807815686 -0.006957449750
0.004838419548 -0.009997827078
-0.0001609363384 -0.009917572982
-0.004603861506 -0.007624013312
-0.007960765407 -0.003918450440
-0.009797678788 0.0007318989261
-0.009410843478 0.005716912311
-0.006123673223 0.009484472757
-0.001175880608 0.01020513095
0.003490596958 0.008409584483
0.007179293260 0.005034155681
0.009483189901 0.0005965819900
0.009787579119 -0.004394144130
0.007282551457 -0.008721364533
0.002541545543 -0.01030971680
-0.002305171721 -0.009081168160
-0.006297798783 -0.006071362660
-0.009024192696 -0.001880088841
-0.009951252991 0.003033215466
-0.008259264038 0.007738231235
-0.003910395287 0.01020548489
0.001055824717 0.009625261766
0.005324925151 0.007022420725
0.008435827013 0.003108051094
0.009921202027 -0.001666219642
0.009019526346 -0.006584245767
0.005247058352 -0.009865782790
0.0002495915419 -0.01002492261
-0.004266615866 -0.007879259396
-0.007729564015 -0.004272600261
-0.009716580204 0.0003156201637
-0.009551575581 0.005312896769
-0.006499791959 0.009273530143
-0.001597736263 0.01025833975
0.003129969535 0.008630826957
0.006915931220 0.005364867049
0.009355410488 0.001000357810
0.009860324056 -0.003974083092
0.007607290630 -0.008437696021
0.002967445605 -0.01030098294
-0.001923918783 -0.009264375768
-0.006005320708 -0.006376096294
-0.008854830637 -0.002267532899
-0.009961727966 0.002608405811
-0.008519333784 0.007395837170
-0.004330773780 0.01012639848
0.0006561988436 0.009765699098
0.005005325227 0.007298899613
0.008228759675 0.003476665925
0.009875524661 -0.001244368398
0.009209134504 -0.006199761839
0.005647700075 -0.009709204075
0.0006642982279 -0.01011627413
-0.003921804515 -0.008124375127
-0.007488014874 -0.004619786182
-0.009620402733 -0.00009729549458
-0.009670713035 0.004902451386
-0.006861827693 0.009038894682
-0.002021708361 0.01029318526
0.002762672905 0.008840706033
0.006643253159 0.005687755527
0.009214228473 0.001399389179
0.009913070435 -0.003551531938
0.007913013142 -0.008134082629
0.003392816969 -0.01027133005
-0.001536721966 -0.009434881675
-0.005704249056 -0.006672325258
-0.008673406964 -0.002649378413
-0.009954145276 0.002183809911
-0.008757843839 0.007038587235
-0.004746822885 0.01002383612
0.0002514294906 0.009891649943
0.004677656658 0.007566028937
0.008010641141 0.003838936982
0.009813578899 -0.0008246898724
0.009376649526 -0.005805562559
0.006038476660 -0.009528008249
0.001082615021 -0.01019090750
-0.003569701074 -0.008358980933
-0.007236449392 -0.004959722665
-0.009509681606 -0.0005063626633
-0.009768664526 0.004486925617
-0.007208027016 0.008781472804
-0.002447043755 0.01030890149
0.002388958929 0.009038831396
0.006361526890 0.006002599553
0.009060108413 0.001793364734
0.009946420271 -0.003127453418
0.008198672384 -0.007812042762
0.003816652238 -0.01021992553
-0.001143786343 -0.009592192247
-0.005394743389 -0.006959823695
-0.008480253608 -0.003025408022
-0.009929079557 0.001760080811
-0.008974446215 0.006668102325
-0.005156993889 0.009897197825
-0.0001581019042 0.01000245428
0.004342124782 0.007823472922
0.007781780613 0.004194593237
0.009735899572 -0.0004077343368
0.009522219104 -0.005403166316
0.006417469566 -0.009322417559
0.001503903562 -0.01024808982
-0.003210590462 -0.008582693137
-0.006975194898 -0.005292137949
-0.009384943452 -0.0009111435522
-0.009845926847 0.004067560527
-0.007536820027 0.008502425316
-0.002872936209 0.01030469825
0.002009052217 0.009224795939
0.006070979648 0.006309192133
0.008893471645 0.002182021320
0.009960982935 -0.002702691532
0.008463460912 -0.007473166119
0.004237800146 -0.01014595326
-0.0007453455599 -0.009735759558
-0.005076958737 -0.007238335428
-0.008275679927 -0.003395396091
-0.009887085502 0.001337823962
-0.009168963967 0.006285985384
-0.005559568539 0.009746081430
-0.0005719275489 0.01009741795
0.003998969630 0.008070869409
0.007542499502 0.004543349595
0.009643022306 5.971061682e-6
0.009646117400 -0.004994027980
0.006782787552 -0.009092972012
0.001927469307 -0.01028707617
-0.002844751264 -0.008795127504
-0.006704559898 -0.005616782446
-0.009246694425 -0.001311256689
-0.009903060314 0.003645474474
-0.007846861996 0.008203110756
-0.003298507492 0.01027975981
0.001623157328 0.009398161605
0.005771800895 0.006607327222
0.008714695125 0.002565128124
0.009957357490 -0.002277989699
0.008706792263 -0.007119072906
0.004654937370 -0.01004865853
-0.0003416877476 -0.009864980995
-0.004751064363 -0.007507567612
-0.008059987726 -0.003759097767
-0.009828704047 0.0009176150289
-0.009341374156 0.005893809315
-0.005952699581 0.009570340918
-0.0009894960203 0.01017582454
0.003648460081 0.008307840814
0.007293128369 0.004884919098
0.009535482982 0.0004159319885
0.009748730637 -0.004579518485
0.007132644332 -0.008840515134
0.002352569675 -0.01030710515
-0.002472441202 -0.008995895770
-0.006424820674 -0.005933430014
-0.009095407798 -0.001706378510
-0.009940662233 0.003221658111
-0.008137051876 0.007885024886
-0.003722777499 0.01023325437
0.001231476601 0.009558446020
0.005464153790 0.006896784168
0.008524117725 0.002942467449
0.009936123336 -0.001854014611
0.008928277705 -0.006751386067
0.005066555780 -0.009927406184
0.00006682410765 -0.009979205801
-0.004417258100 -0.007767191615
-0.007833483907 -0.004116246364
-0.009754470361 0.0005000087247
-0.009491794767 0.005493104111
-0.006334473197 0.009370128808
-0.001410183204 0.01023694370
0.003290880060 0.008534003837
0.007033996670 0.005219026002
0.009413811068 0.0008216991516
0.009830538047 -0.004160904447
0.007465424878 -0.008566155824
0.002778411387 -0.01030739232
-0.002093890718 -0.009184595726
-0.006136213549 -0.006241871456
-0.008931514863 -0.002096236334
-0.009959342130 0.002796980512
-0.008406530395 0.007549745572
-0.004144629697 0.01016435882
0.0008342350162 0.009705113603
0.005148192688 0.007177314321
0.008322052514 0.003313816709
0.009897839204 -0.001431380474
0.009127703972 -0.006371713634
0.005470972124 -0.009781744746
0.0004797415062 -0.01007774630
-0.004075772445 -0.008016850223
-0.007596487150 -0.004466558972
-0.009664919723 0.00008553798375
-0.009620473005 0.005085340429
-0.006702985189 0.009145914877
-0.001833306030 0.01028003343
0.002926511013 0.008748974413
0.006765418370 0.005545415406
0.009278518378 0.001222878148
0.009892088123 -0.003739332263
0.007779732084 -0.008271213988
0.003204134456 -0.01028712727
-0.001709307620 -0.009360797430
-0.005838935659 -0.006541901856
-0.008755402136 -0.002480593780
-0.009959702470 0.002372205485
-0.008654663984 0.007198889082
-0.004562780723 0.01007230019
0.0004317065782 0.009837573533
0.004824082228 0.007448633150
0.008108801735 0.003678935847
0.009843048391 -0.001010668458
0.009305015183 -0.005981636197
0.005866363056 -0.009611466986
0.0008965308608 -0.01015989013
-0.003726870841 -0.008256168328
-0.007349326648 -0.004809747877
-0.009560588326 -0.0003252945332
-0.009727771687 0.004671909658
-0.007056419696 0.008898477833
-0.002258132365 0.01030433654
0.002555616195 0.008952365828
0.006487677827 0.005863856264
0.009130086437 0.001619132865
0.009933972224 -0.003315820797
0.008074410346 -0.007957160003
0.003628784330 -0.01024548020
-0.001318892764 -0.009524029316
-0.005533154642 -0.006833305098
-0.008567416051 -0.002859231910
-0.009942327381 0.001948014583
-0.008881022059 0.006834079565
-0.004975763494 0.009956411312
0.00002423635607 0.009955184885
0.004492013042 0.007710419534
0.007884670327 0.004037562805
0.009772286707 -0.0005924376704
0.009460299055 -0.005582694548
0.006250823278 -0.009416656628
0.001316583000 -0.01022490961
-0.003370835339 -0.008484763261
-0.007092333267 -0.005145533832
-0.009442007913 -0.0007320285294
-0.009814151306 0.004254103167
-0.007393118872 0.008628871955
-0.002683881088 0.01030907417
0.002178432113 0.009143780077
0.006201020490 0.006174136538
0.008968956354 0.002010180360
0.009956799071 -0.002891265015
0.008348547742 -0.007625557746
0.004051277675 -0.01018162308
-0.0009228637851 -0.009673768048
-0.005219025136 -0.007115839658
-0.008367874143 -0.003231930553
-0.009907779897 0.001525031741
-0.009085354141 0.006456929538
-0.005381931491 0.009816194438
-0.0003877464747 0.01005726709
0.004152209912 0.007962321743
0.007649974172 0.004389417437
0.009686089127 -0.0001772263953
0.009593775175 -0.005176374136
0.006622439559 -0.009197712801
0.001739226845 -0.01027206544
-0.003007949445 -0.008702251032
-0.006825825711 -0.005473656784
-0.009309695317 -0.001134256851
-0.009880147219 0.003833095022
-0.007711634389 0.008338375491
-0.003109709064 0.01029344155
0.001795170604 0.009322794632
0.005905651654 0.006476051662
0.008795524439 0.002395777739
0.009961173978 -0.002466450264
0.008601462453 -0.007278018051
0.004470370227 -0.01009476742
-0.0005214816667 -0.009809434860
-0.004896707946 -0.007389229290
-0.008157079771 -0.003598454229
-0.009856606089 0.001103844176
-0.009267570739 0.006069026686
-0.005779488174 0.009651383455
-0.0008037266503 0.01014311230
0.003804930216 0.008203967674
0.007405040657 0.004734211945
0.009584991891 0.0002344549947
0.009705782073 -0.004764085766
0.006979369931 -0.008955347727
0.002163740723 -0.01030060433
-0.002638481514 -0.008908246046
-0.006550095945 -0.005793880533
-0.009164139809 -0.001531630579
-0.009926343566 0.003409932477
-0.008010756173 0.008028430603
-0.003534685574 0.01025661192
0.001406032233 0.009488948226
0.005601744265 0.006769389339
0.008610145250 0.002775703884
0.009947685667 -0.002042074197
0.008832680896 -0.006916165329
0.004884636142 -0.009984217255
-0.0001150742111 -0.009930399185
-0.004566386918 -0.007653160686
-0.007935336331 -0.003958545705
-0.009789342749 0.0006850154500
-0.009427728737 0.005671921836
-0.006166540448 0.009461994519
-0.001223110642 0.01021199569
0.003450453266 0.008434975603
0.007150201351 0.005071664123
0.009469528488 0.0006421357472
0.009796760375 -0.004347144691
0.007319916286 -0.008690558482
0.002589355028 -0.01030975278
-0.002262674215 -0.009102353834
-0.006265398478 -0.006105989624
-0.009005792086 -0.001923855854
-0.009953347231 0.002985537107
-0.008289518951 0.007700584875
-0.003957758865 0.01019775419
0.001011228621 0.009641729585
0.005289454207 0.007053914708
0.008413141529 0.003149740337
0.009916901697 -0.001618771522
0.009041914441 -0.006541615954
0.005292467093 -0.009849431635
0.0002959486396 -0.01003598819
-0.004228279033 -0.007907288124
-0.007702956935 -0.004311928132
-0.009706524657 0.0002690888275
-0.009566019478 0.005267114267
-0.006541170003 0.009248355990
-0.001645239947 0.01026318055
0.003089063786 0.008654961606
0.006885778963 0.005401509000
0.009340220130 0.001045396219
0.009867231000 -0.003926752164
0.007642580490 -0.008404578658
0.003015242203 -0.01029871180
-0.001880744085 -0.009284158566
-0.005971947152 -0.006409779075
-0.008835058406 -0.002310682351
-0.009961765719 0.002560716897
-0.008547191550 0.007356442068
-0.004377722719 0.01011606698
0.0006110089075 0.009780572182
0.004968939303 0.007329359693
0.008204818470 0.003517655872
0.009869371304 -0.001197136155
0.009229039273 -0.006155964131
0.005692095998 -0.009690088106
0.0007110903471 -0.01012549906
-0.003882635069 -0.008151243050
-0.007460266789 -0.004658314297
-0.009608687897 -0.0001434182025
-0.009682756381 0.004856033153
-0.006901512379 0.009011112191
-0.002069403501 0.01029591715
0.002721034695 0.008863540840
0.006612072522 0.005723505072
0.009197563277 0.001443874532
0.009917769574 -0.003503983882
0.007946098299 -0.008098819286
0.003440493684 -0.01026665854
-0.001492892513 -0.009453208707
-0.005669920991 -0.006705039663
-0.008652301951 -0.002691885815
-0.009952192129 0.002136186836
-0.008783256227 0.006997625806
-0.004793192470 0.01001082862
0.0002056843903 0.009904856291
0.004640377115 0.007595419035
0.007985478408 0.003879198194
0.009805632634 -0.0007777362690
0.009394080868 -0.005760769998
0.006081645525 -0.009506136749
0.001129773707 -0.01019821008
-0.003529730763 -0.008384645060
-0.007207597513 -0.004997419621
-0.009496367226 -0.0005520250153
-0.009778359124 0.004440016708
-0.007245831992 0.008751200574
-0.002494842721 0.01030943706
0.002346614800 0.009060321743
0.006329345434 0.006037432943
0.009042017919 0.001837265329
0.009948980039 -0.003079788638
0.008229450529 -0.007774809220
0.003864087607 -0.01021276052
-0.001099326441 -0.009609004780
-0.005359478083 -0.006991542653
-0.008457851390 -0.003067248723
-0.009925198695 0.001712593522
-0.008997385196 0.006625755651
-0.005202599144 0.009881458159
-0.0002043539976 0.01001391743
0.004303976863 0.007851753504
0.007755431812 0.004234094215
0.009726220445 -0.0003611198348
0.009537201728 -0.005357545750
0.006459196221 -0.009297835346
0.001551353425 -0.01025338706
-0.003169851191 -0.008607110364
-0.006945275071 -0.005328974533
-0.009370087608 -0.0009562998179
-0.009853332919 0.004020292788
-0.007572582570 0.008469807127
-0.002920744473 0.01030294714
0.001966025885 0.009244894462
0.006037820381 0.006343086477
0.008874000329 0.002225309977
0.009961471347 -0.002654998086
0.008491855610 -0.007434143364
0.004284854587 -0.01013620598
-0.0007002843935 -0.009750992603
-0.005040774161 -0.007269027942
-0.008252014490 -0.003436543689
-0.009881338191 0.001290538316
-0.009189419563 0.006242431753
-0.005604207533 0.009727579483
-0.0006186287548 0.01010705839
0.003959982276 0.008097998653
0.007515001420 0.004582057969
0.009631670534 0.00005218911258
0.009658689389 -0.004947737885
0.006822864876 -0.009065759174
0.001975129318 -0.01029028355
-0.002803273208 -0.008818254578
-0.006673604951 -0.005652732156
-0.009230352096 -0.001355867714
-0.009908243560 0.003597965465
-0.007880446235 0.008168308779
-0.003346220729 0.01027562913
0.001579471202 0.009416816575
0.005737683159 0.006640258757
0.008693882742 0.002607780111
0.009955840655 -0.002230345789
0.008732750458 -0.007078443392
0.004701450823 -0.01003625056
-0.0002960620448 -0.009878563716
-0.004713981108 -0.007537198484
-0.008035093084 -0.003799523372
-0.009821150512 0.0008705942776
-0.009359352803 0.005849222892
-0.005996159457 0.009549078364
-0.001036579642 0.01018356088
0.003608664729 0.008333775828
0.007264518290 0.004922803131
0.009522518501 0.0004617006834
0.009758941556 -0.004532706603
0.007170881430 -0.008810783832
0.002400353481 -0.01030813586
-0.002430251609 -0.009017688466
-0.006392859195 -0.005968468711
-0.009077629608 -0.001750411358
-0.009943690885 0.003174011234
-0.008168349501 0.007848213087
-0.003770277795 0.01022665066
0.001187154315 0.009575600065
0.005429094997 0.006928726579
0.008502000439 0.002984458314
0.009932664957 -0.001806491387
0.008951767089 -0.006709331316
0.005112347581 -0.009912276499
0.0001129683444 -0.009991062607
-0.004379300522 -0.007795721988
-0.007807395200 -0.004155918851
-0.009745170621 0.0004533138852
-0.009507318003 0.005447653294
-0.006376538231 0.009346142491
-0.001457575255 0.01024269324
0.003250308758 0.008558701516
0.007004310894 0.005256055915
0.009399292451 0.0008669713477
0.009838446496 -0.004113705687
0.007501653410 -0.008534044823
0.002826226194 -0.01030615665
-0.002051013844 -0.009205007432
-0.006103269517 -0.006275976199
-0.008912346414 -0.002139662987
-0.009960284458 0.002749286374
-0.008435459423 0.007511104159
-0.004191781757 0.01015519188
0.0007893044211 0.009720703114
0.005112210469 0.007208237532
0.008298664516 0.003355120533
0.009892500901 -0.001384044538
0.009148710717 -0.006328412664
0.005515843673 -0.009763856891
0.0005263485075 -0.01008779824
-0.004036968739 -0.008044238670
-0.007569240912 -0.004505446038
-0.009653933971 0.00003922720100
-0.009633576087 0.005039185756
-0.006743445724 0.009119277237
-0.001880926663 0.01028371203
0.002885194455 0.008772391581
0.006734690522 0.005581564098
0.009262501412 0.001267613228
0.009897758845 -0.003691867389
0.007813810076 -0.008236881969
0.003251878422 -0.01028353279
-0.001665765974 -0.009379777514
-0.005805029103 -0.006575049230
-0.008734884157 -0.002523389155
-0.009958625085 0.002324544233
-0.008681166404 0.007158600431
-0.004609429134 0.01006048871
0.0003862025375 0.009851528899
0.004787196460 0.007478502878
0.008084176913 0.003719524307
0.009835890540 -0.0009635835675
0.009323542203 -0.005937264215
0.005910103282 -0.009590815190
0.0009435357678 -0.01016805615
-0.003687252035 -0.008282372105
-0.007320960165 -0.004847817516
-0.009547976635 -0.0003711672454
-0.009738501824 0.004625201451
-0.007095080610 0.008869294321
-0.002305896451 0.01030585796
0.002513582328 0.008974458584
0.006455937503 0.005899099145
0.009112622798 0.001663296595
0.009937473128 -0.003268196275
0.008106223422 -0.007920778840
0.003676342901 -0.01023943331
-0.001274709455 -0.009541521738
-0.005498303223 -0.006865469481
-0.008545585374 -0.002901371665
-0.009939294515 0.001900458697
-0.008905061171 0.006792325559
-0.005021732037 0.009941889789
-0.00002179727539 0.009967431452
0.004454247199 0.007739197652
0.007858843514 0.004077405205
0.009763369320 -0.0005456653608
0.009476364647 -0.005537421396
0.006293216332 -0.009393269786
0.001363913306 -0.01023110729
-0.003330433521 -0.008509739268
-0.007062883202 -0.005182755743
-0.009427829275 -0.0007774146579
-0.009822565331 0.004206979332
-0.007429806396 0.008597275982
-0.002731697438 0.01030834939
0.002135705796 0.009164502479
0.006168292671 0.006208450535
0.008950092773 0.002053743784
0.009958198599 -0.002843574119
0.008378008253 -0.007587306666
0.004098519705 -0.01017303244
-0.0008780654688 -0.009689710593
-0.005183246247 -0.007146991877
-0.008344765246 -0.003273389211
-0.009902853573 0.001477648651
-0.009106912184 0.006413889863
-0.005427025169 0.009798920374
-0.0004342560732 0.01006772653
0.004113591386 0.007989967286
0.007622981619 0.004428481614
0.009675472358 -0.0001308255446
0.009607411686 -0.005130362298
0.006663273668 -0.009171655573
0.001786803911 -0.01027621101
-0.002966795761 -0.008725956139
-0.006795326422 -0.005510003251
-0.009294006263 -0.001179114306
-0.009886308773 0.003785679520
-0.007746200506 0.008304521917
-0.003157478133 0.01029037866
0.001751774564 0.009342097074
0.005871957138 0.006509413619
0.008775302671 0.002438715312
0.009960539205 -0.002418775230
0.008628507299 -0.007238079225
0.004517144911 -0.01008354919
-0.0004761014436 -0.009823759188
-0.004860020819 -0.007419335992
-0.008132726482 -0.003639204030
-0.009849846877 0.001056698178
-0.009286647038 0.006024877517
-0.005823498083 0.009631343837
-0.0008506492665 0.01015170395
0.003765489542 0.008230438090
0.007376919580 0.004772465696
0.009572735901 0.0002804293327
0.009717034240 -0.004717488032
0.007018446086 -0.008926718601
0.002211480607 -0.01030261209
-0.002596604592 -0.008930636606
-0.006518578003 -0.005829326470
-0.009146993020 -0.001575923773
-0.009930320102 0.003362334896
-0.008043080394 0.007992488919
-0.003582295976 0.01025111735
0.001361989200 0.009506775962
0.005567101066 0.006801774261
0.008588602872 0.002817991281
0.009945081366 -0.001994488962
0.008857268870 -0.006874720921
0.004930771807 -0.009970301774
-0.00006915382687 -0.009943031651
-0.004528814160 -0.007682184528
-0.007909773200 -0.003998556429
-0.009780810678 0.0006381685744
-0.009444338284 0.005626834361
-0.006209251056 0.009439210343
-0.001270375327 0.01021863740
0.003410222472 0.008460227816
0.007120988696 0.005109076666
0.009455692618 0.0006876337348
0.009805683123 -0.004300101888
0.007357055507 -0.008659485193
0.002637168033 -0.01030953435
-0.002220099564 -0.009123384493
-0.006232887890 -0.006140511742
-0.008987235427 -0.001967554799
-0.009955207266 0.002937853494
-0.008319507849 0.007662733113
-0.004005083442 0.01018973569
0.0009665642057 0.009658021796
0.005253879589 0.007085294293
0.008390313395 0.003191352462
0.009912390331 -0.001571344442
0.009064023755 -0.006498846259
0.005337772582 -0.009832770703
0.0003423577288 -0.01004685116
-0.004189847199 -0.007935188664
-0.007676219906 -0.004351167828
-0.009696279837 0.0002226006262
-0.009580191629 0.005221252797
-0.006582367856 0.009222884043
-0.001692769314 0.01026778887
0.003048074387 0.008678952507
0.006855509741 0.005438052010
0.009324861586 0.001090374301
0.009873886720 -0.003879391428
0.007677628800 -0.008371211900
0.003063030907 -0.01029617587
-0.001837494756 -0.009303780673
-0.005938465554 -0.006443354391
-0.008815134694 -0.002353760932
-0.009961576748 0.002513031709
-0.008574776804 0.007316862047
-0.004424615215 0.01010543853
0.0005657545533 0.009795261839
0.004932451928 0.007359701525
0.008180738413 0.003558565523
0.009863013684 -0.001149932105
0.009248665594 -0.006112046214
0.005736364940 -0.009670661691
0.0007579271706 -0.01013451229
