x y
0.000000000000000 4.14000000000000
0.00200000000000000 4.1400
0.00400000000000000 4.1436
0.00600000000000000 4.1505
0.00800000000000000 4.1598
0.0100000000000000 4.1703
0.0120000000000000 4.1814
0.0140000000000000 4.1926
0.0160000000000000 4.2039
0.0180000000000000 4.2150
0.0200000000000000 4.2260
0.0220000000000000 4.2367
0.0240000000000000 4.2473
0.0260000000000000 4.2577
0.0280000000000000 4.2680
0.0300000000000000 4.2780
0.0320000000000000 4.2879
0.0340000000000000 4.2976
0.0360000000000000 4.3072
0.0380000000000000 4.3166
0.0400000000000000 4.3259
0.0420000000000000 4.3351
0.0440000000000000 4.3441
0.0460000000000000 4.3531
0.0480000000000000 4.3619
0.0500000000000000 4.3706
0.0520000000000000 4.3792
0.0540000000000000 4.3877
0.0560000000000000 4.3962
0.0580000000000000 4.4045
0.0600000000000000 4.4128
0.0620000000000000 4.4210
0.0640000000000000 4.4291
0.0660000000000000 4.4371
0.0680000000000000 4.4451
0.0700000000000000 4.4529
0.0720000000000000 4.4608
0.0740000000000000 4.4685
0.0760000000000000 4.4762
0.0780000000000000 4.4839
0.0800000000000000 4.4915
0.0820000000000000 4.4990
0.0840000000000000 4.5065
0.0860000000000000 4.5139
0.0880000000000000 4.5213
0.0900000000000000 4.5286
0.0920000000000000 4.5359
0.0940000000000000 4.5431
0.0960000000000000 4.5503
0.0980000000000000 4.5574
0.100000000000000 4.5645
0.102000000000000 4.5716
0.104000000000000 4.5786
0.106000000000000 4.5856
0.108000000000000 4.5925
0.110000000000000 4.5994
0.112000000000000 4.6063
0.114000000000000 4.6131
0.116000000000000 4.6199
0.118000000000000 4.6267
0.120000000000000 4.6334
0.122000000000000 4.6401
0.124000000000000 4.6468
0.126000000000000 4.6534
0.128000000000000 4.6600
0.130000000000000 4.6666
0.132000000000000 4.6731
0.134000000000000 4.6797
0.136000000000000 4.6862
0.138000000000000 4.6926
0.140000000000000 4.6991
0.142000000000000 4.7055
0.144000000000000 4.7119
0.146000000000000 4.7182
0.148000000000000 4.7246
0.150000000000000 4.7309
0.152000000000000 4.7372
0.154000000000000 4.7435
0.156000000000000 4.7497
0.158000000000000 4.7559
0.160000000000000 4.7621
0.162000000000000 4.7683
0.164000000000000 4.7745
0.166000000000000 4.7806
0.168000000000000 4.7868
0.170000000000000 4.7929
0.172000000000000 4.7990
0.174000000000000 4.8050
0.176000000000000 4.8111
0.178000000000000 4.8171
0.180000000000000 4.8231
0.182000000000000 4.8291
0.184000000000000 4.8351
0.186000000000000 4.8410
0.188000000000000 4.8470
0.190000000000000 4.8529
0.192000000000000 4.8588
0.194000000000000 4.8647
0.196000000000000 4.8706
0.198000000000000 4.8765
0.200000000000000 4.8823
0.202000000000000 4.8882
0.204000000000000 4.8940
0.206000000000000 4.8998
0.208000000000000 4.9056
0.210000000000000 4.9114
0.212000000000000 4.9171
0.214000000000000 4.9229
0.216000000000000 4.9286
0.218000000000000 4.9343
0.220000000000000 4.9401
0.222000000000000 4.9458
0.224000000000000 4.9515
0.226000000000000 4.9571
0.228000000000000 4.9628
0.230000000000000 4.9685
0.232000000000000 4.9741
0.234000000000000 4.9797
0.236000000000000 4.9853
0.238000000000000 4.9909
0.240000000000000 4.9965
0.242000000000000 5.0021
0.244000000000000 5.0077
0.246000000000000 5.0133
0.248000000000000 5.0188
0.250000000000000 5.0244
0.252000000000000 5.0299
0.254000000000000 5.0354
0.256000000000000 5.0409
0.258000000000000 5.0465
0.260000000000000 5.0520
0.262000000000000 5.0574
0.264000000000000 5.0629
0.266000000000000 5.0684
0.268000000000000 5.0739
0.270000000000000 5.0793
0.272000000000000 5.0848
0.274000000000000 5.0902
0.276000000000000 5.0956
0.278000000000000 5.1010
0.280000000000000 5.1064
0.282000000000000 5.1118
0.284000000000000 5.1172
0.286000000000000 5.1226
0.288000000000000 5.1280
0.290000000000000 5.1334
0.292000000000000 5.1387
0.294000000000000 5.1441
0.296000000000000 5.1494
0.298000000000000 5.1548
0.300000000000000 5.1601
0.302000000000000 5.1655
0.304000000000000 5.1708
0.306000000000000 5.1761
0.308000000000000 5.1814
0.310000000000000 5.1867
0.312000000000000 5.1920
0.314000000000000 5.1973
0.316000000000000 5.2026
0.318000000000000 5.2079
0.320000000000000 5.2132
0.322000000000000 5.2184
0.324000000000000 5.2237
0.326000000000000 5.2290
0.328000000000000 5.2342
0.330000000000000 5.2395
0.332000000000000 5.2447
0.334000000000000 5.2499
0.336000000000000 5.2552
0.338000000000000 5.2604
0.340000000000000 5.2656
0.342000000000000 5.2709
0.344000000000000 5.2761
0.346000000000000 5.2813
0.348000000000000 5.2865
0.350000000000000 5.2917
0.352000000000000 5.2969
0.354000000000000 5.3021
0.356000000000000 5.3073
0.358000000000000 5.3124
0.360000000000000 5.3176
0.362000000000000 5.3228
0.364000000000000 5.3280
0.366000000000000 5.3331
0.368000000000000 5.3383
0.370000000000000 5.3435
0.372000000000000 5.3486
0.374000000000000 5.3538
0.376000000000000 5.3589
0.378000000000000 5.3641
0.380000000000000 5.3692
0.382000000000000 5.3744
0.384000000000000 5.3795
0.386000000000000 5.3846
0.388000000000000 5.3898
0.390000000000000 5.3949
0.392000000000000 5.4000
0.394000000000000 5.4051
0.396000000000000 5.4103
0.398000000000000 5.4154
0.400000000000000 5.4205
0.402000000000000 5.4256
0.404000000000000 5.4307
0.406000000000000 5.4358
0.408000000000000 5.4409
0.410000000000000 5.4460
0.412000000000000 5.4511
0.414000000000000 5.4562
0.416000000000000 5.4613
0.418000000000000 5.4664
0.420000000000000 5.4715
0.422000000000000 5.4766
0.424000000000000 5.4817
0.426000000000000 5.4868
0.428000000000000 5.4919
0.430000000000000 5.4970
0.432000000000000 5.5021
0.434000000000000 5.5071
0.436000000000000 5.5122
0.438000000000000 5.5173
0.440000000000000 5.5224
0.442000000000000 5.5275
0.444000000000000 5.5325
0.446000000000000 5.5376
0.448000000000000 5.5427
0.450000000000000 5.5478
0.452000000000000 5.5528
0.454000000000000 5.5579
0.456000000000000 5.5630
0.458000000000000 5.5681
0.460000000000000 5.5731
0.462000000000000 5.5782
0.464000000000000 5.5833
0.466000000000000 5.5883
0.468000000000000 5.5934
0.470000000000000 5.5985
0.472000000000000 5.6036
0.474000000000000 5.6086
0.476000000000000 5.6137
0.478000000000000 5.6188
0.480000000000000 5.6239
0.482000000000000 5.6289
0.484000000000000 5.6340
0.486000000000000 5.6391
0.488000000000000 5.6442
0.490000000000000 5.6492
0.492000000000000 5.6543
0.494000000000000 5.6594
0.496000000000000 5.6645
0.498000000000000 5.6695
0.500000000000000 5.6746
0.502000000000000 5.6797
0.504000000000000 5.6848
0.506000000000000 5.6898
0.508000000000000 5.6949
0.510000000000000 5.7000
0.512000000000000 5.7051
0.514000000000000 5.7102
0.516000000000000 5.7152
0.518000000000000 5.7203
0.520000000000000 5.7254
0.522000000000000 5.7305
0.524000000000000 5.7356
0.526000000000000 5.7407
0.528000000000000 5.7458
0.530000000000000 5.7509
0.532000000000000 5.7560
0.534000000000000 5.7611
0.536000000000000 5.7662
0.538000000000000 5.7713
0.540000000000000 5.7764
0.542000000000000 5.7815
0.544000000000000 5.7866
0.546000000000000 5.7917
0.548000000000000 5.7969
0.550000000000000 5.8020
0.552000000000000 5.8071
0.554000000000000 5.8122
0.556000000000000 5.8174
0.558000000000000 5.8225
0.560000000000000 5.8276
0.562000000000000 5.8327
0.564000000000000 5.8379
0.566000000000000 5.8430
0.568000000000000 5.8482
0.570000000000000 5.8533
0.572000000000000 5.8585
0.574000000000000 5.8636
0.576000000000000 5.8688
0.578000000000000 5.8740
0.580000000000000 5.8791
0.582000000000000 5.8843
0.584000000000000 5.8895
0.586000000000000 5.8947
0.588000000000000 5.8998
0.590000000000000 5.9050
0.592000000000000 5.9102
0.594000000000000 5.9154
0.596000000000000 5.9206
0.598000000000000 5.9258
0.600000000000000 5.9310
0.602000000000000 5.9362
0.604000000000000 5.9415
0.606000000000000 5.9467
0.608000000000000 5.9519
0.610000000000000 5.9572
0.612000000000000 5.9624
0.614000000000000 5.9676
0.616000000000000 5.9729
0.618000000000000 5.9781
0.620000000000000 5.9834
0.622000000000000 5.9887
0.624000000000000 5.9940
0.626000000000000 5.9992
0.628000000000000 6.0045
0.630000000000000 6.0098
0.632000000000000 6.0151
0.634000000000000 6.0204
0.636000000000000 6.0257
0.638000000000000 6.0311
0.640000000000000 6.0364
0.642000000000000 6.0417
0.644000000000000 6.0471
0.646000000000000 6.0524
0.648000000000000 6.0578
0.650000000000000 6.0631
0.652000000000000 6.0685
0.654000000000000 6.0739
0.656000000000000 6.0793
0.658000000000000 6.0846
0.660000000000000 6.0900
0.662000000000000 6.0955
0.664000000000000 6.1009
0.666000000000000 6.1063
0.668000000000000 6.1117
0.670000000000000 6.1172
0.672000000000000 6.1226
0.674000000000000 6.1281
0.676000000000000 6.1336
0.678000000000000 6.1390
0.680000000000000 6.1445
0.682000000000000 6.1500
0.684000000000000 6.1555
0.686000000000000 6.1610
0.688000000000000 6.1666
0.690000000000000 6.1721
0.692000000000000 6.1777
0.694000000000000 6.1832
0.696000000000000 6.1888
0.698000000000000 6.1944
0.700000000000000 6.2000
0.702000000000000 6.2056
0.704000000000000 6.2112
0.706000000000000 6.2168
0.708000000000000 6.2225
0.710000000000000 6.2281
0.712000000000000 6.2338
0.714000000000000 6.2395
0.716000000000000 6.2452
0.718000000000000 6.2509
0.720000000000000 6.2566
0.722000000000000 6.2623
0.724000000000000 6.2681
0.726000000000000 6.2738
0.728000000000000 6.2796
0.730000000000000 6.2854
0.732000000000000 6.2912
0.734000000000000 6.2970
0.736000000000000 6.3029
0.738000000000000 6.3087
0.740000000000000 6.3146
0.742000000000000 6.3205
0.744000000000000 6.3264
0.746000000000000 6.3323
0.748000000000000 6.3383
0.750000000000000 6.3442
0.752000000000000 6.3502
0.754000000000000 6.3562
0.756000000000000 6.3622
0.758000000000000 6.3683
0.760000000000000 6.3743
0.762000000000000 6.3804
0.764000000000000 6.3865
0.766000000000000 6.3926
0.768000000000000 6.3988
0.770000000000000 6.4049
0.772000000000000 6.4111
0.774000000000000 6.4173
0.776000000000000 6.4236
0.778000000000000 6.4298
0.780000000000000 6.4361
0.782000000000000 6.4424
0.784000000000000 6.4487
0.786000000000000 6.4551
0.788000000000000 6.4615
0.790000000000000 6.4679
0.792000000000000 6.4744
0.794000000000000 6.4808
0.796000000000000 6.4873
0.798000000000000 6.4939
0.800000000000000 6.5005
0.802000000000000 6.5070
0.804000000000000 6.5137
0.806000000000000 6.5204
0.808000000000000 6.5271
0.810000000000000 6.5338
0.812000000000000 6.5406
0.814000000000000 6.5474
0.816000000000000 6.5543
0.818000000000000 6.5612
0.820000000000000 6.5681
0.822000000000000 6.5751
0.824000000000000 6.5821
0.826000000000000 6.5892
0.828000000000000 6.5963
0.830000000000000 6.6035
0.832000000000000 6.6107
0.834000000000000 6.6180
0.836000000000000 6.6254
0.838000000000000 6.6327
0.840000000000000 6.6402
0.842000000000000 6.6477
0.844000000000000 6.6553
0.846000000000000 6.6629
0.848000000000000 6.6706
0.850000000000000 6.6784
0.852000000000000 6.6863
0.854000000000000 6.6942
0.856000000000000 6.7022
0.858000000000000 6.7103
0.860000000000000 6.7185
0.862000000000000 6.7268
0.864000000000000 6.7352
0.866000000000000 6.7437
0.868000000000000 6.7523
0.870000000000000 6.7610
0.872000000000000 6.7699
0.874000000000000 6.7789
0.876000000000000 6.7880
0.878000000000000 6.7972
0.880000000000000 6.8066
0.882000000000000 6.8162
0.884000000000000 6.8260
0.886000000000000 6.8359
0.888000000000000 6.8460
0.890000000000000 6.8564
0.892000000000000 6.8669
0.894000000000000 6.8777
0.896000000000000 6.8887
0.898000000000000 6.8998
0.900000000000000 6.9111
0.902000000000000 6.9222
0.904000000000000 6.9329
0.906000000000000 6.9420
0.908000000000000 6.9476
0.910000000000000 6.9461
0.912000000000000 6.9358
0.914000000000000 6.9207
0.916000000000000 6.9043
0.918000000000000 6.8879
0.920000000000000 6.8718
0.922000000000000 6.8561
0.924000000000000 6.8408
0.926000000000000 6.8259
0.928000000000000 6.8112
0.930000000000000 6.7969
0.932000000000000 6.7828
0.934000000000000 6.7689
0.936000000000000 6.7553
0.938000000000000 6.7418
0.940000000000000 6.7285
0.942000000000000 6.7153
0.944000000000000 6.7023
0.946000000000000 6.6893
0.948000000000000 6.6765
0.950000000000000 6.6638
0.952000000000000 6.6511
0.954000000000000 6.6386
0.956000000000000 6.6260
0.958000000000000 6.6136
0.960000000000000 6.6012
0.962000000000000 6.5888
0.964000000000000 6.5764
0.966000000000000 6.5641
0.968000000000000 6.5518
0.970000000000000 6.5395
0.972000000000000 6.5272
0.974000000000000 6.5149
0.976000000000000 6.5026
0.978000000000000 6.4903
0.980000000000000 6.4780
0.982000000000000 6.4656
0.984000000000000 6.4532
0.986000000000000 6.4407
0.988000000000000 6.4282
0.990000000000000 6.4157
0.992000000000000 6.4031
0.994000000000000 6.3904
0.996000000000000 6.3776
0.998000000000000 6.3647
1.00000000000000 6.3518
1.00200000000000 6.3387
1.00400000000000 6.3255
1.00600000000000 6.3121
1.00800000000000 6.2986
1.01000000000000 6.2849
1.01200000000000 6.2711
1.01400000000000 6.2570
1.01600000000000 6.2427
1.01800000000000 6.2281
1.02000000000000 6.2132
1.02200000000000 6.1980
1.02400000000000 6.1825
1.02600000000000 6.1664
1.02800000000000 6.1499
1.03000000000000 6.1328
1.03200000000000 6.1150
1.03400000000000 6.0963
1.03600000000000 6.0766
1.03800000000000 6.0555
1.04000000000000 6.0328
1.04200000000000 6.0081
1.04400000000000 5.9849
1.04600000000000 6.0035
1.04800000000000 6.0315
1.05000000000000 6.0574
1.05200000000000 6.0821
1.05400000000000 6.1059
1.05600000000000 6.1292
1.05800000000000 6.1522
1.06000000000000 6.1751
1.06200000000000 6.1981
1.06400000000000 6.2212
1.06600000000000 6.2447
1.06800000000000 6.2687
1.07000000000000 6.2935
1.07200000000000 6.3194
1.07400000000000 6.3467
1.07600000000000 6.3763
1.07800000000000 6.4093
1.08000000000000 6.4481
1.08200000000000 6.4850
1.08400000000000 6.4499
1.08600000000000 6.4184
1.08800000000000 6.3885
1.09000000000000 6.3593
1.09200000000000 6.3300
1.09400000000000 6.3002
1.09600000000000 6.2693
1.09800000000000 6.2364
