x y
0.000000000000000 9.25000000000000
0.00200000000000000 9.2481
0.00400000000000000 9.2461
0.00600000000000000 9.2442
0.00800000000000000 9.2422
0.0100000000000000 9.2403
0.0120000000000000 9.2384
0.0140000000000000 9.2364
0.0160000000000000 9.2345
0.0180000000000000 9.2326
0.0200000000000000 9.2306
0.0220000000000000 9.2287
0.0240000000000000 9.2267
0.0260000000000000 9.2247
0.0280000000000000 9.2228
0.0300000000000000 9.2208
0.0320000000000000 9.2189
0.0340000000000000 9.2169
0.0360000000000000 9.2150
0.0380000000000000 9.2130
0.0400000000000000 9.2111
0.0420000000000000 9.2091
0.0440000000000000 9.2072
0.0460000000000000 9.2052
0.0480000000000000 9.2033
0.0500000000000000 9.2013
0.0520000000000000 9.1994
0.0540000000000000 9.1974
0.0560000000000000 9.1954
0.0580000000000000 9.1935
0.0600000000000000 9.1915
0.0620000000000000 9.1895
0.0640000000000000 9.1876
0.0660000000000000 9.1856
0.0680000000000000 9.1836
0.0700000000000000 9.1817
0.0720000000000000 9.1797
0.0740000000000000 9.1777
0.0760000000000000 9.1758
0.0780000000000000 9.1738
0.0800000000000000 9.1718
0.0820000000000000 9.1698
0.0840000000000000 9.1679
0.0860000000000000 9.1659
0.0880000000000000 9.1639
0.0900000000000000 9.1620
0.0920000000000000 9.1600
0.0940000000000000 9.1580
0.0960000000000000 9.1560
0.0980000000000000 9.1541
0.100000000000000 9.1521
0.102000000000000 9.1501
0.104000000000000 9.1481
0.106000000000000 9.1461
0.108000000000000 9.1441
0.110000000000000 9.1422
0.112000000000000 9.1402
0.114000000000000 9.1382
0.116000000000000 9.1362
0.118000000000000 9.1342
0.120000000000000 9.1322
0.122000000000000 9.1302
0.124000000000000 9.1283
0.126000000000000 9.1263
0.128000000000000 9.1243
0.130000000000000 9.1223
0.132000000000000 9.1203
0.134000000000000 9.1183
0.136000000000000 9.1163
0.138000000000000 9.1143
0.140000000000000 9.1123
0.142000000000000 9.1103
0.144000000000000 9.1083
0.146000000000000 9.1063
0.148000000000000 9.1043
0.150000000000000 9.1023
0.152000000000000 9.1003
0.154000000000000 9.0983
0.156000000000000 9.0963
0.158000000000000 9.0943
0.160000000000000 9.0923
0.162000000000000 9.0903
0.164000000000000 9.0883
0.166000000000000 9.0863
0.168000000000000 9.0843
0.170000000000000 9.0823
0.172000000000000 9.0803
0.174000000000000 9.0783
0.176000000000000 9.0762
0.178000000000000 9.0742
0.180000000000000 9.0722
0.182000000000000 9.0702
0.184000000000000 9.0682
0.186000000000000 9.0662
0.188000000000000 9.0642
0.190000000000000 9.0621
0.192000000000000 9.0601
0.194000000000000 9.0581
0.196000000000000 9.0561
0.198000000000000 9.0541
0.200000000000000 9.0521
0.202000000000000 9.0501
0.204000000000000 9.0480
0.206000000000000 9.0460
0.208000000000000 9.0440
0.210000000000000 9.0420
0.212000000000000 9.0399
0.214000000000000 9.0379
0.216000000000000 9.0359
0.218000000000000 9.0338
0.220000000000000 9.0318
0.222000000000000 9.0298
0.224000000000000 9.0278
0.226000000000000 9.0257
0.228000000000000 9.0237
0.230000000000000 9.0217
0.232000000000000 9.0196
0.234000000000000 9.0176
0.236000000000000 9.0156
0.238000000000000 9.0135
0.240000000000000 9.0115
0.242000000000000 9.0095
0.244000000000000 9.0074
0.246000000000000 9.0054
0.248000000000000 9.0034
0.250000000000000 9.0013
0.252000000000000 8.9993
0.254000000000000 8.9972
0.256000000000000 8.9952
0.258000000000000 8.9931
0.260000000000000 8.9911
0.262000000000000 8.9890
0.264000000000000 8.9870
0.266000000000000 8.9850
0.268000000000000 8.9829
0.270000000000000 8.9809
0.272000000000000 8.9788
0.274000000000000 8.9768
0.276000000000000 8.9747
0.278000000000000 8.9727
0.280000000000000 8.9706
0.282000000000000 8.9686
0.284000000000000 8.9665
0.286000000000000 8.9645
0.288000000000000 8.9624
0.290000000000000 8.9604
0.292000000000000 8.9583
0.294000000000000 8.9562
0.296000000000000 8.9542
0.298000000000000 8.9521
0.300000000000000 8.9501
0.302000000000000 8.9480
0.304000000000000 8.9459
0.306000000000000 8.9439
0.308000000000000 8.9418
0.310000000000000 8.9398
0.312000000000000 8.9377
0.314000000000000 8.9356
0.316000000000000 8.9336
0.318000000000000 8.9315
0.320000000000000 8.9295
0.322000000000000 8.9274
0.324000000000000 8.9253
0.326000000000000 8.9232
0.328000000000000 8.9212
0.330000000000000 8.9191
0.332000000000000 8.9170
0.334000000000000 8.9149
0.336000000000000 8.9129
0.338000000000000 8.9108
0.340000000000000 8.9087
0.342000000000000 8.9066
0.344000000000000 8.9046
0.346000000000000 8.9025
0.348000000000000 8.9004
0.350000000000000 8.8983
0.352000000000000 8.8963
0.354000000000000 8.8942
0.356000000000000 8.8921
0.358000000000000 8.8900
0.360000000000000 8.8880
0.362000000000000 8.8859
0.364000000000000 8.8838
0.366000000000000 8.8817
0.368000000000000 8.8796
0.370000000000000 8.8775
0.372000000000000 8.8754
0.374000000000000 8.8733
0.376000000000000 8.8712
0.378000000000000 8.8692
0.380000000000000 8.8671
0.382000000000000 8.8650
0.384000000000000 8.8629
0.386000000000000 8.8608
0.388000000000000 8.8587
0.390000000000000 8.8566
0.392000000000000 8.8545
0.394000000000000 8.8524
0.396000000000000 8.8503
0.398000000000000 8.8483
0.400000000000000 8.8462
0.402000000000000 8.8441
0.404000000000000 8.8420
0.406000000000000 8.8399
0.408000000000000 8.8378
0.410000000000000 8.8356
0.412000000000000 8.8335
0.414000000000000 8.8314
0.416000000000000 8.8293
0.418000000000000 8.8272
0.420000000000000 8.8251
0.422000000000000 8.8230
0.424000000000000 8.8209
0.426000000000000 8.8188
0.428000000000000 8.8167
0.430000000000000 8.8146
0.432000000000000 8.8125
0.434000000000000 8.8104
0.436000000000000 8.8083
0.438000000000000 8.8062
0.440000000000000 8.8041
0.442000000000000 8.8020
0.444000000000000 8.7999
0.446000000000000 8.7977
0.448000000000000 8.7956
0.450000000000000 8.7935
0.452000000000000 8.7914
0.454000000000000 8.7893
0.456000000000000 8.7871
0.458000000000000 8.7850
0.460000000000000 8.7829
0.462000000000000 8.7808
0.464000000000000 8.7787
0.466000000000000 8.7765
0.468000000000000 8.7744
0.470000000000000 8.7723
0.472000000000000 8.7702
0.474000000000000 8.7681
0.476000000000000 8.7659
0.478000000000000 8.7638
0.480000000000000 8.7617
0.482000000000000 8.7596
0.484000000000000 8.7574
0.486000000000000 8.7553
0.488000000000000 8.7532
0.490000000000000 8.7511
0.492000000000000 8.7489
0.494000000000000 8.7468
0.496000000000000 8.7447
0.498000000000000 8.7425
0.500000000000000 8.7404
0.502000000000000 8.7383
0.504000000000000 8.7361
0.506000000000000 8.7340
0.508000000000000 8.7318
0.510000000000000 8.7297
0.512000000000000 8.7276
0.514000000000000 8.7254
0.516000000000000 8.7233
0.518000000000000 8.7212
0.520000000000000 8.7190
0.522000000000000 8.7169
0.524000000000000 8.7148
0.526000000000000 8.7126
0.528000000000000 8.7105
0.530000000000000 8.7083
0.532000000000000 8.7062
0.534000000000000 8.7041
0.536000000000000 8.7019
0.538000000000000 8.6998
0.540000000000000 8.6976
0.542000000000000 8.6955
0.544000000000000 8.6933
0.546000000000000 8.6912
0.548000000000000 8.6890
0.550000000000000 8.6869
0.552000000000000 8.6847
0.554000000000000 8.6826
0.556000000000000 8.6804
0.558000000000000 8.6783
0.560000000000000 8.6761
0.562000000000000 8.6740
0.564000000000000 8.6718
0.566000000000000 8.6696
0.568000000000000 8.6675
0.570000000000000 8.6653
0.572000000000000 8.6632
0.574000000000000 8.6610
0.576000000000000 8.6589
0.578000000000000 8.6567
0.580000000000000 8.6546
0.582000000000000 8.6524
0.584000000000000 8.6503
0.586000000000000 8.6481
0.588000000000000 8.6459
0.590000000000000 8.6438
0.592000000000000 8.6416
0.594000000000000 8.6394
0.596000000000000 8.6373
0.598000000000000 8.6351
0.600000000000000 8.6329
0.602000000000000 8.6308
0.604000000000000 8.6286
0.606000000000000 8.6264
0.608000000000000 8.6243
0.610000000000000 8.6221
0.612000000000000 8.6199
0.614000000000000 8.6178
0.616000000000000 8.6156
0.618000000000000 8.6134
0.620000000000000 8.6113
0.622000000000000 8.6091
0.624000000000000 8.6069
0.626000000000000 8.6048
0.628000000000000 8.6026
0.630000000000000 8.6004
0.632000000000000 8.5982
0.634000000000000 8.5961
0.636000000000000 8.5939
0.638000000000000 8.5917
0.640000000000000 8.5895
0.642000000000000 8.5873
0.644000000000000 8.5851
0.646000000000000 8.5830
0.648000000000000 8.5808
0.650000000000000 8.5786
0.652000000000000 8.5764
0.654000000000000 8.5742
0.656000000000000 8.5721
0.658000000000000 8.5699
0.660000000000000 8.5677
0.662000000000000 8.5655
0.664000000000000 8.5633
0.666000000000000 8.5611
0.668000000000000 8.5590
0.670000000000000 8.5568
0.672000000000000 8.5546
0.674000000000000 8.5524
0.676000000000000 8.5502
0.678000000000000 8.5480
0.680000000000000 8.5459
0.682000000000000 8.5437
0.684000000000000 8.5415
0.686000000000000 8.5393
0.688000000000000 8.5371
0.690000000000000 8.5349
0.692000000000000 8.5327
0.694000000000000 8.5305
0.696000000000000 8.5283
0.698000000000000 8.5261
0.700000000000000 8.5239
0.702000000000000 8.5217
0.704000000000000 8.5195
0.706000000000000 8.5173
0.708000000000000 8.5151
0.710000000000000 8.5129
0.712000000000000 8.5107
0.714000000000000 8.5085
0.716000000000000 8.5063
0.718000000000000 8.5041
0.720000000000000 8.5019
0.722000000000000 8.4997
0.724000000000000 8.4975
0.726000000000000 8.4953
0.728000000000000 8.4931
0.730000000000000 8.4909
0.732000000000000 8.4887
0.734000000000000 8.4865
0.736000000000000 8.4843
0.738000000000000 8.4821
0.740000000000000 8.4799
0.742000000000000 8.4777
0.744000000000000 8.4755
0.746000000000000 8.4733
0.748000000000000 8.4711
0.750000000000000 8.4688
0.752000000000000 8.4666
0.754000000000000 8.4644
0.756000000000000 8.4622
0.758000000000000 8.4600
0.760000000000000 8.4578
0.762000000000000 8.4556
0.764000000000000 8.4534
0.766000000000000 8.4511
0.768000000000000 8.4489
0.770000000000000 8.4467
0.772000000000000 8.4445
0.774000000000000 8.4423
0.776000000000000 8.4401
0.778000000000000 8.4379
0.780000000000000 8.4357
0.782000000000000 8.4334
0.784000000000000 8.4312
0.786000000000000 8.4290
0.788000000000000 8.4268
0.790000000000000 8.4246
0.792000000000000 8.4224
0.794000000000000 8.4201
0.796000000000000 8.4179
0.798000000000000 8.4157
0.800000000000000 8.4135
0.802000000000000 8.4112
0.804000000000000 8.4090
0.806000000000000 8.4068
0.808000000000000 8.4045
0.810000000000000 8.4023
0.812000000000000 8.4001
0.814000000000000 8.3979
0.816000000000000 8.3956
0.818000000000000 8.3934
0.820000000000000 8.3912
0.822000000000000 8.3889
0.824000000000000 8.3867
0.826000000000000 8.3845
0.828000000000000 8.3823
0.830000000000000 8.3800
0.832000000000000 8.3778
0.834000000000000 8.3756
0.836000000000000 8.3734
0.838000000000000 8.3711
0.840000000000000 8.3689
0.842000000000000 8.3667
0.844000000000000 8.3644
0.846000000000000 8.3622
0.848000000000000 8.3600
0.850000000000000 8.3578
0.852000000000000 8.3555
0.854000000000000 8.3533
0.856000000000000 8.3510
0.858000000000000 8.3488
0.860000000000000 8.3465
0.862000000000000 8.3443
0.864000000000000 8.3421
0.866000000000000 8.3398
0.868000000000000 8.3376
0.870000000000000 8.3353
0.872000000000000 8.3331
0.874000000000000 8.3308
0.876000000000000 8.3286
0.878000000000000 8.3264
0.880000000000000 8.3241
0.882000000000000 8.3219
0.884000000000000 8.3196
0.886000000000000 8.3174
0.888000000000000 8.3151
0.890000000000000 8.3129
0.892000000000000 8.3107
0.894000000000000 8.3084
0.896000000000000 8.3062
0.898000000000000 8.3039
0.900000000000000 8.3017
0.902000000000000 8.2994
0.904000000000000 8.2972
0.906000000000000 8.2950
0.908000000000000 8.2927
0.910000000000000 8.2905
0.912000000000000 8.2882
0.914000000000000 8.2860
0.916000000000000 8.2837
0.918000000000000 8.2815
0.920000000000000 8.2792
0.922000000000000 8.2769
0.924000000000000 8.2747
0.926000000000000 8.2724
0.928000000000000 8.2702
0.930000000000000 8.2679
0.932000000000000 8.2657
0.934000000000000 8.2634
0.936000000000000 8.2611
0.938000000000000 8.2589
0.940000000000000 8.2566
0.942000000000000 8.2544
0.944000000000000 8.2521
0.946000000000000 8.2498
0.948000000000000 8.2476
0.950000000000000 8.2453
0.952000000000000 8.2431
0.954000000000000 8.2408
0.956000000000000 8.2386
0.958000000000000 8.2363
0.960000000000000 8.2340
0.962000000000000 8.2318
0.964000000000000 8.2295
0.966000000000000 8.2273
0.968000000000000 8.2250
0.970000000000000 8.2227
0.972000000000000 8.2205
0.974000000000000 8.2182
0.976000000000000 8.2160
0.978000000000000 8.2137
0.980000000000000 8.2115
0.982000000000000 8.2092
0.984000000000000 8.2069
0.986000000000000 8.2047
0.988000000000000 8.2024
0.990000000000000 8.2001
0.992000000000000 8.1978
0.994000000000000 8.1956
0.996000000000000 8.1933
0.998000000000000 8.1910
1.00000000000000 8.1887
1.00200000000000 8.1865
1.00400000000000 8.1842
1.00600000000000 8.1819
1.00800000000000 8.1796
1.01000000000000 8.1774
1.01200000000000 8.1751
1.01400000000000 8.1728
1.01600000000000 8.1705
1.01800000000000 8.1683
1.02000000000000 8.1660
1.02200000000000 8.1637
1.02400000000000 8.1615
1.02600000000000 8.1592
1.02800000000000 8.1569
1.03000000000000 8.1546
1.03200000000000 8.1524
1.03400000000000 8.1501
1.03600000000000 8.1478
1.03800000000000 8.1455
1.04000000000000 8.1433
1.04200000000000 8.1410
1.04400000000000 8.1387
1.04600000000000 8.1364
1.04800000000000 8.1342
1.05000000000000 8.1319
1.05200000000000 8.1296
1.05400000000000 8.1273
1.05600000000000 8.1251
1.05800000000000 8.1228
1.06000000000000 8.1205
1.06200000000000 8.1182
1.06400000000000 8.1159
1.06600000000000 8.1136
1.06800000000000 8.1113
1.07000000000000 8.1091
1.07200000000000 8.1068
1.07400000000000 8.1045
1.07600000000000 8.1022
1.07800000000000 8.0999
1.08000000000000 8.0976
1.08200000000000 8.0953
1.08400000000000 8.0930
1.08600000000000 8.0907
1.08800000000000 8.0885
1.09000000000000 8.0862
1.09200000000000 8.0839
1.09400000000000 8.0816
1.09600000000000 8.0793
1.09800000000000 8.0770
1.10000000000000 8.0747
1.10200000000000 8.0724
1.10400000000000 8.0701
1.10600000000000 8.0679
1.10800000000000 8.0656
1.11000000000000 8.0633
1.11200000000000 8.0610
1.11400000000000 8.0587
1.11600000000000 8.0564
1.11800000000000 8.0541
1.12000000000000 8.0518
1.12200000000000 8.0495
1.12400000000000 8.0473
1.12600000000000 8.0450
1.12800000000000 8.0427
1.13000000000000 8.0404
1.13200000000000 8.0381
1.13400000000000 8.0358
1.13600000000000 8.0335
1.13800000000000 8.0312
1.14000000000000 8.0289
1.14200000000000 8.0266
1.14400000000000 8.0243
1.14600000000000 8.0220
1.14800000000000 8.0197
1.15000000000000 8.0174
1.15200000000000 8.0151
1.15400000000000 8.0128
1.15600000000000 8.0105
1.15800000000000 8.0082
1.16000000000000 8.0059
1.16200000000000 8.0036
1.16400000000000 8.0013
1.16600000000000 7.9989
1.16800000000000 7.9966
1.17000000000000 7.9943
1.17200000000000 7.9920
1.17400000000000 7.9897
1.17600000000000 7.9874
1.17800000000000 7.9851
1.18000000000000 7.9828
1.18200000000000 7.9805
1.18400000000000 7.9782
1.18600000000000 7.9759
1.18800000000000 7.9736
1.19000000000000 7.9713
1.19200000000000 7.9690
1.19400000000000 7.9667
1.19600000000000 7.9644
1.19800000000000 7.9621
1.20000000000000 7.9598
1.20200000000000 7.9575
1.20400000000000 7.9551
1.20600000000000 7.9528
1.20800000000000 7.9505
1.21000000000000 7.9482
1.21200000000000 7.9459
1.21400000000000 7.9436
1.21600000000000 7.9413
1.21800000000000 7.9390
1.22000000000000 7.9366
1.22200000000000 7.9343
1.22400000000000 7.9320
1.22600000000000 7.9297
1.22800000000000 7.9274
1.23000000000000 7.9251
1.23200000000000 7.9228
1.23400000000000 7.9205
1.23600000000000 7.9182
1.23800000000000 7.9158
1.24000000000000 7.9135
1.24200000000000 7.9112
1.24400000000000 7.9089
1.24600000000000 7.9066
1.24800000000000 7.9042
1.25000000000000 7.9019
1.25200000000000 7.8996
1.25400000000000 7.8973
1.25600000000000 7.8950
1.25800000000000 7.8926
1.26000000000000 7.8903
1.26200000000000 7.8880
1.26400000000000 7.8857
1.26600000000000 7.8834
1.26800000000000 7.8811
1.27000000000000 7.8787
1.27200000000000 7.8764
1.27400000000000 7.8741
1.27600000000000 7.8718
1.27800000000000 7.8695
1.28000000000000 7.8671
1.28200000000000 7.8648
1.28400000000000 7.8625
1.28600000000000 7.8602
1.28800000000000 7.8578
1.29000000000000 7.8555
1.29200000000000 7.8532
1.29400000000000 7.8509
1.29600000000000 7.8485
1.29800000000000 7.8462
1.30000000000000 7.8439
1.30200000000000 7.8415
1.30400000000000 7.8392
1.30600000000000 7.8369
1.30800000000000 7.8346
1.31000000000000 7.8322
1.31200000000000 7.8299
1.31400000000000 7.8276
1.31600000000000 7.8253
1.31800000000000 7.8229
1.32000000000000 7.8206
1.32200000000000 7.8183
1.32400000000000 7.8159
1.32600000000000 7.8136
1.32800000000000 7.8113
1.33000000000000 7.8090
1.33200000000000 7.8066
1.33400000000000 7.8043
1.33600000000000 7.8019
1.33800000000000 7.7996
1.34000000000000 7.7973
1.34200000000000 7.7949
1.34400000000000 7.7926
1.34600000000000 7.7903
1.34800000000000 7.7879
1.35000000000000 7.7856
1.35200000000000 7.7833
1.35400000000000 7.7809
1.35600000000000 7.7786
1.35800000000000 7.7763
1.36000000000000 7.7739
1.36200000000000 7.7716
1.36400000000000 7.7693
1.36600000000000 7.7669
1.36800000000000 7.7646
1.37000000000000 7.7623
1.37200000000000 7.7599
1.37400000000000 7.7576
1.37600000000000 7.7552
1.37800000000000 7.7529
1.38000000000000 7.7505
1.38200000000000 7.7482
1.38400000000000 7.7459
1.38600000000000 7.7435
1.38800000000000 7.7412
1.39000000000000 7.7388
1.39200000000000 7.7365
1.39400000000000 7.7342
1.39600000000000 7.7318
1.39800000000000 7.7295
1.40000000000000 7.7271
1.40200000000000 7.7248
1.40400000000000 7.7224
1.40600000000000 7.7201
1.40800000000000 7.7178
1.41000000000000 7.7154
1.41200000000000 7.7131
1.41400000000000 7.7107
1.41600000000000 7.7084
1.41800000000000 7.7060
1.42000000000000 7.7037
1.42200000000000 7.7013
1.42400000000000 7.6990
1.42600000000000 7.6966
1.42800000000000 7.6943
1.43000000000000 7.6919
1.43200000000000 7.6896
1.43400000000000 7.6872
1.43600000000000 7.6849
1.43800000000000 7.6825
1.44000000000000 7.6802
1.44200000000000 7.6778
1.44400000000000 7.6755
1.44600000000000 7.6731
1.44800000000000 7.6708
1.45000000000000 7.6684
1.45200000000000 7.6661
1.45400000000000 7.6637
1.45600000000000 7.6614
1.45800000000000 7.6590
1.46000000000000 7.6567
1.46200000000000 7.6543
1.46400000000000 7.6520
1.46600000000000 7.6496
1.46800000000000 7.6473
1.47000000000000 7.6449
1.47200000000000 7.6425
1.47400000000000 7.6402
1.47600000000000 7.6378
1.47800000000000 7.6355
1.48000000000000 7.6331
1.48200000000000 7.6308
1.48400000000000 7.6284
1.48600000000000 7.6260
1.48800000000000 7.6237
1.49000000000000 7.6213
1.49200000000000 7.6190
1.49400000000000 7.6166
1.49600000000000 7.6143
1.49800000000000 7.6119
1.50000000000000 7.6095
1.50200000000000 7.6072
1.50400000000000 7.6048
1.50600000000000 7.6025
1.50800000000000 7.6001
1.51000000000000 7.5977
1.51200000000000 7.5954
1.51400000000000 7.5930
1.51600000000000 7.5906
1.51800000000000 7.5883
1.52000000000000 7.5859
1.52200000000000 7.5835
1.52400000000000 7.5812
1.52600000000000 7.5788
1.52800000000000 7.5764
1.53000000000000 7.5741
1.53200000000000 7.5717
1.53400000000000 7.5693
1.53600000000000 7.5670
1.53800000000000 7.5646
1.54000000000000 7.5622
1.54200000000000 7.5599
1.54400000000000 7.5575
1.54600000000000 7.5551
1.54800000000000 7.5528
1.55000000000000 7.5504
1.55200000000000 7.5480
1.55400000000000 7.5457
1.55600000000000 7.5433
1.55800000000000 7.5409
1.56000000000000 7.5385
1.56200000000000 7.5362
1.56400000000000 7.5338
1.56600000000000 7.5314
1.56800000000000 7.5290
1.57000000000000 7.5267
1.57200000000000 7.5243
1.57400000000000 7.5219
1.57600000000000 7.5196
1.57800000000000 7.5172
1.58000000000000 7.5148
1.58200000000000 7.5124
1.58400000000000 7.5101
1.58600000000000 7.5077
1.58800000000000 7.5053
1.59000000000000 7.5029
1.59200000000000 7.5005
1.59400000000000 7.4982
1.59600000000000 7.4958
1.59800000000000 7.4934
1.60000000000000 7.4910
1.60200000000000 7.4886
1.60400000000000 7.4863
1.60600000000000 7.4839
1.60800000000000 7.4815
1.61000000000000 7.4791
1.61200000000000 7.4767
1.61400000000000 7.4744
1.61600000000000 7.4720
1.61800000000000 7.4696
1.62000000000000 7.4672
1.62200000000000 7.4648
1.62400000000000 7.4625
1.62600000000000 7.4601
1.62800000000000 7.4577
1.63000000000000 7.4553
1.63200000000000 7.4529
1.63400000000000 7.4505
1.63600000000000 7.4481
1.63800000000000 7.4458
1.64000000000000 7.4434
1.64200000000000 7.4410
1.64400000000000 7.4386
1.64600000000000 7.4362
1.64800000000000 7.4338
1.65000000000000 7.4314
1.65200000000000 7.4290
1.65400000000000 7.4267
1.65600000000000 7.4243
1.65800000000000 7.4219
1.66000000000000 7.4195
1.66200000000000 7.4171
1.66400000000000 7.4147
1.66600000000000 7.4123
1.66800000000000 7.4099
1.67000000000000 7.4075
1.67200000000000 7.4051
1.67400000000000 7.4027
1.67600000000000 7.4003
1.67800000000000 7.3979
1.68000000000000 7.3955
1.68200000000000 7.3932
1.68400000000000 7.3908
1.68600000000000 7.3884
1.68800000000000 7.3860
1.69000000000000 7.3836
1.69200000000000 7.3812
1.69400000000000 7.3788
1.69600000000000 7.3764
1.69800000000000 7.3740
1.70000000000000 7.3716
1.70200000000000 7.3692
1.70400000000000 7.3668
1.70600000000000 7.3644
1.70800000000000 7.3620
1.71000000000000 7.3596
1.71200000000000 7.3572
1.71400000000000 7.3548
1.71600000000000 7.3524
1.71800000000000 7.3500
1.72000000000000 7.3476
1.72200000000000 7.3452
1.72400000000000 7.3428
1.72600000000000 7.3404
1.72800000000000 7.3380
1.73000000000000 7.3355
1.73200000000000 7.3331
1.73400000000000 7.3307
1.73600000000000 7.3283
1.73800000000000 7.3259
1.74000000000000 7.3235
1.74200000000000 7.3211
1.74400000000000 7.3187
1.74600000000000 7.3163
1.74800000000000 7.3139
1.75000000000000 7.3115
1.75200000000000 7.3091
1.75400000000000 7.3066
1.75600000000000 7.3042
1.75800000000000 7.3018
1.76000000000000 7.2994
1.76200000000000 7.2970
1.76400000000000 7.2946
1.76600000000000 7.2922
1.76800000000000 7.2898
1.77000000000000 7.2874
1.77200000000000 7.2850
1.77400000000000 7.2825
1.77600000000000 7.2801
1.77800000000000 7.2777
1.78000000000000 7.2753
1.78200000000000 7.2729
1.78400000000000 7.2704
1.78600000000000 7.2680
1.78800000000000 7.2656
1.79000000000000 7.2632
1.79200000000000 7.2608
1.79400000000000 7.2583
1.79600000000000 7.2559
1.79800000000000 7.2535
1.80000000000000 7.2511
1.80200000000000 7.2487
1.80400000000000 7.2463
1.80600000000000 7.2438
1.80800000000000 7.2414
1.81000000000000 7.2390
1.81200000000000 7.2366
1.81400000000000 7.2341
1.81600000000000 7.2317
1.81800000000000 7.2293
1.82000000000000 7.2269
1.82200000000000 7.2244
1.82400000000000 7.2220
1.82600000000000 7.2196
1.82800000000000 7.2171
1.83000000000000 7.2147
1.83200000000000 7.2123
1.83400000000000 7.2099
1.83600000000000 7.2074
1.83800000000000 7.2050
1.84000000000000 7.2026
1.84200000000000 7.2001
1.84400000000000 7.1977
1.84600000000000 7.1953
1.84800000000000 7.1928
1.85000000000000 7.1904
1.85200000000000 7.1880
1.85400000000000 7.1855
1.85600000000000 7.1831
1.85800000000000 7.1807
1.86000000000000 7.1782
1.86200000000000 7.1758
1.86400000000000 7.1734
1.86600000000000 7.1709
1.86800000000000 7.1685
1.87000000000000 7.1661
1.87200000000000 7.1636
1.87400000000000 7.1612
1.87600000000000 7.1587
1.87800000000000 7.1563
1.88000000000000 7.1539
1.88200000000000 7.1514
1.88400000000000 7.1490
1.88600000000000 7.1465
1.88800000000000 7.1441
1.89000000000000 7.1417
1.89200000000000 7.1392
1.89400000000000 7.1368
1.89600000000000 7.1343
1.89800000000000 7.1319
1.90000000000000 7.1294
1.90200000000000 7.1270
1.90400000000000 7.1245
1.90600000000000 7.1221
1.90800000000000 7.1196
1.91000000000000 7.1172
1.91200000000000 7.1147
1.91400000000000 7.1123
1.91600000000000 7.1098
1.91800000000000 7.1074
1.92000000000000 7.1049
1.92200000000000 7.1025
1.92400000000000 7.1001
1.92600000000000 7.0976
1.92800000000000 7.0951
1.93000000000000 7.0927
1.93200000000000 7.0902
1.93400000000000 7.0878
1.93600000000000 7.0853
1.93800000000000 7.0829
1.94000000000000 7.0804
1.94200000000000 7.0779
1.94400000000000 7.0755
1.94600000000000 7.0730
1.94800000000000 7.0706
1.95000000000000 7.0681
1.95200000000000 7.0657
1.95400000000000 7.0632
1.95600000000000 7.0607
1.95800000000000 7.0583
1.96000000000000 7.0558
1.96200000000000 7.0533
1.96400000000000 7.0509
1.96600000000000 7.0484
1.96800000000000 7.0460
1.97000000000000 7.0435
1.97200000000000 7.0410
1.97400000000000 7.0386
1.97600000000000 7.0361
1.97800000000000 7.0336
1.98000000000000 7.0312
1.98200000000000 7.0287
1.98400000000000 7.0262
1.98600000000000 7.0238
1.98800000000000 7.0213
1.99000000000000 7.0188
1.99200000000000 7.0163
1.99400000000000 7.0139
1.99600000000000 7.0114
1.99800000000000 7.0089
2.00000000000000 7.0064
2.00200000000000 7.0040
2.00400000000000 7.0015
2.00600000000000 6.9990
2.00800000000000 6.9965
2.01000000000000 6.9941
2.01200000000000 6.9916
2.01400000000000 6.9891
2.01600000000000 6.9866
2.01800000000000 6.9841
2.02000000000000 6.9817
2.02200000000000 6.9792
2.02400000000000 6.9767
2.02600000000000 6.9742
2.02800000000000 6.9717
2.03000000000000 6.9693
2.03200000000000 6.9668
2.03400000000000 6.9643
2.03600000000000 6.9618
2.03800000000000 6.9593
2.04000000000000 6.9568
2.04200000000000 6.9543
2.04400000000000 6.9519
2.04600000000000 6.9494
2.04800000000000 6.9469
2.05000000000000 6.9444
2.05200000000000 6.9419
2.05400000000000 6.9394
2.05600000000000 6.9369
2.05800000000000 6.9344
2.06000000000000 6.9319
2.06200000000000 6.9294
2.06400000000000 6.9269
2.06600000000000 6.9244
2.06800000000000 6.9219
2.07000000000000 6.9194
2.07200000000000 6.9170
2.07400000000000 6.9145
2.07600000000000 6.9120
2.07800000000000 6.9095
2.08000000000000 6.9070
2.08200000000000 6.9044
2.08400000000000 6.9019
2.08600000000000 6.8994
2.08800000000000 6.8969
2.09000000000000 6.8944
2.09200000000000 6.8919
2.09400000000000 6.8894
2.09600000000000 6.8869
2.09800000000000 6.8844
2.10000000000000 6.8819
2.10200000000000 6.8794
2.10400000000000 6.8769
2.10600000000000 6.8744
2.10800000000000 6.8719
2.11000000000000 6.8694
2.11200000000000 6.8669
2.11400000000000 6.8643
2.11600000000000 6.8618
2.11800000000000 6.8593
2.12000000000000 6.8568
2.12200000000000 6.8543
2.12400000000000 6.8518
2.12600000000000 6.8493
2.12800000000000 6.8467
2.13000000000000 6.8442
2.13200000000000 6.8417
2.13400000000000 6.8392
2.13600000000000 6.8367
2.13800000000000 6.8341
2.14000000000000 6.8316
2.14200000000000 6.8291
2.14400000000000 6.8266
2.14600000000000 6.8240
2.14800000000000 6.8215
2.15000000000000 6.8190
2.15200000000000 6.8165
2.15400000000000 6.8139
2.15600000000000 6.8114
2.15800000000000 6.8089
2.16000000000000 6.8064
2.16200000000000 6.8038
2.16400000000000 6.8013
2.16600000000000 6.7988
2.16800000000000 6.7962
2.17000000000000 6.7937
2.17200000000000 6.7912
2.17400000000000 6.7886
2.17600000000000 6.7861
2.17800000000000 6.7836
2.18000000000000 6.7810
2.18200000000000 6.7785
2.18400000000000 6.7759
2.18600000000000 6.7734
2.18800000000000 6.7709
2.19000000000000 6.7683
2.19200000000000 6.7658
2.19400000000000 6.7632
2.19600000000000 6.7607
2.19800000000000 6.7581
2.20000000000000 6.7556
2.20200000000000 6.7530
2.20400000000000 6.7505
2.20600000000000 6.7479
2.20800000000000 6.7454
2.21000000000000 6.7428
2.21200000000000 6.7403
2.21400000000000 6.7377
2.21600000000000 6.7352
2.21800000000000 6.7326
2.22000000000000 6.7301
2.22200000000000 6.7275
2.22400000000000 6.7250
2.22600000000000 6.7224
2.22800000000000 6.7198
2.23000000000000 6.7173
2.23200000000000 6.7147
2.23400000000000 6.7122
2.23600000000000 6.7096
2.23800000000000 6.7070
2.24000000000000 6.7045
2.24200000000000 6.7019
2.24400000000000 6.6993
2.24600000000000 6.6968
2.24800000000000 6.6942
2.25000000000000 6.6916
2.25200000000000 6.6891
2.25400000000000 6.6865
2.25600000000000 6.6839
2.25800000000000 6.6814
2.26000000000000 6.6788
2.26200000000000 6.6762
2.26400000000000 6.6736
2.26600000000000 6.6711
2.26800000000000 6.6685
2.27000000000000 6.6659
2.27200000000000 6.6633
2.27400000000000 6.6608
2.27600000000000 6.6582
2.27800000000000 6.6556
2.28000000000000 6.6530
2.28200000000000 6.6504
2.28400000000000 6.6478
2.28600000000000 6.6453
2.28800000000000 6.6427
2.29000000000000 6.6401
2.29200000000000 6.6375
2.29400000000000 6.6349
2.29600000000000 6.6323
2.29800000000000 6.6297
2.30000000000000 6.6271
2.30200000000000 6.6245
2.30400000000000 6.6219
2.30600000000000 6.6193
2.30800000000000 6.6168
2.31000000000000 6.6142
2.31200000000000 6.6116
2.31400000000000 6.6090
2.31600000000000 6.6064
2.31800000000000 6.6038
2.32000000000000 6.6012
2.32200000000000 6.5985
2.32400000000000 6.5959
2.32600000000000 6.5933
2.32800000000000 6.5907
2.33000000000000 6.5881
2.33200000000000 6.5855
2.33400000000000 6.5829
2.33600000000000 6.5803
2.33800000000000 6.5777
2.34000000000000 6.5751
2.34200000000000 6.5725
2.34400000000000 6.5698
2.34600000000000 6.5672
2.34800000000000 6.5646
2.35000000000000 6.5620
2.35200000000000 6.5594
2.35400000000000 6.5568
2.35600000000000 6.5541
2.35800000000000 6.5515
2.36000000000000 6.5489
2.36200000000000 6.5463
2.36400000000000 6.5436
2.36600000000000 6.5410
2.36800000000000 6.5384
2.37000000000000 6.5357
2.37200000000000 6.5331
2.37400000000000 6.5305
2.37600000000000 6.5278
2.37800000000000 6.5252
2.38000000000000 6.5226
2.38200000000000 6.5199
2.38400000000000 6.5173
2.38600000000000 6.5147
2.38800000000000 6.5120
2.39000000000000 6.5094
2.39200000000000 6.5067
2.39400000000000 6.5041
2.39600000000000 6.5015
2.39800000000000 6.4988
2.40000000000000 6.4962
2.40200000000000 6.4935
2.40400000000000 6.4909
2.40600000000000 6.4882
2.40800000000000 6.4856
2.41000000000000 6.4829
2.41200000000000 6.4803
2.41400000000000 6.4776
2.41600000000000 6.4749
2.41800000000000 6.4723
2.42000000000000 6.4696
2.42200000000000 6.4670
2.42400000000000 6.4643
2.42600000000000 6.4616
2.42800000000000 6.4590
2.43000000000000 6.4563
2.43200000000000 6.4536
2.43400000000000 6.4510
2.43600000000000 6.4483
2.43800000000000 6.4456
2.44000000000000 6.4430
2.44200000000000 6.4403
2.44400000000000 6.4376
2.44600000000000 6.4349
2.44800000000000 6.4323
2.45000000000000 6.4296
2.45200000000000 6.4269
2.45400000000000 6.4242
2.45600000000000 6.4215
2.45800000000000 6.4189
2.46000000000000 6.4162
2.46200000000000 6.4135
2.46400000000000 6.4108
2.46600000000000 6.4081
2.46800000000000 6.4054
2.47000000000000 6.4027
2.47200000000000 6.4000
2.47400000000000 6.3973
2.47600000000000 6.3946
2.47800000000000 6.3919
2.48000000000000 6.3892
2.48200000000000 6.3865
2.48400000000000 6.3838
2.48600000000000 6.3811
2.48800000000000 6.3784
2.49000000000000 6.3757
2.49200000000000 6.3730
2.49400000000000 6.3703
2.49600000000000 6.3676
2.49800000000000 6.3649
2.50000000000000 6.3622
2.50200000000000 6.3595
2.50400000000000 6.3567
2.50600000000000 6.3540
2.50800000000000 6.3513
2.51000000000000 6.3486
2.51200000000000 6.3459
2.51400000000000 6.3431
2.51600000000000 6.3404
2.51800000000000 6.3377
2.52000000000000 6.3350
2.52200000000000 6.3322
2.52400000000000 6.3295
2.52600000000000 6.3268
2.52800000000000 6.3240
2.53000000000000 6.3213
2.53200000000000 6.3186
2.53400000000000 6.3158
2.53600000000000 6.3131
2.53800000000000 6.3103
2.54000000000000 6.3076
2.54200000000000 6.3048
2.54400000000000 6.3021
2.54600000000000 6.2993
2.54800000000000 6.2966
2.55000000000000 6.2938
2.55200000000000 6.2911
2.55400000000000 6.2883
2.55600000000000 6.2856
2.55800000000000 6.2828
2.56000000000000 6.2801
2.56200000000000 6.2773
2.56400000000000 6.2745
2.56600000000000 6.2718
2.56800000000000 6.2690
2.57000000000000 6.2662
2.57200000000000 6.2635
2.57400000000000 6.2607
2.57600000000000 6.2579
2.57800000000000 6.2551
2.58000000000000 6.2524
2.58200000000000 6.2496
2.58400000000000 6.2468
2.58600000000000 6.2440
2.58800000000000 6.2412
2.59000000000000 6.2384
2.59200000000000 6.2357
2.59400000000000 6.2329
2.59600000000000 6.2301
2.59800000000000 6.2273
2.60000000000000 6.2245
2.60200000000000 6.2217
2.60400000000000 6.2189
2.60600000000000 6.2161
2.60800000000000 6.2133
2.61000000000000 6.2105
2.61200000000000 6.2077
2.61400000000000 6.2049
2.61600000000000 6.2021
2.61800000000000 6.1992
2.62000000000000 6.1964
2.62200000000000 6.1936
2.62400000000000 6.1908
2.62600000000000 6.1880
2.62800000000000 6.1852
2.63000000000000 6.1823
2.63200000000000 6.1795
2.63400000000000 6.1767
2.63600000000000 6.1739
2.63800000000000 6.1710
2.64000000000000 6.1682
2.64200000000000 6.1654
2.64400000000000 6.1625
2.64600000000000 6.1597
2.64800000000000 6.1568
2.65000000000000 6.1540
2.65200000000000 6.1511
2.65400000000000 6.1483
2.65600000000000 6.1455
2.65800000000000 6.1426
2.66000000000000 6.1397
2.66200000000000 6.1369
2.66400000000000 6.1340
2.66600000000000 6.1312
2.66800000000000 6.1283
2.67000000000000 6.1255
2.67200000000000 6.1226
2.67400000000000 6.1197
2.67600000000000 6.1168
2.67800000000000 6.1140
2.68000000000000 6.1111
2.68200000000000 6.1082
2.68400000000000 6.1053
2.68600000000000 6.1025
2.68800000000000 6.0996
2.69000000000000 6.0967
2.69200000000000 6.0938
2.69400000000000 6.0909
2.69600000000000 6.0880
2.69800000000000 6.0851
2.70000000000000 6.0822
2.70200000000000 6.0793
2.70400000000000 6.0764
2.70600000000000 6.0735
2.70800000000000 6.0706
2.71000000000000 6.0677
2.71200000000000 6.0648
2.71400000000000 6.0619
2.71600000000000 6.0590
2.71800000000000 6.0561
2.72000000000000 6.0531
2.72200000000000 6.0502
2.72400000000000 6.0473
2.72600000000000 6.0444
2.72800000000000 6.0414
2.73000000000000 6.0385
2.73200000000000 6.0356
2.73400000000000 6.0326
2.73600000000000 6.0297
2.73800000000000 6.0267
2.74000000000000 6.0238
2.74200000000000 6.0209
2.74400000000000 6.0179
2.74600000000000 6.0150
2.74800000000000 6.0120
2.75000000000000 6.0090
2.75200000000000 6.0061
2.75400000000000 6.0031
2.75600000000000 6.0002
2.75800000000000 5.9972
2.76000000000000 5.9942
2.76200000000000 5.9912
2.76400000000000 5.9883
2.76600000000000 5.9853
2.76800000000000 5.9823
2.77000000000000 5.9793
2.77200000000000 5.9763
2.77400000000000 5.9733
2.77600000000000 5.9704
2.77800000000000 5.9674
2.78000000000000 5.9644
2.78200000000000 5.9614
2.78400000000000 5.9584
2.78600000000000 5.9553
2.78800000000000 5.9523
2.79000000000000 5.9493
2.79200000000000 5.9463
2.79400000000000 5.9433
2.79600000000000 5.9403
2.79800000000000 5.9372
2.80000000000000 5.9342
2.80200000000000 5.9312
2.80400000000000 5.9282
2.80600000000000 5.9251
2.80800000000000 5.9221
2.81000000000000 5.9190
2.81200000000000 5.9160
2.81400000000000 5.9129
2.81600000000000 5.9099
2.81800000000000 5.9068
2.82000000000000 5.9038
2.82200000000000 5.9007
2.82400000000000 5.8977
2.82600000000000 5.8946
2.82800000000000 5.8915
2.83000000000000 5.8884
2.83200000000000 5.8854
2.83400000000000 5.8823
2.83600000000000 5.8792
2.83800000000000 5.8761
2.84000000000000 5.8730
2.84200000000000 5.8699
2.84400000000000 5.8668
2.84600000000000 5.8637
2.84800000000000 5.8606
2.85000000000000 5.8575
2.85200000000000 5.8544
2.85400000000000 5.8513
2.85600000000000 5.8482
2.85800000000000 5.8451
2.86000000000000 5.8419
2.86200000000000 5.8388
2.86400000000000 5.8357
2.86600000000000 5.8325
2.86800000000000 5.8294
2.87000000000000 5.8263
2.87200000000000 5.8231
2.87400000000000 5.8200
2.87600000000000 5.8168
2.87800000000000 5.8137
2.88000000000000 5.8105
2.88200000000000 5.8073
2.88400000000000 5.8042
2.88600000000000 5.8010
2.88800000000000 5.7978
2.89000000000000 5.7946
2.89200000000000 5.7915
2.89400000000000 5.7883
2.89600000000000 5.7851
2.89800000000000 5.7819
2.90000000000000 5.7787
2.90200000000000 5.7755
2.90400000000000 5.7723
2.90600000000000 5.7690
2.90800000000000 5.7658
2.91000000000000 5.7626
2.91200000000000 5.7594
2.91400000000000 5.7561
2.91600000000000 5.7529
2.91800000000000 5.7497
2.92000000000000 5.7464
2.92200000000000 5.7432
2.92400000000000 5.7399
2.92600000000000 5.7367
2.92800000000000 5.7334
2.93000000000000 5.7302
2.93200000000000 5.7269
2.93400000000000 5.7236
2.93600000000000 5.7203
2.93800000000000 5.7171
2.94000000000000 5.7138
2.94200000000000 5.7105
2.94400000000000 5.7072
2.94600000000000 5.7039
2.94800000000000 5.7006
2.95000000000000 5.6973
2.95200000000000 5.6939
2.95400000000000 5.6906
2.95600000000000 5.6873
2.95800000000000 5.6840
2.96000000000000 5.6806
2.96200000000000 5.6773
2.96400000000000 5.6740
2.96600000000000 5.6706
2.96800000000000 5.6672
2.97000000000000 5.6639
2.97200000000000 5.6605
2.97400000000000 5.6572
2.97600000000000 5.6538
2.97800000000000 5.6504
2.98000000000000 5.6470
2.98200000000000 5.6436
2.98400000000000 5.6402
2.98600000000000 5.6368
2.98800000000000 5.6334
2.99000000000000 5.6300
2.99200000000000 5.6266
2.99400000000000 5.6231
2.99600000000000 5.6197
2.99800000000000 5.6163
3.00000000000000 5.6128
3.00200000000000 5.6094
3.00400000000000 5.6059
3.00600000000000 5.6025
3.00800000000000 5.5990
3.01000000000000 5.5955
3.01200000000000 5.5920
3.01400000000000 5.5886
3.01600000000000 5.5851
3.01800000000000 5.5816
3.02000000000000 5.5781
3.02200000000000 5.5746
3.02400000000000 5.5710
3.02600000000000 5.5675
3.02800000000000 5.5640
3.03000000000000 5.5604
3.03200000000000 5.5569
3.03400000000000 5.5534
3.03600000000000 5.5498
3.03800000000000 5.5462
3.04000000000000 5.5427
3.04200000000000 5.5391
3.04400000000000 5.5355
3.04600000000000 5.5319
3.04800000000000 5.5283
3.05000000000000 5.5247
3.05200000000000 5.5211
3.05400000000000 5.5175
3.05600000000000 5.5138
3.05800000000000 5.5102
3.06000000000000 5.5065
3.06200000000000 5.5029
3.06400000000000 5.4992
3.06600000000000 5.4956
3.06800000000000 5.4919
3.07000000000000 5.4882
3.07200000000000 5.4845
3.07400000000000 5.4808
3.07600000000000 5.4771
3.07800000000000 5.4734
3.08000000000000 5.4697
3.08200000000000 5.4659
3.08400000000000 5.4622
3.08600000000000 5.4584
3.08800000000000 5.4547
3.09000000000000 5.4509
3.09200000000000 5.4471
3.09400000000000 5.4433
3.09600000000000 5.4396
3.09800000000000 5.4358
3.10000000000000 5.4319
3.10200000000000 5.4281
3.10400000000000 5.4243
3.10600000000000 5.4204
3.10800000000000 5.4166
3.11000000000000 5.4127
3.11200000000000 5.4089
3.11400000000000 5.4050
3.11600000000000 5.4011
3.11800000000000 5.3972
3.12000000000000 5.3933
3.12200000000000 5.3894
3.12400000000000 5.3854
3.12600000000000 5.3815
3.12800000000000 5.3775
3.13000000000000 5.3736
3.13200000000000 5.3696
3.13400000000000 5.3656
3.13600000000000 5.3616
3.13800000000000 5.3576
3.14000000000000 5.3536
3.14200000000000 5.3495
3.14400000000000 5.3455
3.14600000000000 5.3414
3.14800000000000 5.3374
3.15000000000000 5.3333
3.15200000000000 5.3292
3.15400000000000 5.3251
3.15600000000000 5.3209
3.15800000000000 5.3168
3.16000000000000 5.3127
3.16200000000000 5.3085
3.16400000000000 5.3043
3.16600000000000 5.3001
3.16800000000000 5.2959
3.17000000000000 5.2917
3.17200000000000 5.2875
3.17400000000000 5.2832
3.17600000000000 5.2790
3.17800000000000 5.2747
3.18000000000000 5.2704
3.18200000000000 5.2661
3.18400000000000 5.2617
3.18600000000000 5.2574
3.18800000000000 5.2530
3.19000000000000 5.2487
3.19200000000000 5.2443
3.19400000000000 5.2399
3.19600000000000 5.2354
3.19800000000000 5.2310
3.20000000000000 5.2265
3.20200000000000 5.2220
3.20400000000000 5.2175
3.20600000000000 5.2130
3.20800000000000 5.2085
3.21000000000000 5.2039
3.21200000000000 5.1993
3.21400000000000 5.1947
3.21600000000000 5.1901
3.21800000000000 5.1854
3.22000000000000 5.1808
3.22200000000000 5.1761
3.22400000000000 5.1714
3.22600000000000 5.1666
3.22800000000000 5.1619
3.23000000000000 5.1571
3.23200000000000 5.1523
3.23400000000000 5.1475
3.23600000000000 5.1426
3.23800000000000 5.1377
3.24000000000000 5.1328
3.24200000000000 5.1279
3.24400000000000 5.1229
3.24600000000000 5.1179
3.24800000000000 5.1129
3.25000000000000 5.1078
3.25200000000000 5.1028
3.25400000000000 5.0976
3.25600000000000 5.0925
3.25800000000000 5.0873
3.26000000000000 5.0821
3.26200000000000 5.0769
3.26400000000000 5.0716
3.26600000000000 5.0663
3.26800000000000 5.0609
3.27000000000000 5.0556
3.27200000000000 5.0501
3.27400000000000 5.0447
3.27600000000000 5.0392
3.27800000000000 5.0336
3.28000000000000 5.0280
3.28200000000000 5.0224
3.28400000000000 5.0167
3.28600000000000 5.0110
3.28800000000000 5.0052
3.29000000000000 4.9994
3.29200000000000 4.9936
3.29400000000000 4.9876
3.29600000000000 4.9817
3.29800000000000 4.9757
3.30000000000000 4.9696
3.30200000000000 4.9635
3.30400000000000 4.9573
3.30600000000000 4.9510
3.30800000000000 4.9447
3.31000000000000 4.9384
3.31200000000000 4.9320
3.31400000000000 4.9255
3.31600000000000 4.9190
3.31800000000000 4.9124
3.32000000000000 4.9058
3.32200000000000 4.8992
3.32400000000000 4.8925
3.32600000000000 4.8859
3.32800000000000 4.8792
3.33000000000000 4.8726
3.33200000000000 4.8661
3.33400000000000 4.8598
3.33600000000000 4.8537
3.33800000000000 4.8481
3.34000000000000 4.8430
3.34200000000000 4.8388
3.34400000000000 4.8358
3.34600000000000 4.8344
3.34800000000000 4.8350
3.35000000000000 4.8379
3.35200000000000 4.8428
3.35400000000000 4.8495
3.35600000000000 4.8576
3.35800000000000 4.8665
3.36000000000000 4.8759
3.36200000000000 4.8857
3.36400000000000 4.8955
3.36600000000000 4.9055
3.36800000000000 4.9154
3.37000000000000 4.9252
3.37200000000000 4.9350
3.37400000000000 4.9447
3.37600000000000 4.9543
3.37800000000000 4.9638
3.38000000000000 4.9732
3.38200000000000 4.9825
3.38400000000000 4.9917
3.38600000000000 5.0007
3.38800000000000 5.0098
3.39000000000000 5.0187
3.39200000000000 5.0275
3.39400000000000 5.0362
3.39600000000000 5.0449
3.39800000000000 5.0535
3.40000000000000 5.0620
3.40200000000000 5.0704
3.40400000000000 5.0788
3.40600000000000 5.0871
3.40800000000000 5.0953
3.41000000000000 5.1035
3.41200000000000 5.1116
3.41400000000000 5.1196
3.41600000000000 5.1276
3.41800000000000 5.1356
3.42000000000000 5.1435
3.42200000000000 5.1513
3.42400000000000 5.1591
3.42600000000000 5.1669
3.42800000000000 5.1746
3.43000000000000 5.1823
3.43200000000000 5.1899
3.43400000000000 5.1975
3.43600000000000 5.2050
3.43800000000000 5.2125
3.44000000000000 5.2200
3.44200000000000 5.2274
3.44400000000000 5.2348
3.44600000000000 5.2422
3.44800000000000 5.2495
3.45000000000000 5.2568
3.45200000000000 5.2641
3.45400000000000 5.2714
3.45600000000000 5.2786
3.45800000000000 5.2858
3.46000000000000 5.2929
3.46200000000000 5.3001
3.46400000000000 5.3072
3.46600000000000 5.3143
3.46800000000000 5.3213
3.47000000000000 5.3284
3.47200000000000 5.3354
3.47400000000000 5.3424
3.47600000000000 5.3493
3.47800000000000 5.3563
3.48000000000000 5.3632
3.48200000000000 5.3701
3.48400000000000 5.3770
3.48600000000000 5.3839
3.48800000000000 5.3908
3.49000000000000 5.3976
3.49200000000000 5.4044
3.49400000000000 5.4112
3.49600000000000 5.4180
3.49800000000000 5.4248
3.50000000000000 5.4315
3.50200000000000 5.4383
3.50400000000000 5.4450
3.50600000000000 5.4517
3.50800000000000 5.4584
3.51000000000000 5.4651
3.51200000000000 5.4718
3.51400000000000 5.4784
3.51600000000000 5.4851
3.51800000000000 5.4917
3.52000000000000 5.4984
3.52200000000000 5.5050
3.52400000000000 5.5116
3.52600000000000 5.5182
3.52800000000000 5.5248
3.53000000000000 5.5313
3.53200000000000 5.5379
3.53400000000000 5.5445
3.53600000000000 5.5510
3.53800000000000 5.5575
3.54000000000000 5.5641
3.54200000000000 5.5706
3.54400000000000 5.5771
3.54600000000000 5.5836
3.54800000000000 5.5901
3.55000000000000 5.5966
3.55200000000000 5.6031
3.55400000000000 5.6096
3.55600000000000 5.6161
3.55800000000000 5.6225
3.56000000000000 5.6290
3.56200000000000 5.6355
3.56400000000000 5.6419
3.56600000000000 5.6484
3.56800000000000 5.6548
3.57000000000000 5.6612
3.57200000000000 5.6677
3.57400000000000 5.6741
3.57600000000000 5.6805
3.57800000000000 5.6870
3.58000000000000 5.6934
3.58200000000000 5.6998
3.58400000000000 5.7062
3.58600000000000 5.7127
3.58800000000000 5.7191
3.59000000000000 5.7255
3.59200000000000 5.7319
3.59400000000000 5.7383
3.59600000000000 5.7447
3.59800000000000 5.7511
3.60000000000000 5.7575
3.60200000000000 5.7639
3.60400000000000 5.7703
3.60600000000000 5.7768
3.60800000000000 5.7832
3.61000000000000 5.7896
3.61200000000000 5.7960
3.61400000000000 5.8024
3.61600000000000 5.8088
3.61800000000000 5.8152
3.62000000000000 5.8216
3.62200000000000 5.8280
3.62400000000000 5.8345
3.62600000000000 5.8409
3.62800000000000 5.8473
3.63000000000000 5.8537
3.63200000000000 5.8602
3.63400000000000 5.8666
3.63600000000000 5.8730
3.63800000000000 5.8795
3.64000000000000 5.8859
3.64200000000000 5.8924
3.64400000000000 5.8988
3.64600000000000 5.9053
3.64800000000000 5.9118
3.65000000000000 5.9182
3.65200000000000 5.9247
3.65400000000000 5.9312
3.65600000000000 5.9377
3.65800000000000 5.9442
3.66000000000000 5.9507
3.66200000000000 5.9572
3.66400000000000 5.9637
3.66600000000000 5.9702
3.66800000000000 5.9767
3.67000000000000 5.9833
3.67200000000000 5.9898
3.67400000000000 5.9964
3.67600000000000 6.0029
3.67800000000000 6.0095
3.68000000000000 6.0161
3.68200000000000 6.0227
3.68400000000000 6.0293
3.68600000000000 6.0359
3.68800000000000 6.0425
3.69000000000000 6.0491
3.69200000000000 6.0558
3.69400000000000 6.0625
3.69600000000000 6.0691
3.69800000000000 6.0758
3.70000000000000 6.0825
3.70200000000000 6.0892
3.70400000000000 6.0959
3.70600000000000 6.1027
3.70800000000000 6.1094
3.71000000000000 6.1162
3.71200000000000 6.1230
3.71400000000000 6.1298
3.71600000000000 6.1366
3.71800000000000 6.1434
3.72000000000000 6.1503
3.72200000000000 6.1571
3.72400000000000 6.1640
3.72600000000000 6.1709
3.72800000000000 6.1778
3.73000000000000 6.1848
3.73200000000000 6.1917
3.73400000000000 6.1987
3.73600000000000 6.2057
3.73800000000000 6.2127
3.74000000000000 6.2198
3.74200000000000 6.2269
3.74400000000000 6.2340
3.74600000000000 6.2411
3.74800000000000 6.2482
3.75000000000000 6.2554
3.75200000000000 6.2626
3.75400000000000 6.2698
3.75600000000000 6.2771
3.75800000000000 6.2843
3.76000000000000 6.2916
3.76200000000000 6.2990
3.76400000000000 6.3064
3.76600000000000 6.3138
3.76800000000000 6.3212
3.77000000000000 6.3287
3.77200000000000 6.3362
3.77400000000000 6.3438
3.77600000000000 6.3513
3.77800000000000 6.3590
3.78000000000000 6.3666
3.78200000000000 6.3744
3.78400000000000 6.3821
3.78600000000000 6.3899
3.78800000000000 6.3978
3.79000000000000 6.4057
3.79200000000000 6.4136
3.79400000000000 6.4216
3.79600000000000 6.4297
3.79800000000000 6.4378
3.80000000000000 6.4460
3.80200000000000 6.4542
3.80400000000000 6.4625
3.80600000000000 6.4708
3.80800000000000 6.4793
3.81000000000000 6.4878
3.81200000000000 6.4964
3.81400000000000 6.5050
3.81600000000000 6.5138
3.81800000000000 6.5226
3.82000000000000 6.5315
3.82200000000000 6.5405
3.82400000000000 6.5497
3.82600000000000 6.5589
3.82800000000000 6.5682
3.83000000000000 6.5777
3.83200000000000 6.5873
3.83400000000000 6.5970
3.83600000000000 6.6069
3.83800000000000 6.6169
3.84000000000000 6.6271
3.84200000000000 6.6375
3.84400000000000 6.6480
3.84600000000000 6.6588
3.84800000000000 6.6698
3.85000000000000 6.6810
3.85200000000000 6.6925
3.85400000000000 6.7043
3.85600000000000 6.7164
3.85800000000000 6.7289
3.86000000000000 6.7417
3.86200000000000 6.7550
3.86400000000000 6.7685
3.86600000000000 6.7824
3.86800000000000 6.7961
3.87000000000000 6.8083
3.87200000000000 6.8150
3.87400000000000 6.8079
3.87600000000000 6.7895
3.87800000000000 6.7696
3.88000000000000 6.7501
3.88200000000000 6.7314
3.88400000000000 6.7134
3.88600000000000 6.6959
3.88800000000000 6.6789
3.89000000000000 6.6623
3.89200000000000 6.6460
3.89400000000000 6.6299
3.89600000000000 6.6141
3.89800000000000 6.5985
3.90000000000000 6.5831
3.90200000000000 6.5678
3.90400000000000 6.5526
3.90600000000000 6.5375
3.90800000000000 6.5225
3.91000000000000 6.5075
3.91200000000000 6.4926
3.91400000000000 6.4777
3.91600000000000 6.4627
3.91800000000000 6.4478
3.92000000000000 6.4328
3.92200000000000 6.4177
3.92400000000000 6.4026
3.92600000000000 6.3874
3.92800000000000 6.3720
3.93000000000000 6.3565
3.93200000000000 6.3409
3.93400000000000 6.3251
3.93600000000000 6.3090
3.93800000000000 6.2927
3.94000000000000 6.2761
3.94200000000000 6.2591
3.94400000000000 6.2418
3.94600000000000 6.2239
3.94800000000000 6.2055
3.95000000000000 6.1864
3.95200000000000 6.1665
3.95400000000000 6.1456
3.95600000000000 6.1233
3.95800000000000 6.0992
3.96000000000000 6.0726
3.96200000000000 6.0432
3.96400000000000 6.0231
3.96600000000000 6.0587
3.96800000000000 6.0889
3.97000000000000 6.1168
3.97200000000000 6.1437
