x y
0.000000000000000 0.750000000000000
0.00200000000000000 0.74954
0.00400000000000000 0.74909
0.00600000000000000 0.74863
0.00800000000000000 0.74818
0.0100000000000000 0.74773
0.0120000000000000 0.74727
0.0140000000000000 0.74682
0.0160000000000000 0.74637
0.0180000000000000 0.74592
0.0200000000000000 0.74547
0.0220000000000000 0.74502
0.0240000000000000 0.74458
0.0260000000000000 0.74413
0.0280000000000000 0.74368
0.0300000000000000 0.74324
0.0320000000000000 0.74279
0.0340000000000000 0.74235
0.0360000000000000 0.74191
0.0380000000000000 0.74147
0.0400000000000000 0.74103
0.0420000000000000 0.74059
0.0440000000000000 0.74015
0.0460000000000000 0.73971
0.0480000000000000 0.73927
0.0500000000000000 0.73884
0.0520000000000000 0.73840
0.0540000000000000 0.73797
0.0560000000000000 0.73753
0.0580000000000000 0.73710
0.0600000000000000 0.73667
0.0620000000000000 0.73624
0.0640000000000000 0.73581
0.0660000000000000 0.73538
0.0680000000000000 0.73495
0.0700000000000000 0.73452
0.0720000000000000 0.73409
0.0740000000000000 0.73367
0.0760000000000000 0.73324
0.0780000000000000 0.73282
0.0800000000000000 0.73240
0.0820000000000000 0.73198
0.0840000000000000 0.73156
0.0860000000000000 0.73114
0.0880000000000000 0.73072
0.0900000000000000 0.73030
0.0920000000000000 0.72988
0.0940000000000000 0.72947
0.0960000000000000 0.72905
0.0980000000000000 0.72864
0.100000000000000 0.72823
0.102000000000000 0.72781
0.104000000000000 0.72740
0.106000000000000 0.72699
0.108000000000000 0.72658
0.110000000000000 0.72618
0.112000000000000 0.72577
0.114000000000000 0.72536
0.116000000000000 0.72496
0.118000000000000 0.72455
0.120000000000000 0.72415
0.122000000000000 0.72375
0.124000000000000 0.72335
0.126000000000000 0.72295
0.128000000000000 0.72255
0.130000000000000 0.72215
0.132000000000000 0.72175
0.134000000000000 0.72135
0.136000000000000 0.72096
0.138000000000000 0.72056
0.140000000000000 0.72017
0.142000000000000 0.71978
0.144000000000000 0.71939
0.146000000000000 0.71900
0.148000000000000 0.71861
0.150000000000000 0.71822
0.152000000000000 0.71783
0.154000000000000 0.71745
0.156000000000000 0.71706
0.158000000000000 0.71668
0.160000000000000 0.71629
0.162000000000000 0.71591
0.164000000000000 0.71553
0.166000000000000 0.71515
0.168000000000000 0.71477
0.170000000000000 0.71440
0.172000000000000 0.71402
0.174000000000000 0.71364
0.176000000000000 0.71327
0.178000000000000 0.71290
0.180000000000000 0.71252
0.182000000000000 0.71215
0.184000000000000 0.71178
0.186000000000000 0.71141
0.188000000000000 0.71105
0.190000000000000 0.71068
0.192000000000000 0.71031
0.194000000000000 0.70995
0.196000000000000 0.70959
0.198000000000000 0.70922
0.200000000000000 0.70886
0.202000000000000 0.70850
0.204000000000000 0.70814
0.206000000000000 0.70779
0.208000000000000 0.70743
0.210000000000000 0.70707
0.212000000000000 0.70672
0.214000000000000 0.70637
0.216000000000000 0.70601
0.218000000000000 0.70566
0.220000000000000 0.70531
0.222000000000000 0.70496
0.224000000000000 0.70462
0.226000000000000 0.70427
0.228000000000000 0.70393
0.230000000000000 0.70358
0.232000000000000 0.70324
0.234000000000000 0.70290
0.236000000000000 0.70256
0.238000000000000 0.70222
0.240000000000000 0.70188
0.242000000000000 0.70154
0.244000000000000 0.70120
0.246000000000000 0.70087
0.248000000000000 0.70054
0.250000000000000 0.70020
0.252000000000000 0.69987
0.254000000000000 0.69954
0.256000000000000 0.69921
0.258000000000000 0.69888
0.260000000000000 0.69856
0.262000000000000 0.69823
0.264000000000000 0.69791
0.266000000000000 0.69759
0.268000000000000 0.69726
0.270000000000000 0.69694
0.272000000000000 0.69662
0.274000000000000 0.69630
0.276000000000000 0.69599
0.278000000000000 0.69567
0.280000000000000 0.69536
0.282000000000000 0.69504
0.284000000000000 0.69473
0.286000000000000 0.69442
0.288000000000000 0.69411
0.290000000000000 0.69380
0.292000000000000 0.69349
0.294000000000000 0.69319
0.296000000000000 0.69288
0.298000000000000 0.69258
0.300000000000000 0.69227
0.302000000000000 0.69197
0.304000000000000 0.69167
0.306000000000000 0.69137
0.308000000000000 0.69108
0.310000000000000 0.69078
0.312000000000000 0.69048
0.314000000000000 0.69019
0.316000000000000 0.68990
0.318000000000000 0.68960
0.320000000000000 0.68931
0.322000000000000 0.68902
0.324000000000000 0.68874
0.326000000000000 0.68845
0.328000000000000 0.68816
0.330000000000000 0.68788
0.332000000000000 0.68760
0.334000000000000 0.68731
0.336000000000000 0.68703
0.338000000000000 0.68675
0.340000000000000 0.68647
0.342000000000000 0.68620
0.344000000000000 0.68592
0.346000000000000 0.68565
0.348000000000000 0.68537
0.350000000000000 0.68510
0.352000000000000 0.68483
0.354000000000000 0.68456
0.356000000000000 0.68429
0.358000000000000 0.68402
0.360000000000000 0.68376
0.362000000000000 0.68349
0.364000000000000 0.68323
0.366000000000000 0.68297
0.368000000000000 0.68271
0.370000000000000 0.68245
0.372000000000000 0.68219
0.374000000000000 0.68193
0.376000000000000 0.68167
0.378000000000000 0.68142
0.380000000000000 0.68117
0.382000000000000 0.68091
0.384000000000000 0.68066
0.386000000000000 0.68041
0.388000000000000 0.68016
0.390000000000000 0.67992
0.392000000000000 0.67967
0.394000000000000 0.67943
0.396000000000000 0.67918
0.398000000000000 0.67894
0.400000000000000 0.67870
0.402000000000000 0.67846
0.404000000000000 0.67822
0.406000000000000 0.67798
0.408000000000000 0.67774
0.410000000000000 0.67751
0.412000000000000 0.67728
0.414000000000000 0.67704
0.416000000000000 0.67681
0.418000000000000 0.67658
0.420000000000000 0.67635
0.422000000000000 0.67612
0.424000000000000 0.67590
0.426000000000000 0.67567
0.428000000000000 0.67545
0.430000000000000 0.67523
0.432000000000000 0.67500
0.434000000000000 0.67478
0.436000000000000 0.67456
0.438000000000000 0.67435
0.440000000000000 0.67413
0.442000000000000 0.67391
0.444000000000000 0.67370
0.446000000000000 0.67348
0.448000000000000 0.67327
0.450000000000000 0.67306
0.452000000000000 0.67285
0.454000000000000 0.67264
0.456000000000000 0.67244
0.458000000000000 0.67223
0.460000000000000 0.67203
0.462000000000000 0.67182
0.464000000000000 0.67162
0.466000000000000 0.67142
0.468000000000000 0.67122
0.470000000000000 0.67102
0.472000000000000 0.67082
0.474000000000000 0.67063
0.476000000000000 0.67043
0.478000000000000 0.67024
0.480000000000000 0.67004
0.482000000000000 0.66985
0.484000000000000 0.66966
0.486000000000000 0.66947
0.488000000000000 0.66929
0.490000000000000 0.66910
0.492000000000000 0.66891
0.494000000000000 0.66873
0.496000000000000 0.66854
0.498000000000000 0.66836
0.500000000000000 0.66818
0.502000000000000 0.66800
0.504000000000000 0.66782
0.506000000000000 0.66765
0.508000000000000 0.66747
0.510000000000000 0.66729
0.512000000000000 0.66712
0.514000000000000 0.66695
0.516000000000000 0.66677
0.518000000000000 0.66660
0.520000000000000 0.66643
0.522000000000000 0.66627
0.524000000000000 0.66610
0.526000000000000 0.66593
0.528000000000000 0.66577
0.530000000000000 0.66560
0.532000000000000 0.66544
0.534000000000000 0.66528
0.536000000000000 0.66512
0.538000000000000 0.66496
0.540000000000000 0.66480
0.542000000000000 0.66464
0.544000000000000 0.66449
0.546000000000000 0.66433
0.548000000000000 0.66418
0.550000000000000 0.66403
0.552000000000000 0.66387
0.554000000000000 0.66372
0.556000000000000 0.66357
0.558000000000000 0.66342
0.560000000000000 0.66328
0.562000000000000 0.66313
0.564000000000000 0.66299
0.566000000000000 0.66284
0.568000000000000 0.66270
0.570000000000000 0.66256
0.572000000000000 0.66242
0.574000000000000 0.66228
0.576000000000000 0.66214
0.578000000000000 0.66200
0.580000000000000 0.66186
0.582000000000000 0.66173
0.584000000000000 0.66159
0.586000000000000 0.66146
0.588000000000000 0.66133
0.590000000000000 0.66120
0.592000000000000 0.66107
0.594000000000000 0.66094
0.596000000000000 0.66081
0.598000000000000 0.66068
0.600000000000000 0.66055
0.602000000000000 0.66043
0.604000000000000 0.66030
0.606000000000000 0.66018
0.608000000000000 0.66006
0.610000000000000 0.65994
0.612000000000000 0.65982
0.614000000000000 0.65970
0.616000000000000 0.65958
0.618000000000000 0.65946
0.620000000000000 0.65935
0.622000000000000 0.65923
0.624000000000000 0.65912
0.626000000000000 0.65900
0.628000000000000 0.65889
0.630000000000000 0.65878
0.632000000000000 0.65867
0.634000000000000 0.65856
0.636000000000000 0.65845
0.638000000000000 0.65834
0.640000000000000 0.65823
0.642000000000000 0.65813
0.644000000000000 0.65802
0.646000000000000 0.65792
0.648000000000000 0.65782
0.650000000000000 0.65771
0.652000000000000 0.65761
0.654000000000000 0.65751
0.656000000000000 0.65741
0.658000000000000 0.65732
0.660000000000000 0.65722
0.662000000000000 0.65712
0.664000000000000 0.65702
0.666000000000000 0.65693
0.668000000000000 0.65683
0.670000000000000 0.65674
0.672000000000000 0.65665
0.674000000000000 0.65656
0.676000000000000 0.65647
0.678000000000000 0.65638
0.680000000000000 0.65629
0.682000000000000 0.65620
0.684000000000000 0.65611
0.686000000000000 0.65602
0.688000000000000 0.65594
0.690000000000000 0.65585
0.692000000000000 0.65577
0.694000000000000 0.65568
0.696000000000000 0.65560
0.698000000000000 0.65552
0.700000000000000 0.65544
0.702000000000000 0.65536
0.704000000000000 0.65528
0.706000000000000 0.65520
0.708000000000000 0.65512
0.710000000000000 0.65504
0.712000000000000 0.65497
0.714000000000000 0.65489
0.716000000000000 0.65482
0.718000000000000 0.65474
0.720000000000000 0.65467
0.722000000000000 0.65460
0.724000000000000 0.65453
0.726000000000000 0.65445
0.728000000000000 0.65438
0.730000000000000 0.65431
0.732000000000000 0.65425
0.734000000000000 0.65418
0.736000000000000 0.65411
0.738000000000000 0.65404
0.740000000000000 0.65398
0.742000000000000 0.65391
0.744000000000000 0.65385
0.746000000000000 0.65378
0.748000000000000 0.65372
0.750000000000000 0.65366
0.752000000000000 0.65359
0.754000000000000 0.65353
0.756000000000000 0.65347
0.758000000000000 0.65341
0.760000000000000 0.65335
0.762000000000000 0.65329
0.764000000000000 0.65323
0.766000000000000 0.65318
0.768000000000000 0.65312
0.770000000000000 0.65306
0.772000000000000 0.65301
0.774000000000000 0.65295
0.776000000000000 0.65290
0.778000000000000 0.65284
0.780000000000000 0.65279
0.782000000000000 0.65274
0.784000000000000 0.65268
0.786000000000000 0.65263
0.788000000000000 0.65258
0.790000000000000 0.65253
0.792000000000000 0.65248
0.794000000000000 0.65243
0.796000000000000 0.65238
0.798000000000000 0.65233
0.800000000000000 0.65228
0.802000000000000 0.65224
0.804000000000000 0.65219
0.806000000000000 0.65214
0.808000000000000 0.65210
0.810000000000000 0.65205
0.812000000000000 0.65201
0.814000000000000 0.65196
0.816000000000000 0.65192
0.818000000000000 0.65188
0.820000000000000 0.65183
0.822000000000000 0.65179
0.824000000000000 0.65175
0.826000000000000 0.65171
0.828000000000000 0.65166
0.830000000000000 0.65162
0.832000000000000 0.65158
0.834000000000000 0.65154
0.836000000000000 0.65150
0.838000000000000 0.65147
0.840000000000000 0.65143
0.842000000000000 0.65139
0.844000000000000 0.65135
0.846000000000000 0.65131
0.848000000000000 0.65128
0.850000000000000 0.65124
0.852000000000000 0.65121
0.854000000000000 0.65117
0.856000000000000 0.65113
0.858000000000000 0.65110
0.860000000000000 0.65106
0.862000000000000 0.65103
0.864000000000000 0.65100
0.866000000000000 0.65096
0.868000000000000 0.65093
0.870000000000000 0.65090
0.872000000000000 0.65086
0.874000000000000 0.65083
0.876000000000000 0.65080
0.878000000000000 0.65077
0.880000000000000 0.65074
0.882000000000000 0.65071
0.884000000000000 0.65068
0.886000000000000 0.65065
0.888000000000000 0.65062
0.890000000000000 0.65059
0.892000000000000 0.65056
0.894000000000000 0.65053
0.896000000000000 0.65050
0.898000000000000 0.65047
0.900000000000000 0.65044
0.902000000000000 0.65041
0.904000000000000 0.65038
0.906000000000000 0.65036
0.908000000000000 0.65033
0.910000000000000 0.65030
0.912000000000000 0.65028
0.914000000000000 0.65025
0.916000000000000 0.65022
0.918000000000000 0.65020
0.920000000000000 0.65017
0.922000000000000 0.65014
0.924000000000000 0.65012
0.926000000000000 0.65009
0.928000000000000 0.65007
0.930000000000000 0.65004
0.932000000000000 0.65001
0.934000000000000 0.64999
0.936000000000000 0.64996
0.938000000000000 0.64994
0.940000000000000 0.64991
0.942000000000000 0.64989
0.944000000000000 0.64987
0.946000000000000 0.64984
0.948000000000000 0.64982
0.950000000000000 0.64979
0.952000000000000 0.64977
0.954000000000000 0.64974
0.956000000000000 0.64972
0.958000000000000 0.64970
0.960000000000000 0.64967
0.962000000000000 0.64965
0.964000000000000 0.64963
0.966000000000000 0.64960
0.968000000000000 0.64958
0.970000000000000 0.64956
0.972000000000000 0.64953
0.974000000000000 0.64951
0.976000000000000 0.64949
0.978000000000000 0.64946
0.980000000000000 0.64944
0.982000000000000 0.64942
0.984000000000000 0.64939
0.986000000000000 0.64937
0.988000000000000 0.64935
0.990000000000000 0.64933
0.992000000000000 0.64930
0.994000000000000 0.64928
0.996000000000000 0.64926
0.998000000000000 0.64923
1.00000000000000 0.64921
1.00200000000000 0.64919
1.00400000000000 0.64917
1.00600000000000 0.64914
1.00800000000000 0.64912
1.01000000000000 0.64909
1.01200000000000 0.64907
1.01400000000000 0.64905
1.01600000000000 0.64902
1.01800000000000 0.64900
1.02000000000000 0.64897
1.02200000000000 0.64895
1.02400000000000 0.64893
1.02600000000000 0.64890
1.02800000000000 0.64888
1.03000000000000 0.64885
1.03200000000000 0.64883
1.03400000000000 0.64880
1.03600000000000 0.64878
1.03800000000000 0.64875
1.04000000000000 0.64873
1.04200000000000 0.64870
1.04400000000000 0.64868
1.04600000000000 0.64865
1.04800000000000 0.64863
1.05000000000000 0.64860
1.05200000000000 0.64857
1.05400000000000 0.64855
1.05600000000000 0.64852
1.05800000000000 0.64849
1.06000000000000 0.64847
1.06200000000000 0.64844
1.06400000000000 0.64841
1.06600000000000 0.64839
1.06800000000000 0.64836
1.07000000000000 0.64833
1.07200000000000 0.64830
1.07400000000000 0.64827
1.07600000000000 0.64824
1.07800000000000 0.64822
1.08000000000000 0.64819
1.08200000000000 0.64816
1.08400000000000 0.64813
1.08600000000000 0.64810
1.08800000000000 0.64807
1.09000000000000 0.64804
1.09200000000000 0.64801
1.09400000000000 0.64797
1.09600000000000 0.64794
1.09800000000000 0.64791
1.10000000000000 0.64788
1.10200000000000 0.64785
1.10400000000000 0.64781
1.10600000000000 0.64778
1.10800000000000 0.64775
1.11000000000000 0.64771
1.11200000000000 0.64768
1.11400000000000 0.64765
1.11600000000000 0.64761
1.11800000000000 0.64758
1.12000000000000 0.64754
1.12200000000000 0.64750
1.12400000000000 0.64747
1.12600000000000 0.64743
1.12800000000000 0.64740
1.13000000000000 0.64736
1.13200000000000 0.64732
1.13400000000000 0.64728
1.13600000000000 0.64724
1.13800000000000 0.64720
1.14000000000000 0.64717
1.14200000000000 0.64713
1.14400000000000 0.64709
1.14600000000000 0.64704
1.14800000000000 0.64700
1.15000000000000 0.64696
1.15200000000000 0.64692
1.15400000000000 0.64688
1.15600000000000 0.64683
1.15800000000000 0.64679
1.16000000000000 0.64675
1.16200000000000 0.64670
1.16400000000000 0.64666
1.16600000000000 0.64661
1.16800000000000 0.64657
1.17000000000000 0.64652
1.17200000000000 0.64648
1.17400000000000 0.64643
1.17600000000000 0.64638
1.17800000000000 0.64633
1.18000000000000 0.64628
1.18200000000000 0.64623
1.18400000000000 0.64618
1.18600000000000 0.64613
1.18800000000000 0.64608
1.19000000000000 0.64603
1.19200000000000 0.64598
1.19400000000000 0.64593
1.19600000000000 0.64587
1.19800000000000 0.64582
1.20000000000000 0.64577
1.20200000000000 0.64571
1.20400000000000 0.64565
1.20600000000000 0.64560
1.20800000000000 0.64554
1.21000000000000 0.64548
1.21200000000000 0.64543
1.21400000000000 0.64537
1.21600000000000 0.64531
1.21800000000000 0.64525
1.22000000000000 0.64519
1.22200000000000 0.64513
1.22400000000000 0.64507
1.22600000000000 0.64500
1.22800000000000 0.64494
1.23000000000000 0.64488
1.23200000000000 0.64481
1.23400000000000 0.64475
1.23600000000000 0.64468
1.23800000000000 0.64462
1.24000000000000 0.64455
1.24200000000000 0.64448
1.24400000000000 0.64441
1.24600000000000 0.64435
1.24800000000000 0.64428
1.25000000000000 0.64421
1.25200000000000 0.64414
1.25400000000000 0.64406
1.25600000000000 0.64399
1.25800000000000 0.64392
1.26000000000000 0.64384
1.26200000000000 0.64377
1.26400000000000 0.64369
1.26600000000000 0.64362
1.26800000000000 0.64354
1.27000000000000 0.64346
1.27200000000000 0.64339
1.27400000000000 0.64331
1.27600000000000 0.64323
1.27800000000000 0.64315
1.28000000000000 0.64306
1.28200000000000 0.64298
1.28400000000000 0.64290
1.28600000000000 0.64282
1.28800000000000 0.64273
1.29000000000000 0.64264
1.29200000000000 0.64256
1.29400000000000 0.64247
1.29600000000000 0.64238
1.29800000000000 0.64230
1.30000000000000 0.64221
1.30200000000000 0.64212
1.30400000000000 0.64202
1.30600000000000 0.64193
1.30800000000000 0.64184
1.31000000000000 0.64175
1.31200000000000 0.64165
1.31400000000000 0.64156
1.31600000000000 0.64146
1.31800000000000 0.64136
1.32000000000000 0.64126
1.32200000000000 0.64117
1.32400000000000 0.64107
1.32600000000000 0.64096
1.32800000000000 0.64086
1.33000000000000 0.64076
1.33200000000000 0.64066
1.33400000000000 0.64055
1.33600000000000 0.64045
1.33800000000000 0.64034
1.34000000000000 0.64023
1.34200000000000 0.64013
1.34400000000000 0.64002
1.34600000000000 0.63991
1.34800000000000 0.63980
1.35000000000000 0.63969
1.35200000000000 0.63957
1.35400000000000 0.63946
1.35600000000000 0.63935
1.35800000000000 0.63923
1.36000000000000 0.63911
1.36200000000000 0.63900
1.36400000000000 0.63888
1.36600000000000 0.63876
1.36800000000000 0.63864
1.37000000000000 0.63851
1.37200000000000 0.63839
1.37400000000000 0.63827
1.37600000000000 0.63814
1.37800000000000 0.63802
1.38000000000000 0.63789
1.38200000000000 0.63776
1.38400000000000 0.63763
1.38600000000000 0.63750
1.38800000000000 0.63737
1.39000000000000 0.63724
1.39200000000000 0.63711
1.39400000000000 0.63697
1.39600000000000 0.63684
1.39800000000000 0.63670
1.40000000000000 0.63656
1.40200000000000 0.63643
1.40400000000000 0.63629
1.40600000000000 0.63614
1.40800000000000 0.63600
1.41000000000000 0.63586
1.41200000000000 0.63572
1.41400000000000 0.63557
1.41600000000000 0.63542
1.41800000000000 0.63528
1.42000000000000 0.63513
1.42200000000000 0.63498
1.42400000000000 0.63483
1.42600000000000 0.63467
1.42800000000000 0.63452
1.43000000000000 0.63437
1.43200000000000 0.63421
1.43400000000000 0.63405
1.43600000000000 0.63390
1.43800000000000 0.63374
1.44000000000000 0.63358
1.44200000000000 0.63342
1.44400000000000 0.63325
1.44600000000000 0.63309
1.44800000000000 0.63292
1.45000000000000 0.63276
1.45200000000000 0.63259
1.45400000000000 0.63242
1.45600000000000 0.63225
1.45800000000000 0.63208
1.46000000000000 0.63191
1.46200000000000 0.63173
1.46400000000000 0.63156
1.46600000000000 0.63138
1.46800000000000 0.63120
1.47000000000000 0.63102
1.47200000000000 0.63084
1.47400000000000 0.63066
1.47600000000000 0.63048
1.47800000000000 0.63029
1.48000000000000 0.63011
1.48200000000000 0.62992
1.48400000000000 0.62973
1.48600000000000 0.62955
1.48800000000000 0.62935
1.49000000000000 0.62916
1.49200000000000 0.62897
1.49400000000000 0.62877
1.49600000000000 0.62858
1.49800000000000 0.62838
1.50000000000000 0.62818
1.50200000000000 0.62798
1.50400000000000 0.62778
1.50600000000000 0.62758
1.50800000000000 0.62737
1.51000000000000 0.62717
1.51200000000000 0.62696
1.51400000000000 0.62675
1.51600000000000 0.62654
1.51800000000000 0.62633
1.52000000000000 0.62612
1.52200000000000 0.62591
1.52400000000000 0.62569
1.52600000000000 0.62547
1.52800000000000 0.62525
1.53000000000000 0.62504
1.53200000000000 0.62481
1.53400000000000 0.62459
1.53600000000000 0.62437
1.53800000000000 0.62414
1.54000000000000 0.62391
1.54200000000000 0.62368
1.54400000000000 0.62346
1.54600000000000 0.62322
1.54800000000000 0.62299
1.55000000000000 0.62276
1.55200000000000 0.62252
1.55400000000000 0.62228
1.55600000000000 0.62204
1.55800000000000 0.62180
1.56000000000000 0.62156
1.56200000000000 0.62132
1.56400000000000 0.62107
1.56600000000000 0.62082
1.56800000000000 0.62058
1.57000000000000 0.62033
1.57200000000000 0.62007
1.57400000000000 0.61982
1.57600000000000 0.61957
1.57800000000000 0.61931
1.58000000000000 0.61905
1.58200000000000 0.61879
1.58400000000000 0.61853
1.58600000000000 0.61827
1.58800000000000 0.61801
1.59000000000000 0.61774
1.59200000000000 0.61747
1.59400000000000 0.61720
1.59600000000000 0.61693
1.59800000000000 0.61666
1.60000000000000 0.61638
1.60200000000000 0.61611
1.60400000000000 0.61583
1.60600000000000 0.61555
1.60800000000000 0.61527
1.61000000000000 0.61499
1.61200000000000 0.61470
1.61400000000000 0.61442
1.61600000000000 0.61413
1.61800000000000 0.61384
1.62000000000000 0.61355
1.62200000000000 0.61326
1.62400000000000 0.61296
1.62600000000000 0.61267
1.62800000000000 0.61237
1.63000000000000 0.61207
1.63200000000000 0.61176
1.63400000000000 0.61146
1.63600000000000 0.61116
1.63800000000000 0.61085
1.64000000000000 0.61054
1.64200000000000 0.61023
1.64400000000000 0.60992
1.64600000000000 0.60960
1.64800000000000 0.60929
1.65000000000000 0.60897
1.65200000000000 0.60865
1.65400000000000 0.60833
1.65600000000000 0.60800
1.65800000000000 0.60768
1.66000000000000 0.60735
1.66200000000000 0.60702
1.66400000000000 0.60669
1.66600000000000 0.60636
1.66800000000000 0.60602
1.67000000000000 0.60569
1.67200000000000 0.60535
1.67400000000000 0.60501
1.67600000000000 0.60467
1.67800000000000 0.60432
1.68000000000000 0.60398
1.68200000000000 0.60363
1.68400000000000 0.60328
1.68600000000000 0.60293
1.68800000000000 0.60257
1.69000000000000 0.60221
1.69200000000000 0.60186
1.69400000000000 0.60149
1.69600000000000 0.60113
1.69800000000000 0.60077
1.70000000000000 0.60040
1.70200000000000 0.60003
1.70400000000000 0.59966
1.70600000000000 0.59929
1.70800000000000 0.59892
1.71000000000000 0.59854
1.71200000000000 0.59816
1.71400000000000 0.59778
1.71600000000000 0.59740
1.71800000000000 0.59701
1.72000000000000 0.59662
1.72200000000000 0.59623
1.72400000000000 0.59584
1.72600000000000 0.59545
1.72800000000000 0.59505
1.73000000000000 0.59466
1.73200000000000 0.59426
1.73400000000000 0.59385
1.73600000000000 0.59345
1.73800000000000 0.59304
1.74000000000000 0.59263
1.74200000000000 0.59222
1.74400000000000 0.59181
1.74600000000000 0.59139
1.74800000000000 0.59098
1.75000000000000 0.59056
1.75200000000000 0.59013
1.75400000000000 0.58971
1.75600000000000 0.58928
1.75800000000000 0.58885
1.76000000000000 0.58842
1.76200000000000 0.58799
1.76400000000000 0.58755
1.76600000000000 0.58711
1.76800000000000 0.58667
1.77000000000000 0.58623
1.77200000000000 0.58578
1.77400000000000 0.58534
1.77600000000000 0.58489
1.77800000000000 0.58443
1.78000000000000 0.58398
1.78200000000000 0.58352
1.78400000000000 0.58306
1.78600000000000 0.58260
1.78800000000000 0.58213
1.79000000000000 0.58167
1.79200000000000 0.58120
1.79400000000000 0.58072
1.79600000000000 0.58025
1.79800000000000 0.57977
1.80000000000000 0.57929
1.80200000000000 0.57881
1.80400000000000 0.57833
1.80600000000000 0.57784
1.80800000000000 0.57735
1.81000000000000 0.57686
1.81200000000000 0.57636
1.81400000000000 0.57586
1.81600000000000 0.57536
1.81800000000000 0.57486
1.82000000000000 0.57436
1.82200000000000 0.57385
1.82400000000000 0.57334
1.82600000000000 0.57282
1.82800000000000 0.57231
1.83000000000000 0.57179
1.83200000000000 0.57127
1.83400000000000 0.57074
1.83600000000000 0.57022
1.83800000000000 0.56969
1.84000000000000 0.56915
1.84200000000000 0.56862
1.84400000000000 0.56808
1.84600000000000 0.56754
1.84800000000000 0.56700
1.85000000000000 0.56645
1.85200000000000 0.56590
1.85400000000000 0.56535
1.85600000000000 0.56479
1.85800000000000 0.56424
1.86000000000000 0.56367
1.86200000000000 0.56311
1.86400000000000 0.56254
1.86600000000000 0.56198
1.86800000000000 0.56140
1.87000000000000 0.56083
1.87200000000000 0.56025
1.87400000000000 0.55967
1.87600000000000 0.55908
1.87800000000000 0.55850
1.88000000000000 0.55791
1.88200000000000 0.55731
1.88400000000000 0.55672
1.88600000000000 0.55612
1.88800000000000 0.55551
1.89000000000000 0.55491
1.89200000000000 0.55430
1.89400000000000 0.55369
1.89600000000000 0.55307
1.89800000000000 0.55245
1.90000000000000 0.55183
1.90200000000000 0.55120
1.90400000000000 0.55058
1.90600000000000 0.54994
1.90800000000000 0.54931
1.91000000000000 0.54867
1.91200000000000 0.54803
1.91400000000000 0.54739
1.91600000000000 0.54674
1.91800000000000 0.54609
1.92000000000000 0.54543
1.92200000000000 0.54477
1.92400000000000 0.54411
1.92600000000000 0.54344
1.92800000000000 0.54278
1.93000000000000 0.54210
1.93200000000000 0.54143
1.93400000000000 0.54075
1.93600000000000 0.54007
1.93800000000000 0.53938
1.94000000000000 0.53869
1.94200000000000 0.53800
1.94400000000000 0.53730
1.94600000000000 0.53660
1.94800000000000 0.53589
1.95000000000000 0.53519
1.95200000000000 0.53447
1.95400000000000 0.53376
1.95600000000000 0.53304
1.95800000000000 0.53232
1.96000000000000 0.53159
1.96200000000000 0.53086
1.96400000000000 0.53013
1.96600000000000 0.52939
1.96800000000000 0.52865
1.97000000000000 0.52790
1.97200000000000 0.52715
1.97400000000000 0.52639
1.97600000000000 0.52564
1.97800000000000 0.52487
1.98000000000000 0.52411
1.98200000000000 0.52334
1.98400000000000 0.52256
1.98600000000000 0.52178
1.98800000000000 0.52100
1.99000000000000 0.52021
1.99200000000000 0.51942
1.99400000000000 0.51863
1.99600000000000 0.51783
1.99800000000000 0.51702
2.00000000000000 0.51621
2.00200000000000 0.51540
2.00400000000000 0.51458
2.00600000000000 0.51376
2.00800000000000 0.51294
2.01000000000000 0.51211
2.01200000000000 0.51127
2.01400000000000 0.51043
2.01600000000000 0.50959
2.01800000000000 0.50874
2.02000000000000 0.50789
2.02200000000000 0.50703
2.02400000000000 0.50617
2.02600000000000 0.50530
2.02800000000000 0.50443
2.03000000000000 0.50355
2.03200000000000 0.50267
2.03400000000000 0.50178
2.03600000000000 0.50089
2.03800000000000 0.49999
2.04000000000000 0.49909
2.04200000000000 0.49818
2.04400000000000 0.49727
2.04600000000000 0.49635
2.04800000000000 0.49543
2.05000000000000 0.49450
2.05200000000000 0.49357
2.05400000000000 0.49264
2.05600000000000 0.49169
2.05800000000000 0.49074
2.06000000000000 0.48979
2.06200000000000 0.48883
2.06400000000000 0.48787
2.06600000000000 0.48690
2.06800000000000 0.48592
2.07000000000000 0.48494
2.07200000000000 0.48395
2.07400000000000 0.48296
2.07600000000000 0.48196
2.07800000000000 0.48096
2.08000000000000 0.47995
2.08200000000000 0.47893
2.08400000000000 0.47791
2.08600000000000 0.47688
2.08800000000000 0.47585
2.09000000000000 0.47481
2.09200000000000 0.47376
2.09400000000000 0.47271
2.09600000000000 0.47165
2.09800000000000 0.47058
2.10000000000000 0.46951
2.10200000000000 0.46843
2.10400000000000 0.46735
2.10600000000000 0.46626
2.10800000000000 0.46516
2.11000000000000 0.46405
2.11200000000000 0.46294
2.11400000000000 0.46182
2.11600000000000 0.46070
2.11800000000000 0.45956
2.12000000000000 0.45843
2.12200000000000 0.45728
2.12400000000000 0.45612
2.12600000000000 0.45496
2.12800000000000 0.45379
2.13000000000000 0.45262
2.13200000000000 0.45144
2.13400000000000 0.45024
2.13600000000000 0.44905
2.13800000000000 0.44784
2.14000000000000 0.44663
2.14200000000000 0.44540
2.14400000000000 0.44417
2.14600000000000 0.44293
2.14800000000000 0.44169
2.15000000000000 0.44043
2.15200000000000 0.43917
2.15400000000000 0.43790
2.15600000000000 0.43662
2.15800000000000 0.43533
2.16000000000000 0.43403
2.16200000000000 0.43273
2.16400000000000 0.43141
2.16600000000000 0.43009
2.16800000000000 0.42875
2.17000000000000 0.42741
2.17200000000000 0.42606
2.17400000000000 0.42469
2.17600000000000 0.42332
2.17800000000000 0.42194
2.18000000000000 0.42055
2.18200000000000 0.41915
2.18400000000000 0.41774
2.18600000000000 0.41631
2.18800000000000 0.41488
2.19000000000000 0.41344
2.19200000000000 0.41198
2.19400000000000 0.41052
2.19600000000000 0.40904
2.19800000000000 0.40756
2.20000000000000 0.40606
2.20200000000000 0.40455
2.20400000000000 0.40303
2.20600000000000 0.40149
2.20800000000000 0.39995
2.21000000000000 0.39839
2.21200000000000 0.39682
2.21400000000000 0.39524
2.21600000000000 0.39364
2.21800000000000 0.39203
2.22000000000000 0.39041
2.22200000000000 0.38878
2.22400000000000 0.38713
2.22600000000000 0.38546
2.22800000000000 0.38379
2.23000000000000 0.38210
2.23200000000000 0.38039
2.23400000000000 0.37867
2.23600000000000 0.37693
2.23800000000000 0.37518
2.24000000000000 0.37342
2.24200000000000 0.37163
2.24400000000000 0.36984
2.24600000000000 0.36802
2.24800000000000 0.36619
2.25000000000000 0.36434
2.25200000000000 0.36247
2.25400000000000 0.36059
2.25600000000000 0.35869
2.25800000000000 0.35676
2.26000000000000 0.35482
2.26200000000000 0.35286
2.26400000000000 0.35088
2.26600000000000 0.34889
2.26800000000000 0.34687
2.27000000000000 0.34482
2.27200000000000 0.34276
2.27400000000000 0.34068
2.27600000000000 0.33857
2.27800000000000 0.33644
2.28000000000000 0.33429
2.28200000000000 0.33211
2.28400000000000 0.32991
2.28600000000000 0.32768
2.28800000000000 0.32543
2.29000000000000 0.32315
2.29200000000000 0.32084
2.29400000000000 0.31850
2.29600000000000 0.31614
2.29800000000000 0.31375
2.30000000000000 0.31132
2.30200000000000 0.30887
2.30400000000000 0.30638
2.30600000000000 0.30386
2.30800000000000 0.30130
2.31000000000000 0.29871
2.31200000000000 0.29609
2.31400000000000 0.29342
2.31600000000000 0.29072
2.31800000000000 0.28798
2.32000000000000 0.28519
2.32200000000000 0.28237
2.32400000000000 0.27949
2.32600000000000 0.27658
2.32800000000000 0.27361
2.33000000000000 0.27060
2.33200000000000 0.26753
2.33400000000000 0.26442
2.33600000000000 0.26124
2.33800000000000 0.25801
2.34000000000000 0.25472
2.34200000000000 0.25136
2.34400000000000 0.24794
2.34600000000000 0.24445
2.34800000000000 0.24088
2.35000000000000 0.23725
2.35200000000000 0.23353
2.35400000000000 0.22972
2.35600000000000 0.22583
2.35800000000000 0.22185
2.36000000000000 0.21776
2.36200000000000 0.21357
2.36400000000000 0.20927
2.36600000000000 0.20485
2.36800000000000 0.20030
2.37000000000000 0.19562
2.37200000000000 0.19079
2.37400000000000 0.18581
2.37600000000000 0.18065
2.37800000000000 0.17532
2.38000000000000 0.16978
2.38200000000000 0.16403
2.38400000000000 0.15804
2.38600000000000 0.15179
2.38800000000000 0.14525
2.39000000000000 0.13839
2.39200000000000 0.13117
2.39400000000000 0.12355
2.39600000000000 0.11547
2.39800000000000 0.10686
2.40000000000000 0.097661
2.40200000000000 0.087767
2.40400000000000 0.077066
2.40600000000000 0.065427
2.40800000000000 0.052697
2.41000000000000 0.038716
2.41200000000000 0.023358
2.41400000000000 0.0066140
2.41600000000000 -0.011253
2.41800000000000 -0.029567
2.42000000000000 -0.047322
2.42200000000000 -0.063620
2.42400000000000 -0.078056
2.42600000000000 -0.090667
2.42800000000000 -0.10170
2.43000000000000 -0.11141
2.43200000000000 -0.12006
2.43400000000000 -0.12781
2.43600000000000 -0.13484
2.43800000000000 -0.14125
2.44000000000000 -0.14713
2.44200000000000 -0.15257
2.44400000000000 -0.15761
2.44600000000000 -0.16231
2.44800000000000 -0.16671
2.45000000000000 -0.17083
2.45200000000000 -0.17472
2.45400000000000 -0.17838
2.45600000000000 -0.18185
2.45800000000000 -0.18514
2.46000000000000 -0.18825
2.46200000000000 -0.19122
2.46400000000000 -0.19404
2.46600000000000 -0.19673
2.46800000000000 -0.19930
2.47000000000000 -0.20175
2.47200000000000 -0.20410
2.47400000000000 -0.20634
2.47600000000000 -0.20849
2.47800000000000 -0.21055
2.48000000000000 -0.21252
2.48200000000000 -0.21441
2.48400000000000 -0.21622
2.48600000000000 -0.21796
2.48800000000000 -0.21963
2.49000000000000 -0.22123
2.49200000000000 -0.22276
2.49400000000000 -0.22424
2.49600000000000 -0.22565
2.49800000000000 -0.22701
2.50000000000000 -0.22831
2.50200000000000 -0.22955
2.50400000000000 -0.23075
2.50600000000000 -0.23189
2.50800000000000 -0.23299
2.51000000000000 -0.23404
2.51200000000000 -0.23504
2.51400000000000 -0.23599
2.51600000000000 -0.23691
2.51800000000000 -0.23778
2.52000000000000 -0.23861
2.52200000000000 -0.23940
2.52400000000000 -0.24015
2.52600000000000 -0.24086
2.52800000000000 -0.24153
2.53000000000000 -0.24216
2.53200000000000 -0.24276
2.53400000000000 -0.24332
2.53600000000000 -0.24385
2.53800000000000 -0.24434
2.54000000000000 -0.24479
2.54200000000000 -0.24522
2.54400000000000 -0.24561
2.54600000000000 -0.24596
2.54800000000000 -0.24628
2.55000000000000 -0.24657
2.55200000000000 -0.24683
2.55400000000000 -0.24706
2.55600000000000 -0.24725
2.55800000000000 -0.24742
2.56000000000000 -0.24755
2.56200000000000 -0.24765
2.56400000000000 -0.24772
2.56600000000000 -0.24776
2.56800000000000 -0.24778
2.57000000000000 -0.24776
2.57200000000000 -0.24771
2.57400000000000 -0.24763
2.57600000000000 -0.24752
2.57800000000000 -0.24738
2.58000000000000 -0.24720
2.58200000000000 -0.24700
2.58400000000000 -0.24677
2.58600000000000 -0.24651
2.58800000000000 -0.24622
2.59000000000000 -0.24590
2.59200000000000 -0.24555
2.59400000000000 -0.24517
2.59600000000000 -0.24476
2.59800000000000 -0.24431
2.60000000000000 -0.24384
2.60200000000000 -0.24333
2.60400000000000 -0.24279
2.60600000000000 -0.24223
2.60800000000000 -0.24162
2.61000000000000 -0.24099
2.61200000000000 -0.24032
2.61400000000000 -0.23962
2.61600000000000 -0.23889
2.61800000000000 -0.23812
2.62000000000000 -0.23732
2.62200000000000 -0.23648
2.62400000000000 -0.23561
2.62600000000000 -0.23470
2.62800000000000 -0.23375
2.63000000000000 -0.23277
2.63200000000000 -0.23175
2.63400000000000 -0.23069
2.63600000000000 -0.22959
2.63800000000000 -0.22845
2.64000000000000 -0.22726
2.64200000000000 -0.22604
2.64400000000000 -0.22477
2.64600000000000 -0.22346
2.64800000000000 -0.22210
2.65000000000000 -0.22069
2.65200000000000 -0.21924
2.65400000000000 -0.21774
2.65600000000000 -0.21618
2.65800000000000 -0.21457
2.66000000000000 -0.21291
2.66200000000000 -0.21119
2.66400000000000 -0.20941
2.66600000000000 -0.20757
2.66800000000000 -0.20567
2.67000000000000 -0.20370
2.67200000000000 -0.20166
2.67400000000000 -0.19955
2.67600000000000 -0.19737
2.67800000000000 -0.19510
2.68000000000000 -0.19276
2.68200000000000 -0.19032
2.68400000000000 -0.18780
2.68600000000000 -0.18517
2.68800000000000 -0.18244
2.69000000000000 -0.17961
2.69200000000000 -0.17665
2.69400000000000 -0.17357
2.69600000000000 -0.17035
2.69800000000000 -0.16699
2.70000000000000 -0.16347
2.70200000000000 -0.15978
2.70400000000000 -0.15590
2.70600000000000 -0.15181
2.70800000000000 -0.14750
2.71000000000000 -0.14293
2.71200000000000 -0.13807
2.71400000000000 -0.13288
2.71600000000000 -0.12732
2.71800000000000 -0.12132
2.72000000000000 -0.11481
2.72200000000000 -0.10767
2.72400000000000 -0.099781
2.72600000000000 -0.090926
2.72800000000000 -0.080814
2.73000000000000 -0.068982
2.73200000000000 -0.054650
2.73400000000000 -0.036391
2.73600000000000 -0.011403
2.73800000000000 0.024350
2.74000000000000 0.057805
2.74200000000000 0.073779
2.74400000000000 0.083804
2.74600000000000 0.090972
2.74800000000000 0.096400
2.75000000000000 0.10062
2.75200000000000 0.10394
2.75400000000000 0.10655
2.75600000000000 0.10856
2.75800000000000 0.11006
2.76000000000000 0.11111
2.76200000000000 0.11175
2.76400000000000 0.11201
2.76600000000000 0.11191
2.76800000000000 0.11146
2.77000000000000 0.11067
2.77200000000000 0.10954
2.77400000000000 0.10805
2.77600000000000 0.10619
2.77800000000000 0.10394
2.78000000000000 0.10127
2.78200000000000 0.098126
2.78400000000000 0.094448
2.78600000000000 0.090146
2.78800000000000 0.085092
2.79000000000000 0.079098
2.79200000000000 0.071865
2.79400000000000 0.062889
2.79600000000000 0.051204
