x y
0.000000000000000 1.14000000000000
0.00200000000000000 1.1400
0.00400000000000000 1.1372
0.00600000000000000 1.1315
0.00800000000000000 1.1237
0.0100000000000000 1.1143
0.0120000000000000 1.1040
0.0140000000000000 1.0932
0.0160000000000000 1.0822
0.0180000000000000 1.0712
0.0200000000000000 1.0602
0.0220000000000000 1.0493
0.0240000000000000 1.0385
0.0260000000000000 1.0278
0.0280000000000000 1.0172
0.0300000000000000 1.0067
0.0320000000000000 0.99642
0.0340000000000000 0.98622
0.0360000000000000 0.97614
0.0380000000000000 0.96617
0.0400000000000000 0.95631
0.0420000000000000 0.94655
0.0440000000000000 0.93689
0.0460000000000000 0.92732
0.0480000000000000 0.91785
0.0500000000000000 0.90846
0.0520000000000000 0.89915
0.0540000000000000 0.88991
0.0560000000000000 0.88076
0.0580000000000000 0.87167
0.0600000000000000 0.86265
0.0620000000000000 0.85369
0.0640000000000000 0.84479
0.0660000000000000 0.83595
0.0680000000000000 0.82717
0.0700000000000000 0.81844
0.0720000000000000 0.80976
0.0740000000000000 0.80113
0.0760000000000000 0.79255
0.0780000000000000 0.78401
0.0800000000000000 0.77552
0.0820000000000000 0.76707
0.0840000000000000 0.75865
0.0860000000000000 0.75028
0.0880000000000000 0.74194
0.0900000000000000 0.73363
0.0920000000000000 0.72536
0.0940000000000000 0.71712
0.0960000000000000 0.70891
0.0980000000000000 0.70073
0.100000000000000 0.69258
0.102000000000000 0.68445
0.104000000000000 0.67635
0.106000000000000 0.66828
0.108000000000000 0.66023
0.110000000000000 0.65220
0.112000000000000 0.64419
0.114000000000000 0.63620
0.116000000000000 0.62824
0.118000000000000 0.62029
0.120000000000000 0.61236
0.122000000000000 0.60445
0.124000000000000 0.59655
0.126000000000000 0.58867
0.128000000000000 0.58080
0.130000000000000 0.57295
0.132000000000000 0.56511
0.134000000000000 0.55728
0.136000000000000 0.54947
0.138000000000000 0.54166
0.140000000000000 0.53386
0.142000000000000 0.52608
0.144000000000000 0.51830
0.146000000000000 0.51053
0.148000000000000 0.50277
0.150000000000000 0.49502
0.152000000000000 0.48727
0.154000000000000 0.47953
0.156000000000000 0.47179
0.158000000000000 0.46405
0.160000000000000 0.45632
0.162000000000000 0.44860
0.164000000000000 0.44087
0.166000000000000 0.43315
0.168000000000000 0.42543
0.170000000000000 0.41771
0.172000000000000 0.40999
0.174000000000000 0.40226
0.176000000000000 0.39454
0.178000000000000 0.38681
0.180000000000000 0.37909
0.182000000000000 0.37136
0.184000000000000 0.36362
0.186000000000000 0.35588
0.188000000000000 0.34814
0.190000000000000 0.34039
0.192000000000000 0.33263
0.194000000000000 0.32487
0.196000000000000 0.31710
0.198000000000000 0.30933
0.200000000000000 0.30154
0.202000000000000 0.29374
0.204000000000000 0.28594
0.206000000000000 0.27812
0.208000000000000 0.27029
0.210000000000000 0.26245
0.212000000000000 0.25460
0.214000000000000 0.24673
0.216000000000000 0.23885
0.218000000000000 0.23096
0.220000000000000 0.22304
0.222000000000000 0.21512
0.224000000000000 0.20717
0.226000000000000 0.19921
0.228000000000000 0.19122
0.230000000000000 0.18322
0.232000000000000 0.17519
0.234000000000000 0.16715
0.236000000000000 0.15908
0.238000000000000 0.15099
0.240000000000000 0.14287
0.242000000000000 0.13473
0.244000000000000 0.12656
0.246000000000000 0.11836
0.248000000000000 0.11014
0.250000000000000 0.10188
0.252000000000000 0.093590
0.254000000000000 0.085269
0.256000000000000 0.076914
0.258000000000000 0.068523
0.260000000000000 0.060095
0.262000000000000 0.051629
0.264000000000000 0.043123
0.266000000000000 0.034575
0.268000000000000 0.025983
0.270000000000000 0.017346
0.272000000000000 0.0086618
0.274000000000000 -0.000071734
0.276000000000000 -0.0088567
0.278000000000000 -0.017695
0.280000000000000 -0.026590
0.282000000000000 -0.035543
0.284000000000000 -0.044558
0.286000000000000 -0.053637
0.288000000000000 -0.062783
0.290000000000000 -0.071999
0.292000000000000 -0.081289
0.294000000000000 -0.090656
0.296000000000000 -0.10011
0.298000000000000 -0.10964
0.300000000000000 -0.11927
0.302000000000000 -0.12899
0.304000000000000 -0.13881
0.306000000000000 -0.14874
0.308000000000000 -0.15878
0.310000000000000 -0.16894
0.312000000000000 -0.17923
0.314000000000000 -0.18966
0.316000000000000 -0.20023
0.318000000000000 -0.21096
0.320000000000000 -0.22185
0.322000000000000 -0.23293
0.324000000000000 -0.24420
0.326000000000000 -0.25569
0.328000000000000 -0.26741
0.330000000000000 -0.27939
0.332000000000000 -0.29164
0.334000000000000 -0.30421
0.336000000000000 -0.31712
0.338000000000000 -0.33042
0.340000000000000 -0.34415
0.342000000000000 -0.35838
0.344000000000000 -0.37315
0.346000000000000 -0.38853
0.348000000000000 -0.40452
0.350000000000000 -0.42093
0.352000000000000 -0.43674
0.354000000000000 -0.44729
0.356000000000000 -0.43804
0.358000000000000 -0.41507
0.360000000000000 -0.39252
0.362000000000000 -0.37115
0.364000000000000 -0.35075
0.366000000000000 -0.33110
0.368000000000000 -0.31204
0.370000000000000 -0.29345
0.372000000000000 -0.27522
0.374000000000000 -0.25728
0.376000000000000 -0.23957
0.378000000000000 -0.22204
0.380000000000000 -0.20463
0.382000000000000 -0.18730
0.384000000000000 -0.17003
0.386000000000000 -0.15275
0.388000000000000 -0.13545
0.390000000000000 -0.11809
0.392000000000000 -0.10062
0.394000000000000 -0.083017
0.396000000000000 -0.065224
0.398000000000000 -0.047200
0.400000000000000 -0.028889
0.402000000000000 -0.010229
0.404000000000000 0.0088552
0.406000000000000 0.028458
0.408000000000000 0.048696
0.410000000000000 0.069725
0.412000000000000 0.091757
0.414000000000000 0.11510
0.416000000000000 0.14020
0.418000000000000 0.16781
0.420000000000000 0.19905
0.422000000000000 0.23217
0.424000000000000 0.19322
0.426000000000000 0.16501
0.428000000000000 0.13798
0.430000000000000 0.11157
0.432000000000000 0.085394
0.434000000000000 0.059145
0.436000000000000 0.032517
0.438000000000000 0.0051767
0.440000000000000 -0.023306
0.442000000000000 -0.053549
0.444000000000000 -0.086573
0.446000000000000 -0.12433
0.448000000000000 -0.17029
