x y
-3 1
-2.9981 0.99965
-2.9961 0.99929
-2.9942 0.99894
-2.9923 0.99859
-2.9903 0.99824
-2.9884 0.99789
-2.9864 0.99754
-2.9845 0.99719
-2.9825 0.99684
-2.9806 0.99649
-2.9787 0.99614
-2.9767 0.99579
-2.9748 0.99544
-2.9728 0.99509
-2.9709 0.99474
-2.9689 0.99439
-2.9670 0.99404
-2.9650 0.99370
-2.9631 0.99335
-2.9611 0.99300
-2.9592 0.99266
-2.9572 0.99231
-2.9553 0.99196
-2.9533 0.99162
-2.9514 0.99127
-2.9494 0.99093
-2.9474 0.99059
-2.9455 0.99024
-2.9435 0.98990
-2.9416 0.98955
-2.9396 0.98921
-2.9376 0.98887
-2.9357 0.98853
-2.9337 0.98818
-2.9317 0.98784
-2.9298 0.98750
-2.9278 0.98716
-2.9258 0.98682
-2.9239 0.98648
-2.9219 0.98614
-2.9199 0.98580
-2.9180 0.98546
-2.9160 0.98512
-2.9140 0.98478
-2.9121 0.98445
-2.9101 0.98411
-2.9081 0.98377
-2.9061 0.98343
-2.9042 0.98310
-2.9022 0.98276
-2.9002 0.98242
-2.8982 0.98209
-2.8962 0.98175
-2.8943 0.98142
-2.8923 0.98108
-2.8903 0.98075
-2.8883 0.98042
-2.8863 0.98008
-2.8843 0.97975
-2.8824 0.97942
-2.8804 0.97908
-2.8784 0.97875
-2.8764 0.97842
-2.8744 0.97809
-2.8724 0.97776
-2.8704 0.97743
-2.8684 0.97710
-2.8664 0.97677
-2.8644 0.97644
-2.8625 0.97611
-2.8605 0.97578
-2.8585 0.97545
-2.8565 0.97513
-2.8545 0.97480
-2.8525 0.97447
-2.8505 0.97414
-2.8485 0.97382
-2.8465 0.97349
-2.8445 0.97317
-2.8425 0.97284
-2.8405 0.97252
-2.8385 0.97219
-2.8365 0.97187
-2.8344 0.97154
-2.8324 0.97122
-2.8304 0.97090
-2.8284 0.97058
-2.8264 0.97025
-2.8244 0.96993
-2.8224 0.96961
-2.8204 0.96929
-2.8184 0.96897
-2.8164 0.96865
-2.8143 0.96833
-2.8123 0.96801
-2.8103 0.96769
-2.8083 0.96737
-2.8063 0.96705
-2.8043 0.96674
-2.8022 0.96642
-2.8002 0.96610
-2.7982 0.96579
-2.7962 0.96547
-2.7942 0.96515
-2.7921 0.96484
-2.7901 0.96452
-2.7881 0.96421
-2.7861 0.96389
-2.7840 0.96358
-2.7820 0.96327
-2.7800 0.96295
-2.7780 0.96264
-2.7759 0.96233
-2.7739 0.96202
-2.7719 0.96171
-2.7698 0.96140
-2.7678 0.96108
-2.7658 0.96077
-2.7637 0.96046
-2.7617 0.96016
-2.7597 0.95985
-2.7576 0.95954
-2.7556 0.95923
-2.7535 0.95892
-2.7515 0.95861
-2.7495 0.95831
-2.7474 0.95800
-2.7454 0.95770
-2.7433 0.95739
-2.7413 0.95708
-2.7393 0.95678
-2.7372 0.95648
-2.7352 0.95617
-2.7331 0.95587
-2.7311 0.95556
-2.7290 0.95526
-2.7270 0.95496
-2.7249 0.95466
-2.7229 0.95436
-2.7208 0.95405
-2.7188 0.95375
-2.7167 0.95345
-2.7147 0.95315
-2.7126 0.95286
-2.7105 0.95256
-2.7085 0.95226
-2.7064 0.95196
-2.7044 0.95166
-2.7023 0.95136
-2.7003 0.95107
-2.6982 0.95077
-2.6961 0.95048
-2.6941 0.95018
-2.6920 0.94989
-2.6899 0.94959
-2.6879 0.94930
-2.6858 0.94900
-2.6838 0.94871
-2.6817 0.94842
-2.6796 0.94812
-2.6776 0.94783
-2.6755 0.94754
-2.6734 0.94725
-2.6713 0.94696
-2.6693 0.94667
-2.6672 0.94638
-2.6651 0.94609
-2.6631 0.94580
-2.6610 0.94551
-2.6589 0.94522
-2.6568 0.94493
-2.6548 0.94465
-2.6527 0.94436
-2.6506 0.94407
-2.6485 0.94379
-2.6464 0.94350
-2.6444 0.94322
-2.6423 0.94293
-2.6402 0.94265
-2.6381 0.94236
-2.6360 0.94208
-2.6339 0.94180
-2.6319 0.94151
-2.6298 0.94123
-2.6277 0.94095
-2.6256 0.94067
-2.6235 0.94039
-2.6214 0.94011
-2.6193 0.93983
-2.6172 0.93955
-2.6151 0.93927
-2.6131 0.93899
-2.6110 0.93871
-2.6089 0.93844
-2.6068 0.93816
-2.6047 0.93788
-2.6026 0.93761
-2.6005 0.93733
-2.5984 0.93705
-2.5963 0.93678
-2.5942 0.93651
-2.5921 0.93623
-2.5900 0.93596
-2.5879 0.93569
-2.5858 0.93541
-2.5837 0.93514
-2.5816 0.93487
-2.5795 0.93460
-2.5774 0.93433
-2.5753 0.93405
-2.5732 0.93378
-2.5711 0.93351
-2.5689 0.93325
-2.5668 0.93298
-2.5647 0.93271
-2.5626 0.93244
-2.5605 0.93217
-2.5584 0.93191
-2.5563 0.93164
-2.5542 0.93137
-2.5521 0.93111
-2.5499 0.93084
-2.5478 0.93058
-2.5457 0.93032
-2.5436 0.93005
-2.5415 0.92979
-2.5394 0.92952
-2.5372 0.92926
-2.5351 0.92900
-2.5330 0.92874
-2.5309 0.92848
-2.5288 0.92822
-2.5266 0.92796
-2.5245 0.92770
-2.5224 0.92744
-2.5203 0.92718
-2.5181 0.92692
-2.5160 0.92666
-2.5139 0.92641
-2.5117 0.92615
-2.5096 0.92589
-2.5075 0.92564
-2.5054 0.92538
-2.5032 0.92513
-2.5011 0.92487
-2.4990 0.92462
-2.4968 0.92436
-2.4947 0.92411
-2.4926 0.92386
-2.4904 0.92360
-2.4883 0.92335
-2.4862 0.92310
-2.4840 0.92285
-2.4819 0.92260
-2.4797 0.92235
-2.4776 0.92210
-2.4755 0.92185
-2.4733 0.92160
-2.4712 0.92135
-2.4690 0.92111
-2.4669 0.92086
-2.4648 0.92061
-2.4626 0.92037
-2.4605 0.92012
-2.4583 0.91987
-2.4562 0.91963
-2.4540 0.91938
-2.4519 0.91914
-2.4497 0.91889
-2.4476 0.91865
-2.4454 0.91841
-2.4433 0.91817
-2.4411 0.91792
-2.4390 0.91768
-2.4368 0.91744
-2.4347 0.91720
-2.4325 0.91696
-2.4304 0.91672
-2.4282 0.91648
-2.4261 0.91624
-2.4239 0.91601
-2.4217 0.91577
-2.4196 0.91553
-2.4174 0.91529
-2.4153 0.91506
-2.4131 0.91482
-2.4109 0.91459
-2.4088 0.91435
-2.4066 0.91412
-2.4045 0.91388
-2.4023 0.91365
-2.4001 0.91341
-2.3980 0.91318
-2.3958 0.91295
-2.3936 0.91272
-2.3915 0.91249
-2.3893 0.91225
-2.3871 0.91202
-2.3850 0.91179
-2.3828 0.91156
-2.3806 0.91133
-2.3785 0.91111
-2.3763 0.91088
-2.3741 0.91065
-2.3719 0.91042
-2.3698 0.91020
-2.3676 0.90997
-2.3654 0.90974
-2.3633 0.90952
-2.3611 0.90929
-2.3589 0.90907
-2.3567 0.90884
-2.3545 0.90862
-2.3524 0.90840
-2.3502 0.90817
-2.3480 0.90795
-2.3458 0.90773
-2.3436 0.90751
-2.3415 0.90729
-2.3393 0.90707
-2.3371 0.90685
-2.3349 0.90662
-2.3327 0.90641
-2.3305 0.90619
-2.3284 0.90597
-2.3262 0.90575
-2.3240 0.90553
-2.3218 0.90531
-2.3196 0.90510
-2.3174 0.90488
-2.3152 0.90467
-2.3130 0.90445
-2.3109 0.90424
-2.3087 0.90402
-2.3065 0.90381
-2.3043 0.90359
-2.3021 0.90338
-2.2999 0.90317
-2.2977 0.90296
-2.2955 0.90274
-2.2933 0.90253
-2.2911 0.90232
-2.2889 0.90211
-2.2867 0.90190
-2.2845 0.90169
-2.2823 0.90148
-2.2801 0.90127
-2.2779 0.90106
-2.2757 0.90086
-2.2735 0.90065
-2.2713 0.90044
-2.2691 0.90023
-2.2669 0.90003
-2.2647 0.89982
-2.2625 0.89962
-2.2603 0.89941
-2.2581 0.89921
-2.2559 0.89900
-2.2537 0.89880
-2.2515 0.89860
-2.2493 0.89839
-2.2471 0.89819
-2.2449 0.89799
-2.2427 0.89779
-2.2405 0.89759
-2.2382 0.89739
-2.2360 0.89719
-2.2338 0.89699
-2.2316 0.89679
-2.2294 0.89659
-2.2272 0.89639
-2.2250 0.89619
-2.2228 0.89599
-2.2205 0.89580
-2.2183 0.89560
-2.2161 0.89540
-2.2139 0.89521
-2.2117 0.89501
-2.2095 0.89482
-2.2072 0.89462
-2.2050 0.89443
-2.2028 0.89423
-2.2006 0.89404
-2.1984 0.89385
-2.1961 0.89365
-2.1939 0.89346
-2.1917 0.89327
-2.1895 0.89308
-2.1873 0.89289
-2.1850 0.89270
-2.1828 0.89250
-2.1806 0.89231
-2.1784 0.89213
-2.1761 0.89194
-2.1739 0.89175
-2.1717 0.89156
-2.1695 0.89137
-2.1672 0.89118
-2.1650 0.89100
-2.1628 0.89081
-2.1605 0.89062
-2.1583 0.89044
-2.1561 0.89025
-2.1538 0.89007
-2.1516 0.88988
-2.1494 0.88970
-2.1472 0.88951
-2.1449 0.88933
-2.1427 0.88915
-2.1404 0.88896
-2.1382 0.88878
-2.1360 0.88860
-2.1337 0.88842
-2.1315 0.88824
-2.1293 0.88806
-2.1270 0.88788
-2.1248 0.88770
-2.1226 0.88752
-2.1203 0.88734
-2.1181 0.88716
-2.1158 0.88698
-2.1136 0.88680
-2.1114 0.88662
-2.1091 0.88645
-2.1069 0.88627
-2.1046 0.88609
-2.1024 0.88592
-2.1001 0.88574
-2.0979 0.88557
-2.0957 0.88539
-2.0934 0.88522
-2.0912 0.88504
-2.0889 0.88487
-2.0867 0.88469
-2.0844 0.88452
-2.0822 0.88435
-2.0799 0.88418
-2.0777 0.88400
-2.0754 0.88383
-2.0732 0.88366
-2.0709 0.88349
-2.0687 0.88332
-2.0664 0.88315
-2.0642 0.88298
-2.0619 0.88281
-2.0597 0.88264
-2.0574 0.88247
-2.0552 0.88230
-2.0529 0.88213
-2.0506 0.88196
-2.0484 0.88180
-2.0461 0.88163
-2.0439 0.88146
-2.0416 0.88130
-2.0394 0.88113
-2.0371 0.88096
-2.0349 0.88080
-2.0326 0.88063
-2.0303 0.88047
-2.0281 0.88031
-2.0258 0.88014
-2.0236 0.87998
-2.0213 0.87981
-2.0190 0.87965
-2.0168 0.87949
-2.0145 0.87933
-2.0122 0.87916
-2.0100 0.87900
-2.0077 0.87884
-2.0055 0.87868
-2.0032 0.87852
-2.0009 0.87836
-1.9987 0.87820
-1.9964 0.87804
-1.9941 0.87788
-1.9919 0.87772
-1.9896 0.87756
-1.9873 0.87740
-1.9851 0.87724
-1.9828 0.87709
-1.9805 0.87693
-1.9782 0.87677
-1.9760 0.87661
-1.9737 0.87646
-1.9714 0.87630
-1.9692 0.87615
-1.9669 0.87599
-1.9646 0.87583
-1.9623 0.87568
-1.9601 0.87552
-1.9578 0.87537
-1.9555 0.87522
-1.9532 0.87506
-1.9510 0.87491
-1.9487 0.87475
-1.9464 0.87460
-1.9441 0.87445
-1.9419 0.87430
-1.9396 0.87415
-1.9373 0.87399
-1.9350 0.87384
-1.9328 0.87369
-1.9305 0.87354
-1.9282 0.87339
-1.9259 0.87324
-1.9236 0.87309
-1.9214 0.87294
-1.9191 0.87279
-1.9168 0.87264
-1.9145 0.87249
-1.9122 0.87234
-1.9099 0.87219
-1.9077 0.87205
-1.9054 0.87190
-1.9031 0.87175
-1.9008 0.87160
-1.8985 0.87146
-1.8962 0.87131
-1.8939 0.87116
-1.8917 0.87102
-1.8894 0.87087
-1.8871 0.87073
-1.8848 0.87058
-1.8825 0.87044
-1.8802 0.87029
-1.8779 0.87015
-1.8756 0.87000
-1.8734 0.86986
-1.8711 0.86971
-1.8688 0.86957
-1.8665 0.86943
-1.8642 0.86928
-1.8619 0.86914
-1.8596 0.86900
-1.8573 0.86886
-1.8550 0.86871
-1.8527 0.86857
-1.8504 0.86843
-1.8481 0.86829
-1.8458 0.86815
-1.8436 0.86801
-1.8413 0.86786
-1.8390 0.86772
-1.8367 0.86758
-1.8344 0.86744
-1.8321 0.86730
-1.8298 0.86716
-1.8275 0.86703
-1.8252 0.86689
-1.8229 0.86675
-1.8206 0.86661
-1.8183 0.86647
-1.8160 0.86633
-1.8137 0.86619
-1.8114 0.86606
-1.8091 0.86592
-1.8068 0.86578
-1.8045 0.86564
-1.8022 0.86551
-1.7999 0.86537
-1.7976 0.86523
-1.7953 0.86510
-1.7930 0.86496
-1.7907 0.86482
-1.7883 0.86469
-1.7860 0.86455
-1.7837 0.86442
-1.7814 0.86428
-1.7791 0.86415
-1.7768 0.86401
-1.7745 0.86388
-1.7722 0.86374
-1.7699 0.86361
-1.7676 0.86347
-1.7653 0.86334
-1.7630 0.86321
-1.7607 0.86307
-1.7584 0.86294
-1.7560 0.86281
-1.7537 0.86267
-1.7514 0.86254
-1.7491 0.86241
-1.7468 0.86228
-1.7445 0.86214
-1.7422 0.86201
-1.7399 0.86188
-1.7376 0.86175
-1.7352 0.86162
-1.7329 0.86148
-1.7306 0.86135
-1.7283 0.86122
-1.7260 0.86109
-1.7237 0.86096
-1.7214 0.86083
-1.7190 0.86070
-1.7167 0.86057
-1.7144 0.86044
-1.7121 0.86031
-1.7098 0.86018
-1.7075 0.86005
-1.7051 0.85992
-1.7028 0.85979
-1.7005 0.85966
-1.6982 0.85953
-1.6959 0.85940
-1.6935 0.85927
-1.6912 0.85914
-1.6889 0.85901
-1.6866 0.85888
-1.6843 0.85875
-1.6819 0.85863
-1.6796 0.85850
-1.6773 0.85837
-1.6750 0.85824
-1.6726 0.85811
-1.6703 0.85798
-1.6680 0.85786
-1.6657 0.85773
-1.6633 0.85760
-1.6610 0.85747
-1.6587 0.85735
-1.6564 0.85722
-1.6540 0.85709
-1.6517 0.85696
-1.6494 0.85684
-1.6471 0.85671
-1.6447 0.85658
-1.6424 0.85646
-1.6401 0.85633
-1.6377 0.85620
-1.6354 0.85608
-1.6331 0.85595
-1.6308 0.85582
-1.6284 0.85570
-1.6261 0.85557
-1.6238 0.85544
-1.6214 0.85532
-1.6191 0.85519
-1.6168 0.85507
-1.6144 0.85494
-1.6121 0.85482
-1.6098 0.85469
-1.6074 0.85456
-1.6051 0.85444
-1.6028 0.85431
-1.6004 0.85419
-1.5981 0.85406
-1.5958 0.85394
-1.5934 0.85381
-1.5911 0.85369
-1.5888 0.85356
-1.5864 0.85344
-1.5841 0.85331
-1.5818 0.85319
-1.5794 0.85306
-1.5771 0.85294
-1.5747 0.85281
-1.5724 0.85269
-1.5701 0.85256
-1.5677 0.85244
-1.5654 0.85231
-1.5630 0.85219
-1.5607 0.85206
-1.5584 0.85194
-1.5560 0.85181
-1.5537 0.85169
-1.5513 0.85156
-1.5490 0.85144
-1.5467 0.85131
-1.5443 0.85119
-1.5420 0.85106
-1.5396 0.85094
-1.5373 0.85081
-1.5349 0.85069
-1.5326 0.85056
-1.5302 0.85044
-1.5279 0.85031
-1.5256 0.85019
-1.5232 0.85006
-1.5209 0.84994
-1.5185 0.84981
-1.5162 0.84969
-1.5138 0.84956
-1.5115 0.84944
-1.5091 0.84931
-1.5068 0.84919
-1.5044 0.84906
-1.5021 0.84894
-1.4997 0.84881
-1.4974 0.84869
-1.4950 0.84856
-1.4927 0.84844
-1.4903 0.84831
-1.4880 0.84819
-1.4856 0.84806
-1.4833 0.84794
-1.4809 0.84781
-1.4786 0.84769
-1.4762 0.84756
-1.4739 0.84744
-1.4715 0.84731
-1.4692 0.84719
-1.4668 0.84706
-1.4645 0.84694
-1.4621 0.84681
-1.4597 0.84669
-1.4574 0.84656
-1.4550 0.84644
-1.4527 0.84631
-1.4503 0.84618
-1.4480 0.84606
-1.4456 0.84593
-1.4432 0.84581
-1.4409 0.84568
-1.4385 0.84556
-1.4362 0.84543
-1.4338 0.84530
-1.4315 0.84518
-1.4291 0.84505
-1.4267 0.84492
-1.4244 0.84480
-1.4220 0.84467
-1.4197 0.84454
-1.4173 0.84442
-1.4149 0.84429
-1.4126 0.84416
-1.4102 0.84404
-1.4078 0.84391
-1.4055 0.84378
-1.4031 0.84366
-1.4008 0.84353
-1.3984 0.84340
-1.3960 0.84327
-1.3937 0.84314
-1.3913 0.84302
-1.3889 0.84289
-1.3866 0.84276
-1.3842 0.84263
-1.3818 0.84250
-1.3795 0.84238
-1.3771 0.84225
-1.3747 0.84212
-1.3724 0.84199
-1.3700 0.84186
-1.3676 0.84173
-1.3653 0.84160
-1.3629 0.84147
-1.3605 0.84134
-1.3581 0.84121
-1.3558 0.84108
-1.3534 0.84095
-1.3510 0.84082
-1.3487 0.84069
-1.3463 0.84056
-1.3439 0.84043
-1.3415 0.84030
-1.3392 0.84017
-1.3368 0.84004
-1.3344 0.83991
-1.3321 0.83978
-1.3297 0.83965
-1.3273 0.83951
-1.3249 0.83938
-1.3226 0.83925
-1.3202 0.83912
-1.3178 0.83899
-1.3154 0.83885
-1.3130 0.83872
-1.3107 0.83859
-1.3083 0.83846
-1.3059 0.83832
-1.3035 0.83819
-1.3012 0.83805
-1.2988 0.83792
-1.2964 0.83779
-1.2940 0.83765
-1.2916 0.83752
-1.2893 0.83738
-1.2869 0.83725
-1.2845 0.83711
-1.2821 0.83698
-1.2797 0.83684
-1.2774 0.83671
-1.2750 0.83657
-1.2726 0.83644
-1.2702 0.83630
-1.2678 0.83616
-1.2654 0.83603
-1.2631 0.83589
-1.2607 0.83575
-1.2583 0.83562
-1.2559 0.83548
-1.2535 0.83534
-1.2511 0.83520
-1.2487 0.83506
-1.2464 0.83493
-1.2440 0.83479
-1.2416 0.83465
-1.2392 0.83451
-1.2368 0.83437
-1.2344 0.83423
-1.2320 0.83409
-1.2296 0.83395
-1.2272 0.83381
-1.2249 0.83367
-1.2225 0.83353
-1.2201 0.83339
-1.2177 0.83325
-1.2153 0.83310
-1.2129 0.83296
-1.2105 0.83282
-1.2081 0.83268
-1.2057 0.83253
-1.2033 0.83239
-1.2009 0.83225
-1.1985 0.83210
-1.1961 0.83196
-1.1937 0.83182
-1.1913 0.83167
-1.1890 0.83153
-1.1866 0.83138
-1.1842 0.83124
-1.1818 0.83109
-1.1794 0.83095
-1.1770 0.83080
-1.1746 0.83065
-1.1722 0.83051
-1.1698 0.83036
-1.1674 0.83021
-1.1650 0.83006
-1.1626 0.82992
-1.1602 0.82977
-1.1578 0.82962
-1.1554 0.82947
-1.1530 0.82932
-1.1506 0.82917
-1.1482 0.82902
-1.1458 0.82887
-1.1434 0.82872
-1.1410 0.82857
-1.1385 0.82842
-1.1361 0.82827
-1.1337 0.82812
-1.1313 0.82796
-1.1289 0.82781
-1.1265 0.82766
-1.1241 0.82751
-1.1217 0.82735
-1.1193 0.82720
-1.1169 0.82704
-1.1145 0.82689
-1.1121 0.82674
-1.1097 0.82658
-1.1073 0.82642
-1.1048 0.82627
-1.1024 0.82611
-1.1000 0.82596
-1.0976 0.82580
-1.0952 0.82564
-1.0928 0.82548
-1.0904 0.82533
-1.0880 0.82517
-1.0855 0.82501
-1.0831 0.82485
-1.0807 0.82469
-1.0783 0.82453
-1.0759 0.82437
-1.0735 0.82421
-1.0711 0.82405
-1.0686 0.82388
-1.0662 0.82372
-1.0638 0.82356
-1.0614 0.82340
-1.0590 0.82323
-1.0566 0.82307
-1.0541 0.82291
-1.0517 0.82274
-1.0493 0.82258
-1.0469 0.82241
-1.0445 0.82225
-1.0420 0.82208
-1.0396 0.82192
-1.0372 0.82175
-1.0348 0.82158
-1.0323 0.82141
-1.0299 0.82125
-1.0275 0.82108
-1.0251 0.82091
-1.0227 0.82074
-1.0202 0.82057
-1.0178 0.82040
-1.0154 0.82023
-1.0130 0.82006
-1.0105 0.81989
-1.0081 0.81971
-1.0057 0.81954
-1.0032 0.81937
-1.0008 0.81920
-0.99838 0.81902
-0.99595 0.81885
-0.99352 0.81867
-0.99109 0.81850
-0.98866 0.81832
-0.98623 0.81815
-0.98380 0.81797
-0.98137 0.81779
-0.97894 0.81761
-0.97650 0.81744
-0.97407 0.81726
-0.97164 0.81708
-0.96920 0.81690
-0.96677 0.81672
-0.96433 0.81654
-0.96189 0.81636
-0.95946 0.81618
-0.95702 0.81599
-0.95458 0.81581
-0.95215 0.81563
-0.94971 0.81545
-0.94727 0.81526
-0.94483 0.81508
-0.94239 0.81489
-0.93995 0.81471
-0.93751 0.81452
-0.93507 0.81434
-0.93263 0.81415
-0.93018 0.81396
-0.92774 0.81377
-0.92530 0.81359
-0.92286 0.81340
-0.92041 0.81321
-0.91797 0.81302
-0.91552 0.81283
-0.91308 0.81264
-0.91063 0.81244
-0.90818 0.81225
-0.90574 0.81206
-0.90329 0.81187
-0.90084 0.81167
-0.89839 0.81148
-0.89594 0.81129
-0.89349 0.81109
-0.89104 0.81089
-0.88859 0.81070
-0.88614 0.81050
-0.88369 0.81030
-0.88124 0.81011
-0.87878 0.80991
-0.87633 0.80971
-0.87388 0.80951
-0.87142 0.80931
-0.86897 0.80911
-0.86651 0.80891
-0.86406 0.80870
-0.86160 0.80850
-0.85914 0.80830
-0.85669 0.80809
-0.85423 0.80789
-0.85177 0.80768
-0.84931 0.80748
-0.84685 0.80727
-0.84439 0.80707
-0.84193 0.80686
-0.83947 0.80665
-0.83701 0.80644
-0.83455 0.80623
-0.83208 0.80602
-0.82962 0.80581
-0.82716 0.80560
-0.82469 0.80539
-0.82223 0.80518
-0.81976 0.80497
-0.81729 0.80475
-0.81483 0.80454
-0.81236 0.80433
-0.80989 0.80411
-0.80742 0.80389
-0.80495 0.80368
-0.80249 0.80346
-0.80002 0.80324
-0.79754 0.80303
-0.79507 0.80281
-0.79260 0.80259
-0.79013 0.80237
-0.78766 0.80215
-0.78518 0.80192
-0.78271 0.80170
-0.78023 0.80148
-0.77776 0.80126
-0.77528 0.80103
-0.77281 0.80081
-0.77033 0.80058
-0.76785 0.80035
-0.76537 0.80013
-0.76290 0.79990
-0.76042 0.79967
-0.75794 0.79944
-0.75546 0.79921
-0.75297 0.79898
-0.75049 0.79875
-0.74801 0.79852
-0.74553 0.79829
-0.74304 0.79806
-0.74056 0.79782
-0.73808 0.79759
-0.73559 0.79735
-0.73310 0.79712
-0.73062 0.79688
-0.72813 0.79664
-0.72564 0.79641
-0.72315 0.79617
-0.72066 0.79593
-0.71817 0.79569
-0.71568 0.79545
-0.71319 0.79521
-0.71070 0.79496
-0.70821 0.79472
-0.70572 0.79448
-0.70322 0.79423
-0.70073 0.79399
-0.69823 0.79374
-0.69574 0.79350
-0.69324 0.79325
-0.69075 0.79300
-0.68825 0.79275
-0.68575 0.79250
-0.68325 0.79225
-0.68075 0.79200
-0.67825 0.79175
-0.67575 0.79150
-0.67325 0.79125
-0.67075 0.79099
-0.66825 0.79074
-0.66574 0.79048
-0.66324 0.79023
-0.66074 0.78997
-0.65823 0.78971
-0.65572 0.78945
-0.65322 0.78919
-0.65071 0.78893
-0.64820 0.78867
-0.64569 0.78841
-0.64318 0.78815
-0.64067 0.78788
-0.63816 0.78762
-0.63565 0.78736
-0.63314 0.78709
-0.63063 0.78682
-0.62811 0.78656
-0.62560 0.78629
-0.62309 0.78602
-0.62057 0.78575
-0.61805 0.78548
-0.61554 0.78521
-0.61302 0.78494
-0.61050 0.78466
-0.60798 0.78439
-0.60546 0.78411
-0.60294 0.78384
-0.60042 0.78356
-0.59790 0.78329
-0.59538 0.78301
-0.59285 0.78273
-0.59033 0.78245
-0.58780 0.78217
-0.58528 0.78189
-0.58275 0.78161
-0.58022 0.78132
-0.57769 0.78104
-0.57517 0.78075
-0.57264 0.78047
-0.57011 0.78018
-0.56758 0.77989
-0.56504 0.77961
-0.56251 0.77932
-0.55998 0.77903
-0.55745 0.77874
-0.55491 0.77845
-0.55237 0.77815
-0.54984 0.77786
-0.54730 0.77756
-0.54476 0.77727
-0.54223 0.77697
-0.53969 0.77668
-0.53715 0.77638
-0.53461 0.77608
-0.53206 0.77578
-0.52952 0.77548
-0.52698 0.77518
-0.52443 0.77488
-0.52189 0.77457
-0.51934 0.77427
-0.51680 0.77396
-0.51425 0.77366
-0.51170 0.77335
-0.50915 0.77304
-0.50660 0.77273
-0.50405 0.77242
-0.50150 0.77211
-0.49895 0.77180
-0.49640 0.77149
-0.49384 0.77117
-0.49129 0.77086
-0.48873 0.77054
-0.48617 0.77023
-0.48362 0.76991
-0.48106 0.76959
-0.47850 0.76927
-0.47594 0.76895
-0.47338 0.76863
-0.47082 0.76831
-0.46826 0.76798
-0.46569 0.76766
-0.46313 0.76733
-0.46056 0.76701
-0.45800 0.76668
-0.45543 0.76635
-0.45286 0.76602
-0.45030 0.76569
-0.44773 0.76536
-0.44516 0.76503
-0.44258 0.76470
-0.44001 0.76436
-0.43744 0.76403
-0.43487 0.76369
-0.43229 0.76335
-0.42972 0.76301
-0.42714 0.76267
-0.42456 0.76233
-0.42198 0.76199
-0.41940 0.76165
-0.41682 0.76131
-0.41424 0.76096
-0.41166 0.76062
-0.40908 0.76027
-0.40649 0.75992
-0.40391 0.75957
-0.40132 0.75922
-0.39874 0.75887
-0.39615 0.75852
-0.39356 0.75817
-0.39097 0.75781
-0.38838 0.75746
-0.38579 0.75710
-0.38320 0.75674
-0.38060 0.75638
-0.37801 0.75603
-0.37541 0.75566
-0.37282 0.75530
-0.37022 0.75494
-0.36762 0.75458
-0.36502 0.75421
-0.36242 0.75384
-0.35982 0.75348
-0.35722 0.75311
-0.35461 0.75274
-0.35201 0.75237
-0.34941 0.75200
-0.34680 0.75162
-0.34419 0.75125
-0.34158 0.75087
-0.33897 0.75050
-0.33636 0.75012
-0.33375 0.74974
-0.33114 0.74936
-0.32853 0.74898
-0.32591 0.74860
-0.32330 0.74822
-0.32068 0.74783
-0.31806 0.74745
-0.31544 0.74706
-0.31282 0.74667
-0.31020 0.74628
-0.30758 0.74589
-0.30496 0.74550
-0.30233 0.74511
-0.29971 0.74471
-0.29708 0.74432
-0.29446 0.74392
-0.29183 0.74352
-0.28920 0.74312
-0.28657 0.74273
-0.28394 0.74232
-0.28130 0.74192
-0.27867 0.74152
-0.27603 0.74111
-0.27340 0.74071
-0.27076 0.74030
-0.26812 0.73989
-0.26548 0.73948
-0.26284 0.73907
-0.26020 0.73866
-0.25756 0.73825
-0.25491 0.73783
-0.25227 0.73741
-0.24962 0.73700
-0.24698 0.73658
-0.24433 0.73616
-0.24168 0.73574
-0.23903 0.73531
-0.23637 0.73489
-0.23372 0.73447
-0.23107 0.73404
-0.22841 0.73361
-0.22575 0.73318
-0.22309 0.73275
-0.22044 0.73232
-0.21778 0.73189
-0.21511 0.73145
-0.21245 0.73102
-0.20979 0.73058
-0.20712 0.73014
-0.20445 0.72970
-0.20179 0.72926
-0.19912 0.72882
-0.19645 0.72838
-0.19377 0.72793
-0.19110 0.72749
-0.18843 0.72704
-0.18575 0.72659
-0.18307 0.72614
-0.18040 0.72569
-0.17772 0.72524
-0.17504 0.72478
-0.17235 0.72433
-0.16967 0.72387
-0.16699 0.72341
-0.16430 0.72295
-0.16161 0.72249
-0.15893 0.72203
-0.15624 0.72156
-0.15354 0.72110
-0.15085 0.72063
-0.14816 0.72016
-0.14546 0.71969
-0.14277 0.71922
-0.14007 0.71875
-0.13737 0.71827
-0.13467 0.71780
-0.13197 0.71732
-0.12926 0.71684
-0.12656 0.71636
-0.12385 0.71588
-0.12114 0.71540
-0.11843 0.71491
-0.11572 0.71443
-0.11301 0.71394
-0.11030 0.71345
-0.10758 0.71296
-0.10487 0.71247
-0.10215 0.71197
-0.099432 0.71148
-0.096712 0.71098
-0.093990 0.71048
-0.091267 0.70998
-0.088542 0.70948
-0.085816 0.70898
-0.083088 0.70847
-0.080359 0.70797
-0.077628 0.70746
-0.074896 0.70695
-0.072163 0.70644
-0.069427 0.70593
-0.066691 0.70542
-0.063952 0.70490
-0.061213 0.70438
-0.058471 0.70387
-0.055729 0.70335
-0.052984 0.70282
-0.050238 0.70230
-0.047491 0.70178
-0.044742 0.70125
-0.041991 0.70072
-0.039239 0.70019
-0.036485 0.69966
-0.033730 0.69913
-0.030973 0.69859
-0.028214 0.69806
-0.025454 0.69752
-0.022692 0.69698
-0.019929 0.69644
-0.017164 0.69589
-0.014397 0.69535
-0.011629 0.69480
-0.0088585 0.69425
-0.0060868 0.69370
-0.0033134 0.69315
-0.00053840 0.69260
0.0022383 0.69204
0.0050167 0.69149
0.0077968 0.69093
0.010579 0.69037
0.013362 0.68981
0.016147 0.68924
0.018934 0.68868
0.021723 0.68811
0.024514 0.68754
0.027306 0.68697
0.030100 0.68640
0.032895 0.68582
0.035693 0.68525
0.038492 0.68467
0.041293 0.68409
0.044096 0.68351
0.046901 0.68292
0.049707 0.68234
0.052516 0.68175
0.055326 0.68116
0.058138 0.68057
0.060952 0.67998
0.063767 0.67938
0.066585 0.67878
0.069404 0.67818
0.072225 0.67758
0.075049 0.67698
0.077874 0.67638
0.080701 0.67577
0.083530 0.67517
0.086361 0.67456
0.089193 0.67394
0.092028 0.67333
0.094865 0.67271
0.097703 0.67210
0.10054 0.67148
0.10339 0.67085
0.10623 0.67023
0.10908 0.66960
0.11193 0.66898
0.11478 0.66835
0.11763 0.66772
0.12048 0.66708
0.12334 0.66645
0.12620 0.66581
0.12906 0.66517
0.13192 0.66453
0.13479 0.66388
0.13766 0.66324
0.14052 0.66259
0.14340 0.66194
0.14627 0.66129
0.14914 0.66063
0.15202 0.65998
0.15490 0.65932
0.15778 0.65866
0.16067 0.65799
0.16355 0.65733
0.16644 0.65666
0.16933 0.65599
0.17223 0.65532
0.17512 0.65465
0.17802 0.65397
0.18092 0.65329
0.18382 0.65261
0.18673 0.65193
0.18963 0.65125
0.19254 0.65056
0.19545 0.64987
0.19836 0.64918
0.20128 0.64848
0.20420 0.64779
0.20712 0.64709
0.21004 0.64639
0.21297 0.64569
0.21589 0.64498
0.21882 0.64427
0.22176 0.64356
0.22469 0.64285
0.22763 0.64214
0.23057 0.64142
0.23351 0.64070
0.23646 0.63998
0.23940 0.63925
0.24235 0.63853
0.24530 0.63780
0.24826 0.63707
0.25122 0.63633
0.25418 0.63560
0.25714 0.63486
0.26010 0.63412
0.26307 0.63337
0.26604 0.63263
0.26901 0.63188
0.27199 0.63113
0.27497 0.63037
0.27795 0.62961
0.28093 0.62886
0.28392 0.62809
0.28691 0.62733
0.28990 0.62656
0.29289 0.62579
0.29589 0.62502
0.29889 0.62425
0.30189 0.62347
0.30490 0.62269
0.30790 0.62191
0.31091 0.62112
0.31393 0.62033
0.31694 0.61954
0.31996 0.61875
0.32299 0.61795
0.32601 0.61715
0.32904 0.61635
0.33207 0.61554
0.33511 0.61474
0.33814 0.61393
0.34118 0.61311
0.34423 0.61230
0.34727 0.61148
0.35032 0.61065
0.35337 0.60983
0.35643 0.60900
0.35949 0.60817
0.36255 0.60734
0.36561 0.60650
0.36868 0.60566
0.37175 0.60482
0.37483 0.60397
0.37790 0.60312
0.38098 0.60227
0.38407 0.60142
0.38716 0.60056
0.39025 0.59970
0.39334 0.59883
0.39644 0.59797
0.39954 0.59710
0.40264 0.59622
0.40575 0.59535
0.40886 0.59447
0.41197 0.59358
0.41509 0.59270
0.41821 0.59181
0.42133 0.59092
0.42446 0.59002
0.42759 0.58912
0.43073 0.58822
0.43387 0.58731
0.43701 0.58640
0.44015 0.58549
0.44330 0.58457
0.44646 0.58365
0.44961 0.58273
0.45277 0.58180
0.45594 0.58087
0.45911 0.57994
0.46228 0.57900
0.46545 0.57806
0.46863 0.57712
0.47182 0.57617
0.47500 0.57522
0.47819 0.57426
0.48139 0.57330
0.48459 0.57234
0.48779 0.57137
0.49100 0.57040
0.49421 0.56943
0.49742 0.56845
0.50064 0.56747
0.50387 0.56649
0.50709 0.56550
0.51032 0.56450
0.51356 0.56351
0.51680 0.56250
0.52004 0.56150
0.52329 0.56049
0.52654 0.55948
0.52980 0.55846
0.53306 0.55744
0.53633 0.55641
0.53960 0.55538
0.54287 0.55435
0.54615 0.55331
0.54944 0.55227
0.55273 0.55122
0.55602 0.55017
0.55932 0.54912
0.56262 0.54806
0.56593 0.54700
0.56924 0.54593
0.57256 0.54485
0.57588 0.54378
0.57920 0.54270
0.58253 0.54161
0.58587 0.54052
0.58921 0.53942
0.59256 0.53832
0.59591 0.53722
0.59927 0.53611
0.60263 0.53500
0.60599 0.53388
0.60936 0.53275
0.61274 0.53162
0.61612 0.53049
0.61951 0.52935
0.62290 0.52821
0.62630 0.52706
0.62970 0.52590
0.63311 0.52474
0.63653 0.52358
0.63995 0.52241
0.64337 0.52124
0.64680 0.52006
0.65024 0.51887
0.65368 0.51768
0.65713 0.51649
0.66059 0.51528
0.66405 0.51408
0.66751 0.51286
0.67099 0.51165
0.67446 0.51042
0.67795 0.50919
0.68144 0.50796
0.68494 0.50671
0.68844 0.50547
0.69195 0.50421
0.69546 0.50296
0.69899 0.50169
0.70251 0.50042
0.70605 0.49914
0.70959 0.49786
0.71314 0.49657
0.71669 0.49527
0.72026 0.49397
0.72383 0.49266
0.72740 0.49134
0.73098 0.49002
0.73457 0.48869
0.73817 0.48736
0.74177 0.48601
0.74538 0.48466
0.74900 0.48331
0.75263 0.48194
0.75626 0.48057
0.75990 0.47920
0.76355 0.47781
0.76720 0.47642
0.77087 0.47502
0.77454 0.47361
0.77821 0.47220
0.78190 0.47077
0.78560 0.46934
0.78930 0.46791
0.79301 0.46646
0.79673 0.46501
0.80046 0.46354
0.80419 0.46207
0.80794 0.46060
0.81169 0.45911
0.81545 0.45761
0.81922 0.45611
0.82300 0.45460
0.82679 0.45308
0.83059 0.45155
0.83439 0.45001
0.83821 0.44846
0.84204 0.44690
0.84587 0.44533
0.84971 0.44376
0.85357 0.44217
0.85743 0.44057
0.86131 0.43897
0.86519 0.43735
0.86908 0.43573
0.87299 0.43409
0.87690 0.43244
0.88083 0.43079
0.88476 0.42912
0.88871 0.42744
0.89267 0.42575
0.89664 0.42405
0.90062 0.42234
0.90461 0.42061
0.90861 0.41888
0.91262 0.41713
0.91665 0.41537
0.92069 0.41360
0.92474 0.41181
0.92880 0.41002
0.93287 0.40821
0.93696 0.40638
0.94106 0.40455
0.94517 0.40270
0.94930 0.40084
0.95343 0.39896
0.95759 0.39707
0.96175 0.39516
0.96593 0.39324
0.97012 0.39131
0.97433 0.38936
0.97855 0.38739
0.98279 0.38541
0.98704 0.38341
0.99131 0.38140
0.99559 0.37937
0.99988 0.37732
1.0042 0.37526
1.0085 0.37318
1.0129 0.37108
1.0172 0.36896
1.0216 0.36682
1.0260 0.36466
1.0304 0.36249
1.0348 0.36029
1.0393 0.35808
1.0438 0.35584
1.0482 0.35358
1.0527 0.35130
1.0573 0.34900
1.0618 0.34668
1.0664 0.34433
1.0709 0.34196
1.0755 0.33956
1.0802 0.33714
1.0848 0.33469
1.0895 0.33222
1.0942 0.32972
1.0989 0.32719
1.1036 0.32464
1.1083 0.32205
1.1131 0.31943
1.1179 0.31679
1.1228 0.31411
1.1276 0.31140
1.1325 0.30865
1.1374 0.30587
1.1423 0.30306
1.1473 0.30021
1.1523 0.29732
1.1573 0.29439
1.1623 0.29142
1.1674 0.28840
1.1725 0.28535
1.1776 0.28225
1.1828 0.27910
1.1880 0.27590
1.1933 0.27265
1.1985 0.26936
1.2038 0.26600
1.2092 0.26259
1.2145 0.25912
1.2200 0.25559
1.2254 0.25199
1.2309 0.24833
1.2364 0.24460
1.2420 0.24079
1.2476 0.23690
1.2533 0.23294
1.2590 0.22888
1.2648 0.22474
1.2706 0.22050
1.2764 0.21616
1.2823 0.21172
1.2883 0.20715
1.2943 0.20247
1.3004 0.19766
1.3065 0.19272
1.3126 0.18762
1.3189 0.18237
1.3251 0.17694
1.3315 0.17133
1.3379 0.16552
1.3443 0.15949
1.3508 0.15323
1.3574 0.14670
1.3640 0.13989
1.3706 0.13276
1.3773 0.12527
1.3839 0.11740
1.3906 0.10908
1.3973 0.10027
1.4038 0.090900
1.4102 0.080893
1.4165 0.070167
1.4224 0.058629
1.4277 0.046187
1.4324 0.032764
1.4360 0.018334
1.4382 0.0029690
1.4386 -0.013086
1.4369 -0.029386
1.4329 -0.045345
1.4269 -0.060421
1.4194 -0.074278
1.4109 -0.086820
1.4016 -0.098111
1.3920 -0.10829
1.3821 -0.11750
1.3722 -0.12589
1.3623 -0.13358
1.3524 -0.14067
1.3425 -0.14723
1.3328 -0.15335
1.3231 -0.15906
1.3136 -0.16443
1.3041 -0.16949
1.2947 -0.17428
1.2855 -0.17881
1.2763 -0.18312
1.2673 -0.18723
1.2583 -0.19115
1.2494 -0.19490
1.2406 -0.19849
1.2319 -0.20194
1.2233 -0.20525
1.2147 -0.20844
1.2063 -0.21151
1.1978 -0.21447
1.1895 -0.21733
1.1812 -0.22010
1.1730 -0.22277
1.1648 -0.22536
1.1567 -0.22787
1.1487 -0.23030
1.1407 -0.23266
1.1328 -0.23494
1.1249 -0.23717
1.1171 -0.23933
1.1093 -0.24143
1.1015 -0.24347
1.0938 -0.24545
1.0862 -0.24739
1.0785 -0.24927
1.0710 -0.25110
1.0634 -0.25289
1.0559 -0.25463
1.0484 -0.25633
1.0410 -0.25798
1.0336 -0.25960
1.0262 -0.26117
1.0189 -0.26271
1.0116 -0.26421
1.0043 -0.26567
0.99707 -0.26710
0.98985 -0.26849
0.98266 -0.26985
0.97549 -0.27118
0.96836 -0.27248
0.96124 -0.27374
0.95415 -0.27498
0.94708 -0.27619
0.94004 -0.27737
0.93302 -0.27852
0.92602 -0.27964
0.91904 -0.28074
0.91208 -0.28181
0.90514 -0.28286
0.89822 -0.28388
0.89132 -0.28488
0.88444 -0.28585
0.87757 -0.28680
0.87072 -0.28772
0.86389 -0.28863
0.85708 -0.28951
0.85028 -0.29037
0.84349 -0.29121
0.83672 -0.29202
0.82997 -0.29282
0.82323 -0.29359
0.81650 -0.29435
0.80979 -0.29508
0.80309 -0.29580
0.79640 -0.29650
0.78972 -0.29717
0.78305 -0.29783
0.77640 -0.29847
0.76976 -0.29909
0.76313 -0.29969
0.75650 -0.30028
0.74989 -0.30084
0.74329 -0.30139
0.73670 -0.30193
0.73011 -0.30244
0.72354 -0.30294
0.71697 -0.30342
0.71041 -0.30388
0.70386 -0.30433
0.69732 -0.30476
0.69078 -0.30517
0.68425 -0.30557
0.67773 -0.30595
0.67121 -0.30632
0.66470 -0.30667
0.65820 -0.30700
0.65170 -0.30732
0.64520 -0.30763
0.63871 -0.30792
0.63223 -0.30819
0.62575 -0.30844
0.61928 -0.30869
0.61281 -0.30891
0.60634 -0.30912
0.59987 -0.30932
0.59341 -0.30950
0.58696 -0.30967
0.58050 -0.30982
0.57405 -0.30996
0.56760 -0.31008
0.56115 -0.31019
0.55471 -0.31028
0.54826 -0.31036
0.54182 -0.31043
0.53538 -0.31047
0.52893 -0.31051
0.52249 -0.31053
0.51605 -0.31054
0.50961 -0.31053
0.50317 -0.31050
0.49673 -0.31047
0.49029 -0.31041
0.48385 -0.31035
0.47740 -0.31026
0.47096 -0.31017
0.46451 -0.31006
0.45807 -0.30993
0.45162 -0.30979
0.44516 -0.30964
0.43871 -0.30947
0.43225 -0.30929
0.42579 -0.30909
0.41933 -0.30888
0.41286 -0.30865
0.40639 -0.30840
0.39991 -0.30815
0.39344 -0.30787
0.38695 -0.30759
0.38046 -0.30728
0.37397 -0.30697
0.36747 -0.30663
0.36097 -0.30629
0.35446 -0.30592
0.34794 -0.30554
0.34142 -0.30515
0.33489 -0.30474
0.32836 -0.30431
0.32182 -0.30387
0.31527 -0.30341
0.30871 -0.30294
0.30214 -0.30245
0.29557 -0.30194
0.28899 -0.30142
0.28240 -0.30088
0.27580 -0.30032
0.26919 -0.29975
0.26257 -0.29916
0.25594 -0.29855
0.24930 -0.29793
0.24265 -0.29729
0.23598 -0.29663
0.22931 -0.29595
0.22262 -0.29526
0.21593 -0.29454
0.20922 -0.29381
0.20249 -0.29306
0.19576 -0.29229
0.18901 -0.29150
0.18224 -0.29069
0.17546 -0.28987
0.16867 -0.28902
0.16186 -0.28815
0.15503 -0.28726
0.14819 -0.28636
0.14133 -0.28543
0.13446 -0.28448
0.12757 -0.28350
0.12065 -0.28251
0.11372 -0.28149
0.10677 -0.28045
0.099805 -0.27939
0.092815 -0.27830
0.085804 -0.27719
0.078772 -0.27606
0.071718 -0.27490
0.064641 -0.27371
0.057540 -0.27250
0.050416 -0.27127
0.043266 -0.27000
0.036091 -0.26871
0.028890 -0.26739
0.021662 -0.26604
0.014405 -0.26466
0.0071206 -0.26326
-0.00019377 -0.26182
-0.0075386 -0.26035
-0.014915 -0.25885
-0.022323 -0.25731
-0.029765 -0.25574
-0.037241 -0.25414
-0.044753 -0.25250
-0.052301 -0.25082
-0.059887 -0.24911
-0.067513 -0.24735
-0.075178 -0.24556
-0.082885 -0.24372
-0.090636 -0.24184
-0.098431 -0.23992
-0.10627 -0.23795
-0.11416 -0.23593
-0.12210 -0.23387
-0.13009 -0.23175
-0.13813 -0.22958
-0.14623 -0.22735
-0.15439 -0.22506
-0.16261 -0.22272
-0.17089 -0.22031
-0.17923 -0.21784
-0.18764 -0.21529
-0.19613 -0.21268
-0.20469 -0.20999
-0.21332 -0.20721
-0.22204 -0.20436
-0.23084 -0.20141
-0.23973 -0.19837
-0.24871 -0.19523
-0.25779 -0.19198
-0.26698 -0.18862
-0.27628 -0.18514
-0.28569 -0.18152
-0.29523 -0.17776
-0.30490 -0.17385
-0.31470 -0.16977
-0.32466 -0.16551
-0.33478 -0.16105
-0.34507 -0.15637
-0.35554 -0.15144
-0.36621 -0.14624
-0.37710 -0.14073
-0.38822 -0.13487
-0.39960 -0.12860
-0.41125 -0.12186
-0.42321 -0.11457
-0.43551 -0.10660
-0.44816 -0.097808
-0.46120 -0.087979
-0.47463 -0.076802
-0.48840 -0.063803
-0.50232 -0.048229
-0.51571 -0.028838
-0.52644 -0.0037589
-0.52830 0.027598
-0.51472 0.055872
-0.49497 0.073674
-0.47512 0.085706
-0.45596 0.094654
-0.43752 0.10169
-0.41968 0.10741
-0.40237 0.11216
-0.38548 0.11615
-0.36895 0.11953
-0.35273 0.12241
-0.33676 0.12485
-0.32101 0.12691
-0.30545 0.12863
-0.29003 0.13005
-0.27474 0.13120
-0.25954 0.13209
-0.24443 0.13274
-0.22937 0.13316
-0.21436 0.13336
-0.19936 0.13335
-0.18436 0.13313
-0.16935 0.13271
-0.15431 0.13209
-0.13921 0.13127
-0.12405 0.13024
-0.10879 0.12900
-0.093427 0.12755
-0.077929 0.12586
-0.062275 0.12394
-0.046436 0.12177
-0.030384 0.11932
-0.014084 0.11658
0.0025040 0.11352
0.019427 0.11008
0.036741 0.10624
0.054515 0.10192
0.072835 0.097028
0.091810 0.091454
0.11159 0.085020
0.13236 0.077464
0.15442 0.068355
0.17818 0.056922
0.20426 0.041555
0.23331 0.018014
0.25940 -0.029060
0.22150 -0.063295
0.19155 -0.070302
0.16363 -0.074167
