x y
9.25000000000000 -1.00000000000000
9.2481 -0.99965
9.2461 -0.99931
9.2442 -0.99896
9.2422 -0.99862
9.2403 -0.99828
9.2384 -0.99793
9.2364 -0.99759
9.2345 -0.99724
9.2326 -0.99690
9.2306 -0.99656
9.2287 -0.99622
9.2267 -0.99587
9.2247 -0.99553
9.2228 -0.99519
9.2208 -0.99485
9.2189 -0.99451
9.2169 -0.99417
9.2150 -0.99383
9.2130 -0.99349
9.2111 -0.99315
9.2091 -0.99281
9.2072 -0.99247
9.2052 -0.99214
9.2033 -0.99180
9.2013 -0.99146
9.1994 -0.99112
9.1974 -0.99079
9.1954 -0.99045
9.1935 -0.99012
9.1915 -0.98978
9.1895 -0.98944
9.1876 -0.98911
9.1856 -0.98877
9.1836 -0.98844
9.1817 -0.98811
9.1797 -0.98777
9.1777 -0.98744
9.1758 -0.98711
9.1738 -0.98677
9.1718 -0.98644
9.1698 -0.98611
9.1679 -0.98578
9.1659 -0.98545
9.1639 -0.98512
9.1620 -0.98479
9.1600 -0.98446
9.1580 -0.98413
9.1560 -0.98380
9.1541 -0.98347
9.1521 -0.98314
9.1501 -0.98281
9.1481 -0.98248
9.1461 -0.98216
9.1441 -0.98183
9.1422 -0.98150
9.1402 -0.98118
9.1382 -0.98085
9.1362 -0.98052
9.1342 -0.98020
9.1322 -0.97987
9.1302 -0.97955
9.1283 -0.97923
9.1263 -0.97890
9.1243 -0.97858
9.1223 -0.97826
9.1203 -0.97793
9.1183 -0.97761
9.1163 -0.97729
9.1143 -0.97697
9.1123 -0.97665
9.1103 -0.97633
9.1083 -0.97601
9.1063 -0.97569
9.1043 -0.97537
9.1023 -0.97505
9.1003 -0.97473
9.0983 -0.97441
9.0963 -0.97409
9.0943 -0.97377
9.0923 -0.97346
9.0903 -0.97314
9.0883 -0.97282
9.0863 -0.97251
9.0843 -0.97219
9.0823 -0.97188
9.0803 -0.97156
9.0783 -0.97125
9.0762 -0.97093
9.0742 -0.97062
9.0722 -0.97031
9.0702 -0.96999
9.0682 -0.96968
9.0662 -0.96937
9.0642 -0.96906
9.0621 -0.96875
9.0601 -0.96843
9.0581 -0.96812
9.0561 -0.96781
9.0541 -0.96750
9.0521 -0.96719
9.0501 -0.96689
9.0480 -0.96658
9.0460 -0.96627
9.0440 -0.96596
9.0420 -0.96565
9.0399 -0.96535
9.0379 -0.96504
9.0359 -0.96473
9.0338 -0.96443
9.0318 -0.96412
9.0298 -0.96382
9.0278 -0.96351
9.0257 -0.96321
9.0237 -0.96290
9.0217 -0.96260
9.0196 -0.96230
9.0176 -0.96200
9.0156 -0.96169
9.0135 -0.96139
9.0115 -0.96109
9.0095 -0.96079
9.0074 -0.96049
9.0054 -0.96019
9.0034 -0.95989
9.0013 -0.95959
8.9993 -0.95929
8.9972 -0.95899
8.9952 -0.95869
8.9931 -0.95840
8.9911 -0.95810
8.9890 -0.95780
8.9870 -0.95751
8.9850 -0.95721
8.9829 -0.95691
8.9809 -0.95662
8.9788 -0.95632
8.9768 -0.95603
8.9747 -0.95574
8.9727 -0.95544
8.9706 -0.95515
8.9686 -0.95486
8.9665 -0.95457
8.9645 -0.95427
8.9624 -0.95398
8.9604 -0.95369
8.9583 -0.95340
8.9562 -0.95311
8.9542 -0.95282
8.9521 -0.95253
8.9501 -0.95224
8.9480 -0.95195
8.9459 -0.95167
8.9439 -0.95138
8.9418 -0.95109
8.9398 -0.95080
8.9377 -0.95052
8.9356 -0.95023
8.9336 -0.94995
8.9315 -0.94966
8.9295 -0.94938
8.9274 -0.94909
8.9253 -0.94881
8.9232 -0.94853
8.9212 -0.94824
8.9191 -0.94796
8.9170 -0.94768
8.9149 -0.94740
8.9129 -0.94712
8.9108 -0.94684
8.9087 -0.94656
8.9066 -0.94628
8.9046 -0.94600
8.9025 -0.94572
8.9004 -0.94544
8.8983 -0.94516
8.8963 -0.94488
8.8942 -0.94461
8.8921 -0.94433
8.8900 -0.94405
8.8880 -0.94378
8.8859 -0.94350
8.8838 -0.94323
8.8817 -0.94295
8.8796 -0.94268
8.8775 -0.94240
8.8754 -0.94213
8.8733 -0.94186
8.8712 -0.94159
8.8692 -0.94131
8.8671 -0.94104
8.8650 -0.94077
8.8629 -0.94050
8.8608 -0.94023
8.8587 -0.93996
8.8566 -0.93969
8.8545 -0.93942
8.8524 -0.93915
8.8503 -0.93889
8.8483 -0.93862
8.8462 -0.93835
8.8441 -0.93808
8.8420 -0.93782
8.8399 -0.93755
8.8378 -0.93729
8.8356 -0.93702
8.8335 -0.93676
8.8314 -0.93649
8.8293 -0.93623
8.8272 -0.93597
8.8251 -0.93571
8.8230 -0.93544
8.8209 -0.93518
8.8188 -0.93492
8.8167 -0.93466
8.8146 -0.93440
8.8125 -0.93414
8.8104 -0.93388
8.8083 -0.93362
8.8062 -0.93336
8.8041 -0.93310
8.8020 -0.93284
8.7999 -0.93259
8.7977 -0.93233
8.7956 -0.93207
8.7935 -0.93182
8.7914 -0.93156
8.7893 -0.93131
8.7871 -0.93105
8.7850 -0.93080
8.7829 -0.93054
8.7808 -0.93029
8.7787 -0.93004
8.7765 -0.92978
8.7744 -0.92953
8.7723 -0.92928
8.7702 -0.92903
8.7681 -0.92878
8.7659 -0.92853
8.7638 -0.92828
8.7617 -0.92803
8.7596 -0.92778
8.7574 -0.92753
8.7553 -0.92729
8.7532 -0.92704
8.7511 -0.92679
8.7489 -0.92654
8.7468 -0.92630
8.7447 -0.92605
8.7425 -0.92581
8.7404 -0.92556
8.7383 -0.92532
8.7361 -0.92507
8.7340 -0.92483
8.7318 -0.92459
8.7297 -0.92434
8.7276 -0.92410
8.7254 -0.92386
8.7233 -0.92362
8.7212 -0.92338
8.7190 -0.92314
8.7169 -0.92290
8.7148 -0.92266
8.7126 -0.92242
8.7105 -0.92218
8.7083 -0.92194
8.7062 -0.92170
8.7041 -0.92147
8.7019 -0.92123
8.6998 -0.92099
8.6976 -0.92076
8.6955 -0.92052
8.6933 -0.92029
8.6912 -0.92005
8.6890 -0.91982
8.6869 -0.91958
8.6847 -0.91935
8.6826 -0.91912
8.6804 -0.91888
8.6783 -0.91865
8.6761 -0.91842
8.6740 -0.91819
8.6718 -0.91796
8.6696 -0.91773
8.6675 -0.91750
8.6653 -0.91727
8.6632 -0.91704
8.6610 -0.91681
8.6589 -0.91658
8.6567 -0.91636
8.6546 -0.91613
8.6524 -0.91590
8.6503 -0.91568
8.6481 -0.91545
8.6459 -0.91523
8.6438 -0.91500
8.6416 -0.91478
8.6394 -0.91455
8.6373 -0.91433
8.6351 -0.91410
8.6329 -0.91388
8.6308 -0.91366
8.6286 -0.91344
8.6264 -0.91322
8.6243 -0.91299
8.6221 -0.91277
8.6199 -0.91255
8.6178 -0.91233
8.6156 -0.91212
8.6134 -0.91190
8.6113 -0.91168
8.6091 -0.91146
8.6069 -0.91124
8.6048 -0.91103
8.6026 -0.91081
8.6004 -0.91059
8.5982 -0.91038
8.5961 -0.91016
8.5939 -0.90995
8.5917 -0.90973
8.5895 -0.90952
8.5873 -0.90930
8.5851 -0.90909
8.5830 -0.90888
8.5808 -0.90867
8.5786 -0.90845
8.5764 -0.90824
8.5742 -0.90803
8.5721 -0.90782
8.5699 -0.90761
8.5677 -0.90740
8.5655 -0.90719
8.5633 -0.90698
8.5611 -0.90677
8.5590 -0.90657
8.5568 -0.90636
8.5546 -0.90615
8.5524 -0.90594
8.5502 -0.90574
8.5480 -0.90553
8.5459 -0.90533
8.5437 -0.90512
8.5415 -0.90492
8.5393 -0.90471
8.5371 -0.90451
8.5349 -0.90430
8.5327 -0.90410
8.5305 -0.90390
8.5283 -0.90370
8.5261 -0.90349
8.5239 -0.90329
8.5217 -0.90309
8.5195 -0.90289
8.5173 -0.90269
8.5151 -0.90249
8.5129 -0.90229
8.5107 -0.90209
8.5085 -0.90190
8.5063 -0.90170
8.5041 -0.90150
8.5019 -0.90130
8.4997 -0.90111
8.4975 -0.90091
8.4953 -0.90071
8.4931 -0.90052
8.4909 -0.90032
8.4887 -0.90013
8.4865 -0.89993
8.4843 -0.89974
8.4821 -0.89955
8.4799 -0.89935
8.4777 -0.89916
8.4755 -0.89897
8.4733 -0.89878
8.4711 -0.89858
8.4688 -0.89839
8.4666 -0.89820
8.4644 -0.89801
8.4622 -0.89782
8.4600 -0.89763
8.4578 -0.89744
8.4556 -0.89725
8.4534 -0.89707
8.4511 -0.89688
8.4489 -0.89669
8.4467 -0.89650
8.4445 -0.89632
8.4423 -0.89613
8.4401 -0.89594
8.4379 -0.89576
8.4357 -0.89557
8.4334 -0.89539
8.4312 -0.89520
8.4290 -0.89502
8.4268 -0.89483
8.4246 -0.89465
8.4224 -0.89447
8.4201 -0.89429
8.4179 -0.89410
8.4157 -0.89392
8.4135 -0.89374
8.4112 -0.89356
8.4090 -0.89338
8.4068 -0.89320
8.4045 -0.89302
8.4023 -0.89284
8.4001 -0.89266
8.3979 -0.89248
8.3956 -0.89230
8.3934 -0.89212
8.3912 -0.89195
8.3889 -0.89177
8.3867 -0.89159
8.3845 -0.89142
8.3823 -0.89124
8.3800 -0.89106
8.3778 -0.89089
8.3756 -0.89071
8.3734 -0.89054
8.3711 -0.89036
8.3689 -0.89019
8.3667 -0.89002
8.3644 -0.88984
8.3622 -0.88967
8.3600 -0.88950
8.3578 -0.88932
8.3555 -0.88915
8.3533 -0.88898
8.3510 -0.88881
8.3488 -0.88864
8.3465 -0.88847
8.3443 -0.88830
8.3421 -0.88813
8.3398 -0.88796
8.3376 -0.88779
8.3353 -0.88762
8.3331 -0.88745
8.3308 -0.88728
8.3286 -0.88712
8.3264 -0.88695
8.3241 -0.88678
8.3219 -0.88661
8.3196 -0.88645
8.3174 -0.88628
8.3151 -0.88612
8.3129 -0.88595
8.3107 -0.88579
8.3084 -0.88562
8.3062 -0.88546
8.3039 -0.88529
8.3017 -0.88513
8.2994 -0.88497
8.2972 -0.88480
8.2950 -0.88464
8.2927 -0.88448
8.2905 -0.88432
8.2882 -0.88415
8.2860 -0.88399
8.2837 -0.88383
8.2815 -0.88367
8.2792 -0.88351
8.2769 -0.88335
8.2747 -0.88319
8.2724 -0.88303
8.2702 -0.88287
8.2679 -0.88271
8.2657 -0.88255
8.2634 -0.88240
8.2611 -0.88224
8.2589 -0.88208
8.2566 -0.88192
8.2544 -0.88177
8.2521 -0.88161
8.2498 -0.88145
8.2476 -0.88130
8.2453 -0.88114
8.2431 -0.88099
8.2408 -0.88083
8.2386 -0.88067
8.2363 -0.88052
8.2340 -0.88037
8.2318 -0.88021
8.2295 -0.88006
8.2273 -0.87990
8.2250 -0.87975
8.2227 -0.87960
8.2205 -0.87945
8.2182 -0.87929
8.2160 -0.87914
8.2137 -0.87899
8.2115 -0.87884
8.2092 -0.87869
8.2069 -0.87854
8.2047 -0.87838
8.2024 -0.87823
8.2001 -0.87808
8.1978 -0.87793
8.1956 -0.87778
8.1933 -0.87764
8.1910 -0.87749
8.1887 -0.87734
8.1865 -0.87719
8.1842 -0.87704
8.1819 -0.87689
8.1796 -0.87675
8.1774 -0.87660
8.1751 -0.87645
8.1728 -0.87630
8.1705 -0.87616
8.1683 -0.87601
8.1660 -0.87586
8.1637 -0.87572
8.1615 -0.87557
8.1592 -0.87543
8.1569 -0.87528
8.1546 -0.87514
8.1524 -0.87499
8.1501 -0.87485
8.1478 -0.87470
8.1455 -0.87456
8.1433 -0.87442
8.1410 -0.87427
8.1387 -0.87413
8.1364 -0.87399
8.1342 -0.87384
8.1319 -0.87370
8.1296 -0.87356
8.1273 -0.87342
8.1251 -0.87327
8.1228 -0.87313
8.1205 -0.87299
8.1182 -0.87285
8.1159 -0.87271
8.1136 -0.87257
8.1113 -0.87243
8.1091 -0.87229
8.1068 -0.87215
8.1045 -0.87201
8.1022 -0.87187
8.0999 -0.87173
8.0976 -0.87159
8.0953 -0.87145
8.0930 -0.87131
8.0907 -0.87117
8.0885 -0.87103
8.0862 -0.87090
8.0839 -0.87076
8.0816 -0.87062
8.0793 -0.87048
8.0770 -0.87035
8.0747 -0.87021
8.0724 -0.87007
8.0701 -0.86993
8.0679 -0.86980
8.0656 -0.86966
8.0633 -0.86952
8.0610 -0.86939
8.0587 -0.86925
8.0564 -0.86912
8.0541 -0.86898
8.0518 -0.86885
8.0495 -0.86871
8.0473 -0.86858
8.0450 -0.86844
8.0427 -0.86831
8.0404 -0.86817
8.0381 -0.86804
8.0358 -0.86790
8.0335 -0.86777
8.0312 -0.86763
8.0289 -0.86750
8.0266 -0.86737
8.0243 -0.86723
8.0220 -0.86710
8.0197 -0.86697
8.0174 -0.86684
8.0151 -0.86670
8.0128 -0.86657
8.0105 -0.86644
8.0082 -0.86631
8.0059 -0.86617
8.0036 -0.86604
8.0013 -0.86591
7.9989 -0.86578
7.9966 -0.86565
7.9943 -0.86551
7.9920 -0.86538
7.9897 -0.86525
7.9874 -0.86512
7.9851 -0.86499
7.9828 -0.86486
7.9805 -0.86473
7.9782 -0.86460
7.9759 -0.86447
7.9736 -0.86434
7.9713 -0.86421
7.9690 -0.86408
7.9667 -0.86395
7.9644 -0.86382
7.9621 -0.86369
7.9598 -0.86356
7.9575 -0.86343
7.9551 -0.86330
7.9528 -0.86317
7.9505 -0.86304
7.9482 -0.86291
7.9459 -0.86278
7.9436 -0.86266
7.9413 -0.86253
7.9390 -0.86240
7.9366 -0.86227
7.9343 -0.86214
7.9320 -0.86201
7.9297 -0.86188
7.9274 -0.86176
7.9251 -0.86163
7.9228 -0.86150
7.9205 -0.86137
7.9182 -0.86125
7.9158 -0.86112
7.9135 -0.86099
7.9112 -0.86086
7.9089 -0.86073
7.9066 -0.86061
7.9042 -0.86048
7.9019 -0.86035
7.8996 -0.86022
7.8973 -0.86010
7.8950 -0.85997
7.8926 -0.85984
7.8903 -0.85972
7.8880 -0.85959
7.8857 -0.85946
7.8834 -0.85934
7.8811 -0.85921
7.8787 -0.85908
7.8764 -0.85896
7.8741 -0.85883
7.8718 -0.85870
7.8695 -0.85858
7.8671 -0.85845
7.8648 -0.85832
7.8625 -0.85820
7.8602 -0.85807
7.8578 -0.85794
7.8555 -0.85782
7.8532 -0.85769
7.8509 -0.85757
7.8485 -0.85744
7.8462 -0.85732
7.8439 -0.85719
7.8415 -0.85706
7.8392 -0.85694
7.8369 -0.85681
7.8346 -0.85669
7.8322 -0.85656
7.8299 -0.85643
7.8276 -0.85631
7.8253 -0.85618
7.8229 -0.85606
7.8206 -0.85593
7.8183 -0.85580
7.8159 -0.85568
7.8136 -0.85555
7.8113 -0.85543
7.8090 -0.85530
7.8066 -0.85518
7.8043 -0.85505
7.8019 -0.85492
7.7996 -0.85480
7.7973 -0.85467
7.7949 -0.85455
7.7926 -0.85442
7.7903 -0.85429
7.7879 -0.85417
7.7856 -0.85404
7.7833 -0.85392
7.7809 -0.85379
7.7786 -0.85366
7.7763 -0.85354
7.7739 -0.85341
7.7716 -0.85329
7.7693 -0.85316
7.7669 -0.85303
7.7646 -0.85291
7.7623 -0.85278
7.7599 -0.85266
7.7576 -0.85253
7.7552 -0.85240
7.7529 -0.85228
7.7505 -0.85215
7.7482 -0.85202
7.7459 -0.85190
7.7435 -0.85177
7.7412 -0.85164
7.7388 -0.85151
7.7365 -0.85139
7.7342 -0.85126
7.7318 -0.85113
7.7295 -0.85101
7.7271 -0.85088
7.7248 -0.85075
7.7224 -0.85063
7.7201 -0.85050
7.7178 -0.85037
7.7154 -0.85024
7.7131 -0.85012
7.7107 -0.84999
7.7084 -0.84986
7.7060 -0.84973
7.7037 -0.84960
7.7013 -0.84948
7.6990 -0.84935
7.6966 -0.84922
7.6943 -0.84909
7.6919 -0.84896
7.6896 -0.84884
7.6872 -0.84871
7.6849 -0.84858
7.6825 -0.84845
7.6802 -0.84832
7.6778 -0.84819
7.6755 -0.84806
7.6731 -0.84793
7.6708 -0.84781
7.6684 -0.84768
7.6661 -0.84755
7.6637 -0.84742
7.6614 -0.84729
7.6590 -0.84716
7.6567 -0.84703
7.6543 -0.84690
7.6520 -0.84677
7.6496 -0.84664
7.6473 -0.84651
7.6449 -0.84637
7.6425 -0.84624
7.6402 -0.84611
7.6378 -0.84598
7.6355 -0.84585
7.6331 -0.84572
7.6308 -0.84559
7.6284 -0.84546
7.6260 -0.84532
7.6237 -0.84519
7.6213 -0.84506
7.6190 -0.84493
7.6166 -0.84480
7.6143 -0.84466
7.6119 -0.84453
7.6095 -0.84440
7.6072 -0.84426
7.6048 -0.84413
7.6025 -0.84400
7.6001 -0.84386
7.5977 -0.84373
7.5954 -0.84360
7.5930 -0.84346
7.5906 -0.84333
7.5883 -0.84319
7.5859 -0.84306
7.5835 -0.84292
7.5812 -0.84279
7.5788 -0.84265
7.5764 -0.84252
7.5741 -0.84238
7.5717 -0.84225
7.5693 -0.84211
7.5670 -0.84197
7.5646 -0.84184
7.5622 -0.84170
7.5599 -0.84157
7.5575 -0.84143
7.5551 -0.84129
7.5528 -0.84115
7.5504 -0.84102
7.5480 -0.84088
7.5457 -0.84074
7.5433 -0.84060
7.5409 -0.84046
7.5385 -0.84032
7.5362 -0.84019
7.5338 -0.84005
7.5314 -0.83991
7.5290 -0.83977
7.5267 -0.83963
7.5243 -0.83949
7.5219 -0.83935
7.5196 -0.83921
7.5172 -0.83907
7.5148 -0.83892
7.5124 -0.83878
7.5101 -0.83864
7.5077 -0.83850
7.5053 -0.83836
7.5029 -0.83822
7.5005 -0.83807
7.4982 -0.83793
7.4958 -0.83779
7.4934 -0.83764
7.4910 -0.83750
7.4886 -0.83736
7.4863 -0.83721
7.4839 -0.83707
7.4815 -0.83692
7.4791 -0.83678
7.4767 -0.83663
7.4744 -0.83649
7.4720 -0.83634
7.4696 -0.83620
7.4672 -0.83605
7.4648 -0.83590
7.4625 -0.83576
7.4601 -0.83561
7.4577 -0.83546
7.4553 -0.83531
7.4529 -0.83517
7.4505 -0.83502
7.4481 -0.83487
7.4458 -0.83472
7.4434 -0.83457
7.4410 -0.83442
7.4386 -0.83427
7.4362 -0.83412
7.4338 -0.83397
7.4314 -0.83382
7.4290 -0.83367
7.4267 -0.83352
7.4243 -0.83336
7.4219 -0.83321
7.4195 -0.83306
7.4171 -0.83291
7.4147 -0.83275
7.4123 -0.83260
7.4099 -0.83245
7.4075 -0.83229
7.4051 -0.83214
7.4027 -0.83198
7.4003 -0.83183
7.3979 -0.83167
7.3955 -0.83152
7.3932 -0.83136
7.3908 -0.83120
7.3884 -0.83105
7.3860 -0.83089
7.3836 -0.83073
7.3812 -0.83057
7.3788 -0.83041
7.3764 -0.83026
7.3740 -0.83010
7.3716 -0.82994
7.3692 -0.82978
7.3668 -0.82962
7.3644 -0.82946
7.3620 -0.82930
7.3596 -0.82914
7.3572 -0.82897
7.3548 -0.82881
7.3524 -0.82865
7.3500 -0.82849
7.3476 -0.82832
7.3452 -0.82816
7.3428 -0.82800
7.3404 -0.82783
7.3380 -0.82767
7.3355 -0.82750
7.3331 -0.82734
7.3307 -0.82717
7.3283 -0.82701
7.3259 -0.82684
7.3235 -0.82667
7.3211 -0.82650
7.3187 -0.82634
7.3163 -0.82617
7.3139 -0.82600
7.3115 -0.82583
7.3091 -0.82566
7.3066 -0.82549
7.3042 -0.82532
7.3018 -0.82515
7.2994 -0.82498
7.2970 -0.82481
7.2946 -0.82463
7.2922 -0.82446
7.2898 -0.82429
7.2874 -0.82411
7.2850 -0.82394
7.2825 -0.82377
7.2801 -0.82359
7.2777 -0.82342
7.2753 -0.82324
7.2729 -0.82306
7.2704 -0.82289
7.2680 -0.82271
7.2656 -0.82253
7.2632 -0.82235
7.2608 -0.82218
7.2583 -0.82200
7.2559 -0.82182
7.2535 -0.82164
7.2511 -0.82146
7.2487 -0.82128
7.2463 -0.82109
7.2438 -0.82091
7.2414 -0.82073
7.2390 -0.82055
7.2366 -0.82036
7.2341 -0.82018
7.2317 -0.82000
7.2293 -0.81981
7.2269 -0.81963
7.2244 -0.81944
7.2220 -0.81925
7.2196 -0.81907
7.2171 -0.81888
7.2147 -0.81869
7.2123 -0.81850
7.2099 -0.81832
7.2074 -0.81813
7.2050 -0.81794
7.2026 -0.81775
7.2001 -0.81756
7.1977 -0.81737
7.1953 -0.81717
7.1928 -0.81698
7.1904 -0.81679
7.1880 -0.81660
7.1855 -0.81640
7.1831 -0.81621
7.1807 -0.81601
7.1782 -0.81582
7.1758 -0.81562
7.1734 -0.81542
7.1709 -0.81523
7.1685 -0.81503
7.1661 -0.81483
7.1636 -0.81463
7.1612 -0.81443
7.1587 -0.81423
7.1563 -0.81403
7.1539 -0.81383
7.1514 -0.81363
7.1490 -0.81343
7.1465 -0.81323
7.1441 -0.81302
7.1417 -0.81282
7.1392 -0.81262
7.1368 -0.81241
7.1343 -0.81221
7.1319 -0.81200
7.1294 -0.81179
7.1270 -0.81159
7.1245 -0.81138
7.1221 -0.81117
7.1196 -0.81096
7.1172 -0.81075
7.1147 -0.81054
7.1123 -0.81033
7.1098 -0.81012
7.1074 -0.80991
7.1049 -0.80970
7.1025 -0.80948
7.1001 -0.80927
7.0976 -0.80905
7.0951 -0.80884
7.0927 -0.80862
7.0902 -0.80841
7.0878 -0.80819
7.0853 -0.80797
7.0829 -0.80776
7.0804 -0.80754
7.0779 -0.80732
7.0755 -0.80710
7.0730 -0.80688
7.0706 -0.80666
7.0681 -0.80643
7.0657 -0.80621
7.0632 -0.80599
7.0607 -0.80576
7.0583 -0.80554
7.0558 -0.80532
7.0533 -0.80509
7.0509 -0.80486
7.0484 -0.80464
7.0460 -0.80441
7.0435 -0.80418
7.0410 -0.80395
7.0386 -0.80372
7.0361 -0.80349
7.0336 -0.80326
7.0312 -0.80303
7.0287 -0.80280
7.0262 -0.80256
7.0238 -0.80233
7.0213 -0.80209
7.0188 -0.80186
7.0163 -0.80162
7.0139 -0.80139
7.0114 -0.80115
7.0089 -0.80091
7.0064 -0.80067
7.0040 -0.80043
7.0015 -0.80019
6.9990 -0.79995
6.9965 -0.79971
6.9941 -0.79947
6.9916 -0.79923
6.9891 -0.79898
6.9866 -0.79874
6.9841 -0.79849
6.9817 -0.79825
6.9792 -0.79800
6.9767 -0.79776
6.9742 -0.79751
6.9717 -0.79726
6.9693 -0.79701
6.9668 -0.79676
6.9643 -0.79651
6.9618 -0.79626
6.9593 -0.79601
6.9568 -0.79575
6.9543 -0.79550
6.9519 -0.79524
6.9494 -0.79499
6.9469 -0.79473
6.9444 -0.79448
6.9419 -0.79422
6.9394 -0.79396
6.9369 -0.79370
6.9344 -0.79344
6.9319 -0.79318
6.9294 -0.79292
6.9269 -0.79266
6.9244 -0.79239
6.9219 -0.79213
6.9194 -0.79187
6.9170 -0.79160
6.9145 -0.79134
6.9120 -0.79107
6.9095 -0.79080
6.9070 -0.79053
6.9044 -0.79026
6.9019 -0.78999
6.8994 -0.78972
6.8969 -0.78945
6.8944 -0.78918
6.8919 -0.78891
6.8894 -0.78863
6.8869 -0.78836
6.8844 -0.78808
6.8819 -0.78780
6.8794 -0.78753
6.8769 -0.78725
6.8744 -0.78697
6.8719 -0.78669
6.8694 -0.78641
6.8669 -0.78613
6.8643 -0.78585
6.8618 -0.78556
6.8593 -0.78528
6.8568 -0.78499
6.8543 -0.78471
6.8518 -0.78442
6.8493 -0.78413
6.8467 -0.78385
6.8442 -0.78356
6.8417 -0.78327
6.8392 -0.78298
6.8367 -0.78268
6.8341 -0.78239
6.8316 -0.78210
6.8291 -0.78180
6.8266 -0.78151
6.8240 -0.78121
6.8215 -0.78091
6.8190 -0.78062
6.8165 -0.78032
6.8139 -0.78002
6.8114 -0.77972
6.8089 -0.77942
6.8064 -0.77911
6.8038 -0.77881
6.8013 -0.77851
6.7988 -0.77820
6.7962 -0.77790
6.7937 -0.77759
6.7912 -0.77728
6.7886 -0.77697
6.7861 -0.77666
6.7836 -0.77635
6.7810 -0.77604
6.7785 -0.77573
6.7759 -0.77541
6.7734 -0.77510
6.7709 -0.77478
6.7683 -0.77447
6.7658 -0.77415
6.7632 -0.77383
6.7607 -0.77351
6.7581 -0.77319
6.7556 -0.77287
6.7530 -0.77255
6.7505 -0.77222
6.7479 -0.77190
6.7454 -0.77157
6.7428 -0.77125
6.7403 -0.77092
6.7377 -0.77059
6.7352 -0.77026
6.7326 -0.76993
6.7301 -0.76960
6.7275 -0.76927
6.7250 -0.76894
6.7224 -0.76860
6.7198 -0.76827
6.7173 -0.76793
6.7147 -0.76760
6.7122 -0.76726
6.7096 -0.76692
6.7070 -0.76658
6.7045 -0.76624
6.7019 -0.76590
6.6993 -0.76556
6.6968 -0.76521
6.6942 -0.76487
6.6916 -0.76452
6.6891 -0.76417
6.6865 -0.76382
6.6839 -0.76348
6.6814 -0.76313
6.6788 -0.76277
6.6762 -0.76242
6.6736 -0.76207
6.6711 -0.76171
6.6685 -0.76136
6.6659 -0.76100
6.6633 -0.76064
6.6608 -0.76029
6.6582 -0.75993
6.6556 -0.75957
6.6530 -0.75920
6.6504 -0.75884
6.6478 -0.75848
6.6453 -0.75811
6.6427 -0.75775
6.6401 -0.75738
6.6375 -0.75701
6.6349 -0.75664
6.6323 -0.75627
6.6297 -0.75590
6.6271 -0.75553
6.6245 -0.75515
6.6219 -0.75478
6.6193 -0.75440
6.6168 -0.75402
6.6142 -0.75364
6.6116 -0.75327
6.6090 -0.75288
6.6064 -0.75250
6.6038 -0.75212
6.6012 -0.75174
6.5985 -0.75135
6.5959 -0.75096
6.5933 -0.75058
6.5907 -0.75019
6.5881 -0.74980
6.5855 -0.74941
6.5829 -0.74901
6.5803 -0.74862
6.5777 -0.74823
6.5751 -0.74783
6.5725 -0.74743
6.5698 -0.74703
6.5672 -0.74663
6.5646 -0.74623
6.5620 -0.74583
6.5594 -0.74543
6.5568 -0.74502
6.5541 -0.74462
6.5515 -0.74421
6.5489 -0.74380
6.5463 -0.74340
6.5436 -0.74299
6.5410 -0.74257
6.5384 -0.74216
6.5357 -0.74175
6.5331 -0.74133
6.5305 -0.74091
6.5278 -0.74050
6.5252 -0.74008
6.5226 -0.73966
6.5199 -0.73924
6.5173 -0.73881
6.5147 -0.73839
6.5120 -0.73796
6.5094 -0.73754
6.5067 -0.73711
6.5041 -0.73668
6.5015 -0.73625
6.4988 -0.73582
6.4962 -0.73538
6.4935 -0.73495
6.4909 -0.73451
6.4882 -0.73408
6.4856 -0.73364
6.4829 -0.73320
6.4803 -0.73276
6.4776 -0.73231
6.4749 -0.73187
6.4723 -0.73143
6.4696 -0.73098
6.4670 -0.73053
6.4643 -0.73008
6.4616 -0.72963
6.4590 -0.72918
6.4563 -0.72873
6.4536 -0.72827
6.4510 -0.72782
6.4483 -0.72736
6.4456 -0.72690
6.4430 -0.72644
6.4403 -0.72598
6.4376 -0.72552
6.4349 -0.72505
6.4323 -0.72459
6.4296 -0.72412
6.4269 -0.72365
6.4242 -0.72318
6.4215 -0.72271
6.4189 -0.72224
6.4162 -0.72176
6.4135 -0.72129
6.4108 -0.72081
6.4081 -0.72033
6.4054 -0.71985
6.4027 -0.71937
6.4000 -0.71889
6.3973 -0.71840
6.3946 -0.71792
6.3919 -0.71743
6.3892 -0.71694
6.3865 -0.71645
6.3838 -0.71596
6.3811 -0.71546
6.3784 -0.71497
6.3757 -0.71447
6.3730 -0.71398
6.3703 -0.71348
6.3676 -0.71298
6.3649 -0.71247
6.3622 -0.71197
6.3595 -0.71146
6.3567 -0.71096
6.3540 -0.71045
6.3513 -0.70994
6.3486 -0.70943
6.3459 -0.70891
6.3431 -0.70840
6.3404 -0.70788
6.3377 -0.70737
6.3350 -0.70685
6.3322 -0.70632
6.3295 -0.70580
6.3268 -0.70528
6.3240 -0.70475
6.3213 -0.70422
6.3186 -0.70370
6.3158 -0.70317
6.3131 -0.70263
6.3103 -0.70210
6.3076 -0.70156
6.3048 -0.70103
6.3021 -0.70049
6.2993 -0.69995
6.2966 -0.69940
6.2938 -0.69886
6.2911 -0.69832
6.2883 -0.69777
6.2856 -0.69722
6.2828 -0.69667
6.2801 -0.69612
6.2773 -0.69556
6.2745 -0.69501
6.2718 -0.69445
6.2690 -0.69389
6.2662 -0.69333
6.2635 -0.69277
6.2607 -0.69220
6.2579 -0.69164
6.2551 -0.69107
6.2524 -0.69050
6.2496 -0.68993
6.2468 -0.68935
6.2440 -0.68878
6.2412 -0.68820
6.2384 -0.68762
6.2357 -0.68704
6.2329 -0.68646
6.2301 -0.68588
6.2273 -0.68529
6.2245 -0.68471
6.2217 -0.68412
6.2189 -0.68353
6.2161 -0.68293
6.2133 -0.68234
6.2105 -0.68174
6.2077 -0.68114
6.2049 -0.68054
6.2021 -0.67994
6.1992 -0.67933
6.1964 -0.67873
6.1936 -0.67812
6.1908 -0.67751
6.1880 -0.67690
6.1852 -0.67628
6.1823 -0.67566
6.1795 -0.67505
6.1767 -0.67443
6.1739 -0.67381
6.1710 -0.67318
6.1682 -0.67256
6.1654 -0.67193
6.1625 -0.67130
6.1597 -0.67067
6.1568 -0.67003
6.1540 -0.66940
6.1511 -0.66876
6.1483 -0.66812
6.1455 -0.66748
6.1426 -0.66684
6.1397 -0.66619
6.1369 -0.66554
6.1340 -0.66489
6.1312 -0.66424
6.1283 -0.66359
6.1255 -0.66293
6.1226 -0.66227
6.1197 -0.66161
6.1168 -0.66095
6.1140 -0.66029
6.1111 -0.65962
6.1082 -0.65895
6.1053 -0.65828
6.1025 -0.65761
6.0996 -0.65693
6.0967 -0.65626
6.0938 -0.65558
6.0909 -0.65489
6.0880 -0.65421
6.0851 -0.65353
6.0822 -0.65284
6.0793 -0.65215
6.0764 -0.65145
6.0735 -0.65076
6.0706 -0.65006
6.0677 -0.64936
6.0648 -0.64866
6.0619 -0.64795
6.0590 -0.64725
6.0561 -0.64654
6.0531 -0.64583
6.0502 -0.64511
6.0473 -0.64440
6.0444 -0.64368
6.0414 -0.64296
6.0385 -0.64224
6.0356 -0.64151
6.0326 -0.64078
6.0297 -0.64005
6.0267 -0.63932
6.0238 -0.63859
6.0209 -0.63785
6.0179 -0.63711
6.0150 -0.63637
6.0120 -0.63562
6.0090 -0.63487
6.0061 -0.63412
6.0031 -0.63337
6.0002 -0.63262
5.9972 -0.63186
5.9942 -0.63110
5.9912 -0.63034
5.9883 -0.62957
5.9853 -0.62880
5.9823 -0.62803
5.9793 -0.62726
5.9763 -0.62648
5.9733 -0.62571
5.9704 -0.62493
5.9674 -0.62414
5.9644 -0.62336
5.9614 -0.62257
5.9584 -0.62178
5.9553 -0.62098
5.9523 -0.62018
5.9493 -0.61938
5.9463 -0.61858
5.9433 -0.61778
5.9403 -0.61697
5.9372 -0.61616
5.9342 -0.61535
5.9312 -0.61453
5.9282 -0.61371
5.9251 -0.61289
5.9221 -0.61206
5.9190 -0.61123
5.9160 -0.61040
5.9129 -0.60957
5.9099 -0.60873
5.9068 -0.60789
5.9038 -0.60705
5.9007 -0.60621
5.8977 -0.60536
5.8946 -0.60451
5.8915 -0.60365
5.8884 -0.60279
5.8854 -0.60193
5.8823 -0.60107
5.8792 -0.60020
5.8761 -0.59933
5.8730 -0.59846
5.8699 -0.59758
5.8668 -0.59670
5.8637 -0.59582
5.8606 -0.59493
5.8575 -0.59404
5.8544 -0.59315
5.8513 -0.59226
5.8482 -0.59136
5.8451 -0.59046
5.8419 -0.58955
5.8388 -0.58864
5.8357 -0.58773
5.8325 -0.58681
5.8294 -0.58589
5.8263 -0.58497
5.8231 -0.58404
5.8200 -0.58311
5.8168 -0.58218
5.8137 -0.58125
5.8105 -0.58031
5.8073 -0.57936
5.8042 -0.57841
5.8010 -0.57746
5.7978 -0.57651
5.7946 -0.57555
5.7915 -0.57459
5.7883 -0.57363
5.7851 -0.57266
5.7819 -0.57168
5.7787 -0.57071
5.7755 -0.56973
5.7723 -0.56874
5.7690 -0.56775
5.7658 -0.56676
5.7626 -0.56577
5.7594 -0.56477
5.7561 -0.56376
5.7529 -0.56276
5.7497 -0.56175
5.7464 -0.56073
5.7432 -0.55971
5.7399 -0.55869
5.7367 -0.55766
5.7334 -0.55663
5.7302 -0.55559
5.7269 -0.55455
5.7236 -0.55351
5.7203 -0.55246
5.7171 -0.55141
5.7138 -0.55035
5.7105 -0.54929
5.7072 -0.54822
5.7039 -0.54715
5.7006 -0.54608
5.6973 -0.54500
5.6939 -0.54391
5.6906 -0.54283
5.6873 -0.54173
5.6840 -0.54064
5.6806 -0.53953
5.6773 -0.53843
5.6740 -0.53732
5.6706 -0.53620
5.6672 -0.53508
5.6639 -0.53395
5.6605 -0.53282
5.6572 -0.53169
5.6538 -0.53055
5.6504 -0.52940
5.6470 -0.52825
5.6436 -0.52710
5.6402 -0.52594
5.6368 -0.52477
5.6334 -0.52360
5.6300 -0.52242
5.6266 -0.52124
5.6231 -0.52006
5.6197 -0.51886
5.6163 -0.51767
5.6128 -0.51646
5.6094 -0.51525
5.6059 -0.51404
5.6025 -0.51282
5.5990 -0.51160
5.5955 -0.51036
5.5920 -0.50913
5.5886 -0.50788
5.5851 -0.50664
5.5816 -0.50538
5.5781 -0.50412
5.5746 -0.50286
5.5710 -0.50158
5.5675 -0.50031
5.5640 -0.49902
5.5604 -0.49773
5.5569 -0.49643
5.5534 -0.49513
5.5498 -0.49382
5.5462 -0.49250
5.5427 -0.49118
5.5391 -0.48985
5.5355 -0.48851
5.5319 -0.48717
5.5283 -0.48582
5.5247 -0.48446
5.5211 -0.48310
5.5175 -0.48173
5.5138 -0.48035
5.5102 -0.47896
5.5065 -0.47757
5.5029 -0.47617
5.4992 -0.47476
5.4956 -0.47335
5.4919 -0.47193
5.4882 -0.47050
5.4845 -0.46906
5.4808 -0.46761
5.4771 -0.46616
5.4734 -0.46470
5.4697 -0.46323
5.4659 -0.46175
5.4622 -0.46026
5.4584 -0.45877
5.4547 -0.45726
5.4509 -0.45575
5.4471 -0.45423
5.4433 -0.45270
5.4396 -0.45116
5.4358 -0.44961
5.4319 -0.44806
5.4281 -0.44649
5.4243 -0.44492
5.4204 -0.44333
5.4166 -0.44174
5.4127 -0.44013
5.4089 -0.43852
5.4050 -0.43689
5.4011 -0.43526
5.3972 -0.43361
5.3933 -0.43196
5.3894 -0.43029
5.3854 -0.42861
5.3815 -0.42692
5.3775 -0.42523
5.3736 -0.42351
5.3696 -0.42179
5.3656 -0.42006
5.3616 -0.41831
5.3576 -0.41656
5.3536 -0.41479
5.3495 -0.41301
5.3455 -0.41121
5.3414 -0.40941
5.3374 -0.40759
5.3333 -0.40575
5.3292 -0.40391
5.3251 -0.40205
5.3209 -0.40017
5.3168 -0.39829
5.3127 -0.39639
5.3085 -0.39447
5.3043 -0.39254
5.3001 -0.39059
5.2959 -0.38863
5.2917 -0.38665
5.2875 -0.38466
5.2832 -0.38265
5.2790 -0.38063
5.2747 -0.37858
5.2704 -0.37653
5.2661 -0.37445
5.2617 -0.37235
5.2574 -0.37024
5.2530 -0.36811
5.2487 -0.36596
5.2443 -0.36379
5.2399 -0.36160
5.2354 -0.35939
5.2310 -0.35716
5.2265 -0.35491
5.2220 -0.35264
5.2175 -0.35035
5.2130 -0.34803
5.2085 -0.34569
5.2039 -0.34333
5.1993 -0.34094
5.1947 -0.33853
5.1901 -0.33609
5.1854 -0.33363
5.1808 -0.33114
5.1761 -0.32862
5.1714 -0.32608
5.1666 -0.32351
5.1619 -0.32090
5.1571 -0.31827
5.1523 -0.31560
5.1475 -0.31291
5.1426 -0.31017
5.1377 -0.30741
5.1328 -0.30461
5.1279 -0.30177
5.1229 -0.29890
5.1179 -0.29599
5.1129 -0.29304
5.1078 -0.29004
5.1028 -0.28700
5.0976 -0.28392
5.0925 -0.28080
5.0873 -0.27762
5.0821 -0.27440
5.0769 -0.27112
5.0716 -0.26779
5.0663 -0.26441
5.0609 -0.26097
5.0556 -0.25747
5.0501 -0.25390
5.0447 -0.25027
5.0392 -0.24657
5.0336 -0.24280
5.0280 -0.23895
5.0224 -0.23502
5.0167 -0.23101
5.0110 -0.22691
5.0052 -0.22272
4.9994 -0.21843
4.9936 -0.21404
4.9876 -0.20954
4.9817 -0.20492
4.9757 -0.20017
4.9696 -0.19530
4.9635 -0.19027
4.9573 -0.18510
4.9510 -0.17977
4.9447 -0.17425
4.9384 -0.16855
4.9320 -0.16263
4.9255 -0.15649
4.9190 -0.15010
4.9124 -0.14344
4.9058 -0.13648
4.8992 -0.12918
4.8925 -0.12152
4.8859 -0.11344
4.8792 -0.10489
4.8726 -0.095825
4.8661 -0.086162
4.8598 -0.075826
4.8537 -0.064729
4.8481 -0.052778
4.8430 -0.039886
4.8388 -0.025994
4.8358 -0.011117
4.8344 0.0046003
4.8350 0.020818
4.8379 0.037011
4.8428 0.052592
4.8495 0.067105
4.8576 0.080333
4.8665 0.092267
4.8759 0.10301
4.8857 0.11272
4.8955 0.12154
4.9055 0.12959
4.9154 0.13699
4.9252 0.14382
4.9350 0.15018
4.9447 0.15611
4.9543 0.16166
4.9638 0.16689
4.9732 0.17182
4.9825 0.17650
4.9917 0.18093
5.0007 0.18515
5.0098 0.18918
5.0187 0.19303
5.0275 0.19671
5.0362 0.20024
5.0449 0.20363
5.0535 0.20690
5.0620 0.21004
5.0704 0.21307
5.0788 0.21599
5.0871 0.21881
5.0953 0.22155
5.1035 0.22419
5.1116 0.22675
5.1196 0.22923
5.1276 0.23164
5.1356 0.23397
5.1435 0.23624
5.1513 0.23844
5.1591 0.24058
5.1669 0.24266
5.1746 0.24469
5.1823 0.24666
5.1899 0.24858
5.1975 0.25045
5.2050 0.25228
5.2125 0.25405
5.2200 0.25578
5.2274 0.25747
5.2348 0.25912
5.2422 0.26073
5.2495 0.26229
5.2568 0.26382
5.2641 0.26532
5.2714 0.26677
5.2786 0.26820
5.2858 0.26959
5.2929 0.27095
5.3001 0.27227
5.3072 0.27357
5.3143 0.27483
5.3213 0.27606
5.3284 0.27727
5.3354 0.27845
5.3424 0.27960
5.3493 0.28073
5.3563 0.28182
5.3632 0.28290
5.3701 0.28394
5.3770 0.28497
5.3839 0.28596
5.3908 0.28694
5.3976 0.28789
5.4044 0.28882
5.4112 0.28973
5.4180 0.29061
5.4248 0.29147
5.4315 0.29232
5.4383 0.29314
5.4450 0.29394
5.4517 0.29472
5.4584 0.29548
5.4651 0.29622
5.4718 0.29694
5.4784 0.29764
5.4851 0.29832
5.4917 0.29898
5.4984 0.29963
5.5050 0.30026
5.5116 0.30087
5.5182 0.30146
5.5248 0.30203
5.5313 0.30259
5.5379 0.30313
5.5445 0.30365
5.5510 0.30415
5.5575 0.30464
5.5641 0.30512
5.5706 0.30557
5.5771 0.30601
5.5836 0.30643
5.5901 0.30684
5.5966 0.30723
5.6031 0.30761
5.6096 0.30797
5.6161 0.30831
5.6225 0.30864
5.6290 0.30896
5.6355 0.30925
5.6419 0.30954
5.6484 0.30981
5.6548 0.31006
5.6612 0.31030
5.6677 0.31052
5.6741 0.31073
5.6805 0.31092
5.6870 0.31110
5.6934 0.31127
5.6998 0.31142
5.7062 0.31155
5.7127 0.31167
5.7191 0.31178
5.7255 0.31187
5.7319 0.31195
5.7383 0.31201
5.7447 0.31206
5.7511 0.31210
5.7575 0.31212
5.7639 0.31212
5.7703 0.31212
5.7768 0.31209
5.7832 0.31206
5.7896 0.31201
5.7960 0.31194
5.8024 0.31186
5.8088 0.31177
5.8152 0.31166
5.8216 0.31154
5.8280 0.31140
5.8345 0.31125
5.8409 0.31108
5.8473 0.31090
5.8537 0.31071
5.8602 0.31050
5.8666 0.31028
5.8730 0.31004
5.8795 0.30978
5.8859 0.30952
5.8924 0.30924
5.8988 0.30894
5.9053 0.30863
5.9118 0.30830
5.9182 0.30796
5.9247 0.30760
5.9312 0.30723
5.9377 0.30684
5.9442 0.30644
5.9507 0.30602
5.9572 0.30559
5.9637 0.30514
5.9702 0.30467
5.9767 0.30419
5.9833 0.30369
5.9898 0.30318
5.9964 0.30265
6.0029 0.30211
6.0095 0.30154
6.0161 0.30096
6.0227 0.30037
6.0293 0.29976
6.0359 0.29913
6.0425 0.29848
6.0491 0.29781
6.0558 0.29713
6.0625 0.29643
6.0691 0.29571
6.0758 0.29498
6.0825 0.29422
6.0892 0.29345
6.0959 0.29266
6.1027 0.29185
6.1094 0.29101
6.1162 0.29016
6.1230 0.28929
6.1298 0.28840
6.1366 0.28749
6.1434 0.28656
6.1503 0.28561
6.1571 0.28463
6.1640 0.28363
6.1709 0.28262
6.1778 0.28158
6.1848 0.28051
6.1917 0.27942
6.1987 0.27831
6.2057 0.27718
6.2127 0.27602
6.2198 0.27483
6.2269 0.27362
6.2340 0.27239
6.2411 0.27112
6.2482 0.26983
6.2554 0.26852
6.2626 0.26717
6.2698 0.26579
6.2771 0.26439
6.2843 0.26295
6.2916 0.26149
6.2990 0.25999
6.3064 0.25846
6.3138 0.25689
6.3212 0.25529
6.3287 0.25366
6.3362 0.25199
6.3438 0.25028
6.3513 0.24853
6.3590 0.24675
6.3666 0.24492
6.3744 0.24305
6.3821 0.24113
6.3899 0.23917
6.3978 0.23717
6.4057 0.23511
6.4136 0.23301
6.4216 0.23085
6.4297 0.22863
6.4378 0.22636
6.4460 0.22403
6.4542 0.22164
6.4625 0.21919
6.4708 0.21667
6.4793 0.21407
6.4878 0.21140
6.4964 0.20866
6.5050 0.20583
6.5138 0.20291
6.5226 0.19990
6.5315 0.19679
6.5405 0.19358
6.5497 0.19026
6.5589 0.18681
6.5682 0.18324
6.5777 0.17954
6.5873 0.17568
6.5970 0.17166
6.6069 0.16747
6.6169 0.16309
6.6271 0.15849
6.6375 0.15366
6.6480 0.14857
6.6588 0.14318
6.6698 0.13746
6.6810 0.13136
6.6925 0.12482
6.7043 0.11776
6.7164 0.11008
6.7289 0.10164
6.7417 0.092272
6.7550 0.081700
6.7685 0.069534
6.7824 0.055163
6.7961 0.037590
6.8083 0.015212
6.8150 -0.013679
6.8079 -0.045060
6.7895 -0.066922
6.7696 -0.081002
6.7501 -0.091123
6.7314 -0.098927
6.7134 -0.10520
6.6959 -0.11037
6.6789 -0.11469
6.6623 -0.11835
6.6460 -0.12147
6.6299 -0.12411
6.6141 -0.12636
6.5985 -0.12826
6.5831 -0.12983
6.5678 -0.13113
6.5526 -0.13215
6.5375 -0.13294
6.5225 -0.13349
6.5075 -0.13381
6.4926 -0.13393
6.4777 -0.13384
6.4627 -0.13355
6.4478 -0.13306
6.4328 -0.13237
6.4177 -0.13148
6.4026 -0.13038
6.3874 -0.12907
6.3720 -0.12755
6.3565 -0.12580
6.3409 -0.12381
6.3251 -0.12156
6.3090 -0.11904
6.2927 -0.11622
6.2761 -0.11307
6.2591 -0.10955
6.2418 -0.10560
6.2239 -0.10116
6.2055 -0.096130
6.1864 -0.090390
6.1665 -0.083749
6.1456 -0.075918
6.1233 -0.066421
6.0992 -0.054382
6.0726 -0.037904
6.0432 -0.011703
6.0231 0.043351
6.0587 0.062670
6.0889 0.070017
6.1168 0.074067
6.1437 0.076198
