x y
0.000000000000000 2.14000000000000
0.00200000000000000 2.1400
0.00400000000000000 2.1364
0.00600000000000000 2.1295
0.00800000000000000 2.1203
0.0100000000000000 2.1098
0.0120000000000000 2.0988
0.0140000000000000 2.0875
0.0160000000000000 2.0763
0.0180000000000000 2.0652
0.0200000000000000 2.0543
0.0220000000000000 2.0435
0.0240000000000000 2.0329
0.0260000000000000 2.0225
0.0280000000000000 2.0123
0.0300000000000000 2.0023
0.0320000000000000 1.9924
0.0340000000000000 1.9827
0.0360000000000000 1.9731
0.0380000000000000 1.9637
0.0400000000000000 1.9544
0.0420000000000000 1.9452
0.0440000000000000 1.9362
0.0460000000000000 1.9273
0.0480000000000000 1.9185
0.0500000000000000 1.9097
0.0520000000000000 1.9011
0.0540000000000000 1.8926
0.0560000000000000 1.8842
0.0580000000000000 1.8758
0.0600000000000000 1.8676
0.0620000000000000 1.8594
0.0640000000000000 1.8513
0.0660000000000000 1.8433
0.0680000000000000 1.8353
0.0700000000000000 1.8274
0.0720000000000000 1.8196
0.0740000000000000 1.8118
0.0760000000000000 1.8041
0.0780000000000000 1.7965
0.0800000000000000 1.7889
0.0820000000000000 1.7814
0.0840000000000000 1.7739
0.0860000000000000 1.7665
0.0880000000000000 1.7591
0.0900000000000000 1.7518
0.0920000000000000 1.7446
0.0940000000000000 1.7373
0.0960000000000000 1.7301
0.0980000000000000 1.7230
0.100000000000000 1.7159
0.102000000000000 1.7089
0.104000000000000 1.7018
0.106000000000000 1.6949
0.108000000000000 1.6879
0.110000000000000 1.6810
0.112000000000000 1.6742
0.114000000000000 1.6673
0.116000000000000 1.6605
0.118000000000000 1.6538
0.120000000000000 1.6470
0.122000000000000 1.6403
0.124000000000000 1.6337
0.126000000000000 1.6270
0.128000000000000 1.6204
0.130000000000000 1.6139
0.132000000000000 1.6073
0.134000000000000 1.6008
0.136000000000000 1.5943
0.138000000000000 1.5878
0.140000000000000 1.5814
0.142000000000000 1.5750
0.144000000000000 1.5686
0.146000000000000 1.5622
0.148000000000000 1.5559
0.150000000000000 1.5496
0.152000000000000 1.5433
0.154000000000000 1.5370
0.156000000000000 1.5308
0.158000000000000 1.5245
0.160000000000000 1.5183
0.162000000000000 1.5121
0.164000000000000 1.5060
0.166000000000000 1.4998
0.168000000000000 1.4937
0.170000000000000 1.4876
0.172000000000000 1.4815
0.174000000000000 1.4754
0.176000000000000 1.4694
0.178000000000000 1.4634
0.180000000000000 1.4574
0.182000000000000 1.4514
0.184000000000000 1.4454
0.186000000000000 1.4394
0.188000000000000 1.4335
0.190000000000000 1.4275
0.192000000000000 1.4216
0.194000000000000 1.4157
0.196000000000000 1.4099
0.198000000000000 1.4040
0.200000000000000 1.3981
0.202000000000000 1.3923
0.204000000000000 1.3865
0.206000000000000 1.3807
0.208000000000000 1.3749
0.210000000000000 1.3691
0.212000000000000 1.3633
0.214000000000000 1.3576
0.216000000000000 1.3519
0.218000000000000 1.3461
0.220000000000000 1.3404
0.222000000000000 1.3347
0.224000000000000 1.3290
0.226000000000000 1.3233
0.228000000000000 1.3177
0.230000000000000 1.3120
0.232000000000000 1.3064
0.234000000000000 1.3008
0.236000000000000 1.2951
0.238000000000000 1.2895
0.240000000000000 1.2839
0.242000000000000 1.2783
0.244000000000000 1.2728
0.246000000000000 1.2672
0.248000000000000 1.2616
0.250000000000000 1.2561
0.252000000000000 1.2506
0.254000000000000 1.2450
0.256000000000000 1.2395
0.258000000000000 1.2340
0.260000000000000 1.2285
0.262000000000000 1.2230
0.264000000000000 1.2175
0.266000000000000 1.2121
0.268000000000000 1.2066
0.270000000000000 1.2012
0.272000000000000 1.1957
0.274000000000000 1.1903
0.276000000000000 1.1849
0.278000000000000 1.1794
0.280000000000000 1.1740
0.282000000000000 1.1686
0.284000000000000 1.1632
0.286000000000000 1.1578
0.288000000000000 1.1524
0.290000000000000 1.1471
0.292000000000000 1.1417
0.294000000000000 1.1363
0.296000000000000 1.1310
0.298000000000000 1.1256
0.300000000000000 1.1203
0.302000000000000 1.1150
0.304000000000000 1.1096
0.306000000000000 1.1043
0.308000000000000 1.0990
0.310000000000000 1.0937
0.312000000000000 1.0884
0.314000000000000 1.0831
0.316000000000000 1.0778
0.318000000000000 1.0725
0.320000000000000 1.0673
0.322000000000000 1.0620
0.324000000000000 1.0567
0.326000000000000 1.0515
0.328000000000000 1.0462
0.330000000000000 1.0409
0.332000000000000 1.0357
0.334000000000000 1.0305
0.336000000000000 1.0252
0.338000000000000 1.0200
0.340000000000000 1.0148
0.342000000000000 1.0096
0.344000000000000 1.0043
0.346000000000000 0.99913
0.348000000000000 0.99392
0.350000000000000 0.98872
0.352000000000000 0.98352
0.354000000000000 0.97833
0.356000000000000 0.97314
0.358000000000000 0.96795
0.360000000000000 0.96277
0.362000000000000 0.95759
0.364000000000000 0.95242
0.366000000000000 0.94725
0.368000000000000 0.94208
0.370000000000000 0.93692
0.372000000000000 0.93176
0.374000000000000 0.92660
0.376000000000000 0.92145
0.378000000000000 0.91630
0.380000000000000 0.91116
0.382000000000000 0.90601
0.384000000000000 0.90087
0.386000000000000 0.89574
0.388000000000000 0.89060
0.390000000000000 0.88547
0.392000000000000 0.88035
0.394000000000000 0.87522
0.396000000000000 0.87010
0.398000000000000 0.86498
0.400000000000000 0.85986
0.402000000000000 0.85474
0.404000000000000 0.84963
0.406000000000000 0.84452
0.408000000000000 0.83941
0.410000000000000 0.83430
0.412000000000000 0.82920
0.414000000000000 0.82410
0.416000000000000 0.81900
0.418000000000000 0.81390
0.420000000000000 0.80880
0.422000000000000 0.80371
0.424000000000000 0.79861
0.426000000000000 0.79352
0.428000000000000 0.78843
0.430000000000000 0.78334
0.432000000000000 0.77826
0.434000000000000 0.77317
0.436000000000000 0.76808
0.438000000000000 0.76300
0.440000000000000 0.75792
0.442000000000000 0.75284
0.444000000000000 0.74776
0.446000000000000 0.74268
0.448000000000000 0.73760
0.450000000000000 0.73252
0.452000000000000 0.72744
0.454000000000000 0.72237
0.456000000000000 0.71729
0.458000000000000 0.71221
0.460000000000000 0.70714
0.462000000000000 0.70206
0.464000000000000 0.69699
0.466000000000000 0.69191
0.468000000000000 0.68684
0.470000000000000 0.68177
0.472000000000000 0.67669
0.474000000000000 0.67162
0.476000000000000 0.66655
0.478000000000000 0.66147
0.480000000000000 0.65640
0.482000000000000 0.65132
0.484000000000000 0.64625
0.486000000000000 0.64117
0.488000000000000 0.63610
0.490000000000000 0.63102
0.492000000000000 0.62595
0.494000000000000 0.62087
0.496000000000000 0.61579
0.498000000000000 0.61071
0.500000000000000 0.60563
0.502000000000000 0.60055
0.504000000000000 0.59547
0.506000000000000 0.59039
0.508000000000000 0.58530
0.510000000000000 0.58022
0.512000000000000 0.57513
0.514000000000000 0.57004
0.516000000000000 0.56495
0.518000000000000 0.55986
0.520000000000000 0.55477
0.522000000000000 0.54968
0.524000000000000 0.54458
0.526000000000000 0.53948
0.528000000000000 0.53439
0.530000000000000 0.52928
0.532000000000000 0.52418
0.534000000000000 0.51908
0.536000000000000 0.51397
0.538000000000000 0.50886
0.540000000000000 0.50375
0.542000000000000 0.49864
0.544000000000000 0.49352
0.546000000000000 0.48840
0.548000000000000 0.48328
0.550000000000000 0.47815
0.552000000000000 0.47303
0.554000000000000 0.46790
0.556000000000000 0.46277
0.558000000000000 0.45763
0.560000000000000 0.45249
0.562000000000000 0.44735
0.564000000000000 0.44221
0.566000000000000 0.43706
0.568000000000000 0.43191
0.570000000000000 0.42675
0.572000000000000 0.42160
0.574000000000000 0.41643
0.576000000000000 0.41127
0.578000000000000 0.40610
0.580000000000000 0.40093
0.582000000000000 0.39575
0.584000000000000 0.39057
0.586000000000000 0.38538
0.588000000000000 0.38019
0.590000000000000 0.37500
0.592000000000000 0.36980
0.594000000000000 0.36460
0.596000000000000 0.35939
0.598000000000000 0.35418
0.600000000000000 0.34897
0.602000000000000 0.34375
0.604000000000000 0.33852
0.606000000000000 0.33329
0.608000000000000 0.32805
0.610000000000000 0.32281
0.612000000000000 0.31756
0.614000000000000 0.31231
0.616000000000000 0.30706
0.618000000000000 0.30179
0.620000000000000 0.29652
0.622000000000000 0.29125
0.624000000000000 0.28597
0.626000000000000 0.28068
0.628000000000000 0.27539
0.630000000000000 0.27009
0.632000000000000 0.26478
0.634000000000000 0.25947
0.636000000000000 0.25415
0.638000000000000 0.24883
0.640000000000000 0.24349
0.642000000000000 0.23815
0.644000000000000 0.23281
0.646000000000000 0.22745
0.648000000000000 0.22209
0.650000000000000 0.21672
0.652000000000000 0.21135
0.654000000000000 0.20596
0.656000000000000 0.20057
0.658000000000000 0.19517
0.660000000000000 0.18976
0.662000000000000 0.18435
0.664000000000000 0.17892
0.666000000000000 0.17349
0.668000000000000 0.16804
0.670000000000000 0.16259
0.672000000000000 0.15713
0.674000000000000 0.15166
0.676000000000000 0.14618
0.678000000000000 0.14070
0.680000000000000 0.13520
0.682000000000000 0.12969
0.684000000000000 0.12417
0.686000000000000 0.11864
0.688000000000000 0.11310
0.690000000000000 0.10755
0.692000000000000 0.10199
0.694000000000000 0.096421
0.696000000000000 0.090838
0.698000000000000 0.085244
0.700000000000000 0.079639
0.702000000000000 0.074022
0.704000000000000 0.068392
0.706000000000000 0.062751
0.708000000000000 0.057097
0.710000000000000 0.051430
0.712000000000000 0.045751
0.714000000000000 0.040058
0.716000000000000 0.034352
0.718000000000000 0.028633
0.720000000000000 0.022899
0.722000000000000 0.017152
0.724000000000000 0.011390
0.726000000000000 0.0056134
0.728000000000000 -0.00017801
0.730000000000000 -0.0059846
0.732000000000000 -0.011807
0.734000000000000 -0.017645
0.736000000000000 -0.023499
0.738000000000000 -0.029369
0.740000000000000 -0.035256
0.742000000000000 -0.041160
0.744000000000000 -0.047082
0.746000000000000 -0.053021
0.748000000000000 -0.058978
0.750000000000000 -0.064954
0.752000000000000 -0.070949
0.754000000000000 -0.076963
0.756000000000000 -0.082996
0.758000000000000 -0.089050
0.760000000000000 -0.095124
0.762000000000000 -0.10122
0.764000000000000 -0.10733
0.766000000000000 -0.11347
0.768000000000000 -0.11963
0.770000000000000 -0.12582
0.772000000000000 -0.13202
0.774000000000000 -0.13825
0.776000000000000 -0.14451
0.778000000000000 -0.15079
0.780000000000000 -0.15709
0.782000000000000 -0.16342
0.784000000000000 -0.16978
0.786000000000000 -0.17616
0.788000000000000 -0.18258
0.790000000000000 -0.18902
0.792000000000000 -0.19549
0.794000000000000 -0.20199
0.796000000000000 -0.20852
0.798000000000000 -0.21509
0.800000000000000 -0.22168
0.802000000000000 -0.22831
0.804000000000000 -0.23498
0.806000000000000 -0.24168
0.808000000000000 -0.24841
0.810000000000000 -0.25519
0.812000000000000 -0.26200
0.814000000000000 -0.26885
0.816000000000000 -0.27574
0.818000000000000 -0.28268
0.820000000000000 -0.28966
0.822000000000000 -0.29668
0.824000000000000 -0.30375
0.826000000000000 -0.31086
0.828000000000000 -0.31803
0.830000000000000 -0.32525
0.832000000000000 -0.33251
0.834000000000000 -0.33984
0.836000000000000 -0.34722
0.838000000000000 -0.35466
0.840000000000000 -0.36216
0.842000000000000 -0.36972
0.844000000000000 -0.37735
0.846000000000000 -0.38505
0.848000000000000 -0.39281
0.850000000000000 -0.40066
0.852000000000000 -0.40858
0.854000000000000 -0.41658
0.856000000000000 -0.42466
0.858000000000000 -0.43284
0.860000000000000 -0.44111
0.862000000000000 -0.44947
0.864000000000000 -0.45794
0.866000000000000 -0.46652
0.868000000000000 -0.47521
0.870000000000000 -0.48403
0.872000000000000 -0.49297
0.874000000000000 -0.50204
0.876000000000000 -0.51126
0.878000000000000 -0.52064
0.880000000000000 -0.53017
0.882000000000000 -0.53988
0.884000000000000 -0.54977
0.886000000000000 -0.55985
0.888000000000000 -0.57014
0.890000000000000 -0.58065
0.892000000000000 -0.59137
0.894000000000000 -0.60230
0.896000000000000 -0.61342
0.898000000000000 -0.62466
0.900000000000000 -0.63588
0.902000000000000 -0.64672
0.904000000000000 -0.65640
0.906000000000000 -0.66317
0.908000000000000 -0.66372
0.910000000000000 -0.65537
0.912000000000000 -0.64095
0.914000000000000 -0.62468
0.916000000000000 -0.60822
0.918000000000000 -0.59203
0.920000000000000 -0.57624
0.922000000000000 -0.56084
0.924000000000000 -0.54580
0.926000000000000 -0.53109
0.928000000000000 -0.51668
0.930000000000000 -0.50252
0.932000000000000 -0.48861
0.934000000000000 -0.47489
0.936000000000000 -0.46137
0.938000000000000 -0.44801
0.940000000000000 -0.43480
0.942000000000000 -0.42172
0.944000000000000 -0.40876
0.946000000000000 -0.39591
0.948000000000000 -0.38315
0.950000000000000 -0.37048
0.952000000000000 -0.35788
0.954000000000000 -0.34534
0.956000000000000 -0.33286
0.958000000000000 -0.32043
0.960000000000000 -0.30804
0.962000000000000 -0.29568
0.964000000000000 -0.28334
0.966000000000000 -0.27103
0.968000000000000 -0.25872
0.970000000000000 -0.24642
0.972000000000000 -0.23412
0.974000000000000 -0.22181
0.976000000000000 -0.20949
0.978000000000000 -0.19715
0.980000000000000 -0.18478
0.982000000000000 -0.17237
0.984000000000000 -0.15993
0.986000000000000 -0.14743
0.988000000000000 -0.13488
0.990000000000000 -0.12226
0.992000000000000 -0.10958
0.994000000000000 -0.096807
0.996000000000000 -0.083948
0.998000000000000 -0.070988
1.00000000000000 -0.057916
1.00200000000000 -0.044721
1.00400000000000 -0.031389
1.00600000000000 -0.017906
1.00800000000000 -0.0042546
1.01000000000000 0.0095820
1.01200000000000 0.023625
1.01400000000000 0.037897
1.01600000000000 0.052427
1.01800000000000 0.067245
1.02000000000000 0.082388
1.02200000000000 0.097902
1.02400000000000 0.11384
1.02600000000000 0.13027
1.02800000000000 0.14728
1.03000000000000 0.16497
1.03200000000000 0.18348
1.03400000000000 0.20302
1.03600000000000 0.22385
1.03800000000000 0.24632
1.04000000000000 0.27070
1.04200000000000 0.29505
1.04400000000000 0.28821
1.04600000000000 0.25929
1.04800000000000 0.23287
1.05000000000000 0.20792
1.05200000000000 0.18388
1.05400000000000 0.16042
1.05600000000000 0.13732
1.05800000000000 0.11439
1.06000000000000 0.091460
1.06200000000000 0.068388
1.06400000000000 0.045013
1.06600000000000 0.021157
1.06800000000000 -0.0033925
1.07000000000000 -0.028918
1.07200000000000 -0.055816
1.07400000000000 -0.084700
1.07600000000000 -0.11662
1.07800000000000 -0.15356
1.08000000000000 -0.19616
1.08200000000000 -0.14623
1.08400000000000 -0.11481
1.08600000000000 -0.084494
1.08800000000000 -0.054455
1.09000000000000 -0.024070
1.09200000000000 0.0073006
1.09400000000000 0.040501
1.09600000000000 0.076903
1.09800000000000 0.11926
