x y
0.000000000000000 1
0.00200000000000000 0.99965
0.00400000000000000 0.99929
0.00600000000000000 0.99894
0.00800000000000000 0.99859
0.0100000000000000 0.99824
0.0120000000000000 0.99789
0.0140000000000000 0.99754
0.0160000000000000 0.99719
0.0180000000000000 0.99684
0.0200000000000000 0.99649
0.0220000000000000 0.99614
0.0240000000000000 0.99579
0.0260000000000000 0.99544
0.0280000000000000 0.99509
0.0300000000000000 0.99474
0.0320000000000000 0.99439
0.0340000000000000 0.99404
0.0360000000000000 0.99370
0.0380000000000000 0.99335
0.0400000000000000 0.99300
0.0420000000000000 0.99266
0.0440000000000000 0.99231
0.0460000000000000 0.99196
0.0480000000000000 0.99162
0.0500000000000000 0.99127
0.0520000000000000 0.99093
0.0540000000000000 0.99059
0.0560000000000000 0.99024
0.0580000000000000 0.98990
0.0600000000000000 0.98955
0.0620000000000000 0.98921
0.0640000000000000 0.98887
0.0660000000000000 0.98853
0.0680000000000000 0.98818
0.0700000000000000 0.98784
0.0720000000000000 0.98750
0.0740000000000000 0.98716
0.0760000000000000 0.98682
0.0780000000000000 0.98648
0.0800000000000000 0.98614
0.0820000000000000 0.98580
0.0840000000000000 0.98546
0.0860000000000000 0.98512
0.0880000000000000 0.98478
0.0900000000000000 0.98445
0.0920000000000000 0.98411
0.0940000000000000 0.98377
0.0960000000000000 0.98343
0.0980000000000000 0.98310
0.100000000000000 0.98276
0.102000000000000 0.98242
0.104000000000000 0.98209
0.106000000000000 0.98175
0.108000000000000 0.98142
0.110000000000000 0.98108
0.112000000000000 0.98075
0.114000000000000 0.98042
0.116000000000000 0.98008
0.118000000000000 0.97975
0.120000000000000 0.97942
0.122000000000000 0.97908
0.124000000000000 0.97875
0.126000000000000 0.97842
0.128000000000000 0.97809
0.130000000000000 0.97776
0.132000000000000 0.97743
0.134000000000000 0.97710
0.136000000000000 0.97677
0.138000000000000 0.97644
0.140000000000000 0.97611
0.142000000000000 0.97578
0.144000000000000 0.97545
0.146000000000000 0.97513
0.148000000000000 0.97480
0.150000000000000 0.97447
0.152000000000000 0.97414
0.154000000000000 0.97382
0.156000000000000 0.97349
0.158000000000000 0.97317
0.160000000000000 0.97284
0.162000000000000 0.97252
0.164000000000000 0.97219
0.166000000000000 0.97187
0.168000000000000 0.97154
0.170000000000000 0.97122
0.172000000000000 0.97090
0.174000000000000 0.97058
0.176000000000000 0.97025
0.178000000000000 0.96993
0.180000000000000 0.96961
0.182000000000000 0.96929
0.184000000000000 0.96897
0.186000000000000 0.96865
0.188000000000000 0.96833
0.190000000000000 0.96801
0.192000000000000 0.96769
0.194000000000000 0.96737
0.196000000000000 0.96705
0.198000000000000 0.96674
0.200000000000000 0.96642
0.202000000000000 0.96610
0.204000000000000 0.96579
0.206000000000000 0.96547
0.208000000000000 0.96515
0.210000000000000 0.96484
0.212000000000000 0.96452
0.214000000000000 0.96421
0.216000000000000 0.96389
0.218000000000000 0.96358
0.220000000000000 0.96327
0.222000000000000 0.96295
0.224000000000000 0.96264
0.226000000000000 0.96233
0.228000000000000 0.96202
0.230000000000000 0.96171
0.232000000000000 0.96140
0.234000000000000 0.96108
0.236000000000000 0.96077
0.238000000000000 0.96046
0.240000000000000 0.96016
0.242000000000000 0.95985
0.244000000000000 0.95954
0.246000000000000 0.95923
0.248000000000000 0.95892
0.250000000000000 0.95861
0.252000000000000 0.95831
0.254000000000000 0.95800
0.256000000000000 0.95770
0.258000000000000 0.95739
0.260000000000000 0.95708
0.262000000000000 0.95678
0.264000000000000 0.95648
0.266000000000000 0.95617
0.268000000000000 0.95587
0.270000000000000 0.95556
0.272000000000000 0.95526
0.274000000000000 0.95496
0.276000000000000 0.95466
0.278000000000000 0.95436
0.280000000000000 0.95405
0.282000000000000 0.95375
0.284000000000000 0.95345
0.286000000000000 0.95315
0.288000000000000 0.95286
0.290000000000000 0.95256
0.292000000000000 0.95226
0.294000000000000 0.95196
0.296000000000000 0.95166
0.298000000000000 0.95136
0.300000000000000 0.95107
0.302000000000000 0.95077
0.304000000000000 0.95048
0.306000000000000 0.95018
0.308000000000000 0.94989
0.310000000000000 0.94959
0.312000000000000 0.94930
0.314000000000000 0.94900
0.316000000000000 0.94871
0.318000000000000 0.94842
0.320000000000000 0.94812
0.322000000000000 0.94783
0.324000000000000 0.94754
0.326000000000000 0.94725
0.328000000000000 0.94696
0.330000000000000 0.94667
0.332000000000000 0.94638
0.334000000000000 0.94609
0.336000000000000 0.94580
0.338000000000000 0.94551
0.340000000000000 0.94522
0.342000000000000 0.94493
0.344000000000000 0.94465
0.346000000000000 0.94436
0.348000000000000 0.94407
0.350000000000000 0.94379
0.352000000000000 0.94350
0.354000000000000 0.94322
0.356000000000000 0.94293
0.358000000000000 0.94265
0.360000000000000 0.94236
0.362000000000000 0.94208
0.364000000000000 0.94180
0.366000000000000 0.94151
0.368000000000000 0.94123
0.370000000000000 0.94095
0.372000000000000 0.94067
0.374000000000000 0.94039
0.376000000000000 0.94011
0.378000000000000 0.93983
0.380000000000000 0.93955
0.382000000000000 0.93927
0.384000000000000 0.93899
0.386000000000000 0.93871
0.388000000000000 0.93844
0.390000000000000 0.93816
0.392000000000000 0.93788
0.394000000000000 0.93761
0.396000000000000 0.93733
0.398000000000000 0.93705
0.400000000000000 0.93678
0.402000000000000 0.93651
0.404000000000000 0.93623
0.406000000000000 0.93596
0.408000000000000 0.93569
0.410000000000000 0.93541
0.412000000000000 0.93514
0.414000000000000 0.93487
0.416000000000000 0.93460
0.418000000000000 0.93433
0.420000000000000 0.93405
0.422000000000000 0.93378
0.424000000000000 0.93351
0.426000000000000 0.93325
0.428000000000000 0.93298
0.430000000000000 0.93271
0.432000000000000 0.93244
0.434000000000000 0.93217
0.436000000000000 0.93191
0.438000000000000 0.93164
0.440000000000000 0.93137
0.442000000000000 0.93111
0.444000000000000 0.93084
0.446000000000000 0.93058
0.448000000000000 0.93032
0.450000000000000 0.93005
0.452000000000000 0.92979
0.454000000000000 0.92952
0.456000000000000 0.92926
0.458000000000000 0.92900
0.460000000000000 0.92874
0.462000000000000 0.92848
0.464000000000000 0.92822
0.466000000000000 0.92796
0.468000000000000 0.92770
0.470000000000000 0.92744
0.472000000000000 0.92718
0.474000000000000 0.92692
0.476000000000000 0.92666
0.478000000000000 0.92641
0.480000000000000 0.92615
0.482000000000000 0.92589
0.484000000000000 0.92564
0.486000000000000 0.92538
0.488000000000000 0.92513
0.490000000000000 0.92487
0.492000000000000 0.92462
0.494000000000000 0.92436
0.496000000000000 0.92411
0.498000000000000 0.92386
0.500000000000000 0.92360
0.502000000000000 0.92335
0.504000000000000 0.92310
0.506000000000000 0.92285
0.508000000000000 0.92260
0.510000000000000 0.92235
0.512000000000000 0.92210
0.514000000000000 0.92185
0.516000000000000 0.92160
0.518000000000000 0.92135
0.520000000000000 0.92111
0.522000000000000 0.92086
0.524000000000000 0.92061
0.526000000000000 0.92037
0.528000000000000 0.92012
0.530000000000000 0.91987
0.532000000000000 0.91963
0.534000000000000 0.91938
0.536000000000000 0.91914
0.538000000000000 0.91889
0.540000000000000 0.91865
0.542000000000000 0.91841
0.544000000000000 0.91817
0.546000000000000 0.91792
0.548000000000000 0.91768
0.550000000000000 0.91744
0.552000000000000 0.91720
0.554000000000000 0.91696
0.556000000000000 0.91672
0.558000000000000 0.91648
0.560000000000000 0.91624
0.562000000000000 0.91601
0.564000000000000 0.91577
0.566000000000000 0.91553
0.568000000000000 0.91529
0.570000000000000 0.91506
0.572000000000000 0.91482
0.574000000000000 0.91459
0.576000000000000 0.91435
0.578000000000000 0.91412
0.580000000000000 0.91388
0.582000000000000 0.91365
0.584000000000000 0.91341
0.586000000000000 0.91318
0.588000000000000 0.91295
0.590000000000000 0.91272
0.592000000000000 0.91249
0.594000000000000 0.91225
0.596000000000000 0.91202
0.598000000000000 0.91179
0.600000000000000 0.91156
0.602000000000000 0.91133
0.604000000000000 0.91111
0.606000000000000 0.91088
0.608000000000000 0.91065
0.610000000000000 0.91042
0.612000000000000 0.91020
0.614000000000000 0.90997
0.616000000000000 0.90974
0.618000000000000 0.90952
0.620000000000000 0.90929
0.622000000000000 0.90907
0.624000000000000 0.90884
0.626000000000000 0.90862
0.628000000000000 0.90840
0.630000000000000 0.90817
0.632000000000000 0.90795
0.634000000000000 0.90773
0.636000000000000 0.90751
0.638000000000000 0.90729
0.640000000000000 0.90707
0.642000000000000 0.90685
0.644000000000000 0.90662
0.646000000000000 0.90641
0.648000000000000 0.90619
0.650000000000000 0.90597
0.652000000000000 0.90575
0.654000000000000 0.90553
0.656000000000000 0.90531
0.658000000000000 0.90510
0.660000000000000 0.90488
0.662000000000000 0.90467
0.664000000000000 0.90445
0.666000000000000 0.90424
0.668000000000000 0.90402
0.670000000000000 0.90381
0.672000000000000 0.90359
0.674000000000000 0.90338
0.676000000000000 0.90317
0.678000000000000 0.90296
0.680000000000000 0.90274
0.682000000000000 0.90253
0.684000000000000 0.90232
0.686000000000000 0.90211
0.688000000000000 0.90190
0.690000000000000 0.90169
0.692000000000000 0.90148
0.694000000000000 0.90127
0.696000000000000 0.90106
0.698000000000000 0.90086
0.700000000000000 0.90065
0.702000000000000 0.90044
0.704000000000000 0.90023
0.706000000000000 0.90003
0.708000000000000 0.89982
0.710000000000000 0.89962
0.712000000000000 0.89941
0.714000000000000 0.89921
0.716000000000000 0.89900
0.718000000000000 0.89880
0.720000000000000 0.89860
0.722000000000000 0.89839
0.724000000000000 0.89819
0.726000000000000 0.89799
0.728000000000000 0.89779
0.730000000000000 0.89759
0.732000000000000 0.89739
0.734000000000000 0.89719
0.736000000000000 0.89699
0.738000000000000 0.89679
0.740000000000000 0.89659
0.742000000000000 0.89639
0.744000000000000 0.89619
0.746000000000000 0.89599
0.748000000000000 0.89580
0.750000000000000 0.89560
0.752000000000000 0.89540
0.754000000000000 0.89521
0.756000000000000 0.89501
0.758000000000000 0.89482
0.760000000000000 0.89462
0.762000000000000 0.89443
0.764000000000000 0.89423
0.766000000000000 0.89404
0.768000000000000 0.89385
0.770000000000000 0.89365
0.772000000000000 0.89346
0.774000000000000 0.89327
0.776000000000000 0.89308
0.778000000000000 0.89289
0.780000000000000 0.89270
0.782000000000000 0.89250
0.784000000000000 0.89231
0.786000000000000 0.89213
0.788000000000000 0.89194
0.790000000000000 0.89175
0.792000000000000 0.89156
0.794000000000000 0.89137
0.796000000000000 0.89118
0.798000000000000 0.89100
0.800000000000000 0.89081
0.802000000000000 0.89062
0.804000000000000 0.89044
0.806000000000000 0.89025
0.808000000000000 0.89007
0.810000000000000 0.88988
0.812000000000000 0.88970
0.814000000000000 0.88951
0.816000000000000 0.88933
0.818000000000000 0.88915
0.820000000000000 0.88896
0.822000000000000 0.88878
0.824000000000000 0.88860
0.826000000000000 0.88842
0.828000000000000 0.88824
0.830000000000000 0.88806
0.832000000000000 0.88788
0.834000000000000 0.88770
0.836000000000000 0.88752
0.838000000000000 0.88734
0.840000000000000 0.88716
0.842000000000000 0.88698
0.844000000000000 0.88680
0.846000000000000 0.88662
0.848000000000000 0.88645
0.850000000000000 0.88627
0.852000000000000 0.88609
0.854000000000000 0.88592
0.856000000000000 0.88574
0.858000000000000 0.88557
0.860000000000000 0.88539
0.862000000000000 0.88522
0.864000000000000 0.88504
0.866000000000000 0.88487
0.868000000000000 0.88469
0.870000000000000 0.88452
0.872000000000000 0.88435
0.874000000000000 0.88418
0.876000000000000 0.88400
0.878000000000000 0.88383
0.880000000000000 0.88366
0.882000000000000 0.88349
0.884000000000000 0.88332
0.886000000000000 0.88315
0.888000000000000 0.88298
0.890000000000000 0.88281
0.892000000000000 0.88264
0.894000000000000 0.88247
0.896000000000000 0.88230
0.898000000000000 0.88213
0.900000000000000 0.88196
0.902000000000000 0.88180
0.904000000000000 0.88163
0.906000000000000 0.88146
0.908000000000000 0.88130
0.910000000000000 0.88113
0.912000000000000 0.88096
0.914000000000000 0.88080
0.916000000000000 0.88063
0.918000000000000 0.88047
0.920000000000000 0.88031
0.922000000000000 0.88014
0.924000000000000 0.87998
0.926000000000000 0.87981
0.928000000000000 0.87965
0.930000000000000 0.87949
0.932000000000000 0.87933
0.934000000000000 0.87916
0.936000000000000 0.87900
0.938000000000000 0.87884
0.940000000000000 0.87868
0.942000000000000 0.87852
0.944000000000000 0.87836
0.946000000000000 0.87820
0.948000000000000 0.87804
0.950000000000000 0.87788
0.952000000000000 0.87772
0.954000000000000 0.87756
0.956000000000000 0.87740
0.958000000000000 0.87724
0.960000000000000 0.87709
0.962000000000000 0.87693
0.964000000000000 0.87677
0.966000000000000 0.87661
0.968000000000000 0.87646
0.970000000000000 0.87630
0.972000000000000 0.87615
0.974000000000000 0.87599
0.976000000000000 0.87583
0.978000000000000 0.87568
0.980000000000000 0.87552
0.982000000000000 0.87537
0.984000000000000 0.87522
0.986000000000000 0.87506
0.988000000000000 0.87491
0.990000000000000 0.87475
0.992000000000000 0.87460
0.994000000000000 0.87445
0.996000000000000 0.87430
0.998000000000000 0.87415
1.00000000000000 0.87399
1.00200000000000 0.87384
1.00400000000000 0.87369
1.00600000000000 0.87354
1.00800000000000 0.87339
1.01000000000000 0.87324
1.01200000000000 0.87309
1.01400000000000 0.87294
1.01600000000000 0.87279
1.01800000000000 0.87264
1.02000000000000 0.87249
1.02200000000000 0.87234
1.02400000000000 0.87219
1.02600000000000 0.87205
1.02800000000000 0.87190
1.03000000000000 0.87175
1.03200000000000 0.87160
1.03400000000000 0.87146
1.03600000000000 0.87131
1.03800000000000 0.87116
1.04000000000000 0.87102
1.04200000000000 0.87087
1.04400000000000 0.87073
1.04600000000000 0.87058
1.04800000000000 0.87044
1.05000000000000 0.87029
1.05200000000000 0.87015
1.05400000000000 0.87000
1.05600000000000 0.86986
1.05800000000000 0.86971
1.06000000000000 0.86957
1.06200000000000 0.86943
1.06400000000000 0.86928
1.06600000000000 0.86914
1.06800000000000 0.86900
1.07000000000000 0.86886
1.07200000000000 0.86871
1.07400000000000 0.86857
1.07600000000000 0.86843
1.07800000000000 0.86829
1.08000000000000 0.86815
1.08200000000000 0.86801
1.08400000000000 0.86786
1.08600000000000 0.86772
1.08800000000000 0.86758
1.09000000000000 0.86744
1.09200000000000 0.86730
1.09400000000000 0.86716
1.09600000000000 0.86703
1.09800000000000 0.86689
1.10000000000000 0.86675
1.10200000000000 0.86661
1.10400000000000 0.86647
1.10600000000000 0.86633
1.10800000000000 0.86619
1.11000000000000 0.86606
1.11200000000000 0.86592
1.11400000000000 0.86578
1.11600000000000 0.86564
1.11800000000000 0.86551
1.12000000000000 0.86537
1.12200000000000 0.86523
1.12400000000000 0.86510
1.12600000000000 0.86496
1.12800000000000 0.86482
1.13000000000000 0.86469
1.13200000000000 0.86455
1.13400000000000 0.86442
1.13600000000000 0.86428
1.13800000000000 0.86415
1.14000000000000 0.86401
1.14200000000000 0.86388
1.14400000000000 0.86374
1.14600000000000 0.86361
1.14800000000000 0.86347
1.15000000000000 0.86334
1.15200000000000 0.86321
1.15400000000000 0.86307
1.15600000000000 0.86294
1.15800000000000 0.86281
1.16000000000000 0.86267
1.16200000000000 0.86254
1.16400000000000 0.86241
1.16600000000000 0.86228
1.16800000000000 0.86214
1.17000000000000 0.86201
1.17200000000000 0.86188
1.17400000000000 0.86175
1.17600000000000 0.86162
1.17800000000000 0.86148
1.18000000000000 0.86135
1.18200000000000 0.86122
1.18400000000000 0.86109
1.18600000000000 0.86096
1.18800000000000 0.86083
1.19000000000000 0.86070
1.19200000000000 0.86057
1.19400000000000 0.86044
1.19600000000000 0.86031
1.19800000000000 0.86018
1.20000000000000 0.86005
1.20200000000000 0.85992
1.20400000000000 0.85979
1.20600000000000 0.85966
1.20800000000000 0.85953
1.21000000000000 0.85940
1.21200000000000 0.85927
1.21400000000000 0.85914
1.21600000000000 0.85901
1.21800000000000 0.85888
1.22000000000000 0.85875
1.22200000000000 0.85863
1.22400000000000 0.85850
1.22600000000000 0.85837
1.22800000000000 0.85824
1.23000000000000 0.85811
1.23200000000000 0.85798
1.23400000000000 0.85786
1.23600000000000 0.85773
1.23800000000000 0.85760
1.24000000000000 0.85747
1.24200000000000 0.85735
1.24400000000000 0.85722
1.24600000000000 0.85709
1.24800000000000 0.85696
1.25000000000000 0.85684
1.25200000000000 0.85671
1.25400000000000 0.85658
1.25600000000000 0.85646
1.25800000000000 0.85633
1.26000000000000 0.85620
1.26200000000000 0.85608
1.26400000000000 0.85595
1.26600000000000 0.85582
1.26800000000000 0.85570
1.27000000000000 0.85557
1.27200000000000 0.85544
1.27400000000000 0.85532
1.27600000000000 0.85519
1.27800000000000 0.85507
1.28000000000000 0.85494
1.28200000000000 0.85482
1.28400000000000 0.85469
1.28600000000000 0.85456
1.28800000000000 0.85444
1.29000000000000 0.85431
1.29200000000000 0.85419
1.29400000000000 0.85406
1.29600000000000 0.85394
1.29800000000000 0.85381
1.30000000000000 0.85369
1.30200000000000 0.85356
1.30400000000000 0.85344
1.30600000000000 0.85331
1.30800000000000 0.85319
1.31000000000000 0.85306
1.31200000000000 0.85294
1.31400000000000 0.85281
1.31600000000000 0.85269
1.31800000000000 0.85256
1.32000000000000 0.85244
1.32200000000000 0.85231
1.32400000000000 0.85219
1.32600000000000 0.85206
1.32800000000000 0.85194
1.33000000000000 0.85181
1.33200000000000 0.85169
1.33400000000000 0.85156
1.33600000000000 0.85144
1.33800000000000 0.85131
1.34000000000000 0.85119
1.34200000000000 0.85106
1.34400000000000 0.85094
1.34600000000000 0.85081
1.34800000000000 0.85069
1.35000000000000 0.85056
1.35200000000000 0.85044
1.35400000000000 0.85031
1.35600000000000 0.85019
1.35800000000000 0.85006
1.36000000000000 0.84994
1.36200000000000 0.84981
1.36400000000000 0.84969
1.36600000000000 0.84956
1.36800000000000 0.84944
1.37000000000000 0.84931
1.37200000000000 0.84919
1.37400000000000 0.84906
1.37600000000000 0.84894
1.37800000000000 0.84881
1.38000000000000 0.84869
1.38200000000000 0.84856
1.38400000000000 0.84844
1.38600000000000 0.84831
1.38800000000000 0.84819
1.39000000000000 0.84806
1.39200000000000 0.84794
1.39400000000000 0.84781
1.39600000000000 0.84769
1.39800000000000 0.84756
1.40000000000000 0.84744
1.40200000000000 0.84731
1.40400000000000 0.84719
1.40600000000000 0.84706
1.40800000000000 0.84694
1.41000000000000 0.84681
1.41200000000000 0.84669
1.41400000000000 0.84656
1.41600000000000 0.84644
1.41800000000000 0.84631
1.42000000000000 0.84618
1.42200000000000 0.84606
1.42400000000000 0.84593
1.42600000000000 0.84581
1.42800000000000 0.84568
1.43000000000000 0.84556
1.43200000000000 0.84543
1.43400000000000 0.84530
1.43600000000000 0.84518
1.43800000000000 0.84505
1.44000000000000 0.84492
1.44200000000000 0.84480
1.44400000000000 0.84467
1.44600000000000 0.84454
1.44800000000000 0.84442
1.45000000000000 0.84429
1.45200000000000 0.84416
1.45400000000000 0.84404
1.45600000000000 0.84391
1.45800000000000 0.84378
1.46000000000000 0.84366
1.46200000000000 0.84353
1.46400000000000 0.84340
1.46600000000000 0.84327
1.46800000000000 0.84314
1.47000000000000 0.84302
1.47200000000000 0.84289
1.47400000000000 0.84276
1.47600000000000 0.84263
1.47800000000000 0.84250
1.48000000000000 0.84238
1.48200000000000 0.84225
1.48400000000000 0.84212
1.48600000000000 0.84199
1.48800000000000 0.84186
1.49000000000000 0.84173
1.49200000000000 0.84160
1.49400000000000 0.84147
1.49600000000000 0.84134
1.49800000000000 0.84121
1.50000000000000 0.84108
1.50200000000000 0.84095
1.50400000000000 0.84082
1.50600000000000 0.84069
1.50800000000000 0.84056
1.51000000000000 0.84043
1.51200000000000 0.84030
1.51400000000000 0.84017
1.51600000000000 0.84004
1.51800000000000 0.83991
1.52000000000000 0.83978
1.52200000000000 0.83965
1.52400000000000 0.83951
1.52600000000000 0.83938
1.52800000000000 0.83925
1.53000000000000 0.83912
1.53200000000000 0.83899
1.53400000000000 0.83885
1.53600000000000 0.83872
1.53800000000000 0.83859
1.54000000000000 0.83846
1.54200000000000 0.83832
1.54400000000000 0.83819
1.54600000000000 0.83805
1.54800000000000 0.83792
1.55000000000000 0.83779
1.55200000000000 0.83765
1.55400000000000 0.83752
1.55600000000000 0.83738
1.55800000000000 0.83725
1.56000000000000 0.83711
1.56200000000000 0.83698
1.56400000000000 0.83684
1.56600000000000 0.83671
1.56800000000000 0.83657
1.57000000000000 0.83644
1.57200000000000 0.83630
1.57400000000000 0.83616
1.57600000000000 0.83603
1.57800000000000 0.83589
1.58000000000000 0.83575
1.58200000000000 0.83562
1.58400000000000 0.83548
1.58600000000000 0.83534
1.58800000000000 0.83520
1.59000000000000 0.83506
1.59200000000000 0.83493
1.59400000000000 0.83479
1.59600000000000 0.83465
1.59800000000000 0.83451
1.60000000000000 0.83437
1.60200000000000 0.83423
1.60400000000000 0.83409
1.60600000000000 0.83395
1.60800000000000 0.83381
1.61000000000000 0.83367
1.61200000000000 0.83353
1.61400000000000 0.83339
1.61600000000000 0.83325
1.61800000000000 0.83310
1.62000000000000 0.83296
1.62200000000000 0.83282
1.62400000000000 0.83268
1.62600000000000 0.83253
1.62800000000000 0.83239
1.63000000000000 0.83225
1.63200000000000 0.83210
1.63400000000000 0.83196
1.63600000000000 0.83182
1.63800000000000 0.83167
1.64000000000000 0.83153
1.64200000000000 0.83138
1.64400000000000 0.83124
1.64600000000000 0.83109
1.64800000000000 0.83095
1.65000000000000 0.83080
1.65200000000000 0.83065
1.65400000000000 0.83051
1.65600000000000 0.83036
1.65800000000000 0.83021
1.66000000000000 0.83006
1.66200000000000 0.82992
1.66400000000000 0.82977
1.66600000000000 0.82962
1.66800000000000 0.82947
1.67000000000000 0.82932
1.67200000000000 0.82917
1.67400000000000 0.82902
1.67600000000000 0.82887
1.67800000000000 0.82872
1.68000000000000 0.82857
1.68200000000000 0.82842
1.68400000000000 0.82827
1.68600000000000 0.82812
1.68800000000000 0.82796
1.69000000000000 0.82781
1.69200000000000 0.82766
1.69400000000000 0.82751
1.69600000000000 0.82735
1.69800000000000 0.82720
1.70000000000000 0.82704
1.70200000000000 0.82689
1.70400000000000 0.82674
1.70600000000000 0.82658
1.70800000000000 0.82642
1.71000000000000 0.82627
1.71200000000000 0.82611
1.71400000000000 0.82596
1.71600000000000 0.82580
1.71800000000000 0.82564
1.72000000000000 0.82548
1.72200000000000 0.82533
1.72400000000000 0.82517
1.72600000000000 0.82501
1.72800000000000 0.82485
1.73000000000000 0.82469
1.73200000000000 0.82453
1.73400000000000 0.82437
1.73600000000000 0.82421
1.73800000000000 0.82405
1.74000000000000 0.82388
1.74200000000000 0.82372
1.74400000000000 0.82356
1.74600000000000 0.82340
1.74800000000000 0.82323
1.75000000000000 0.82307
1.75200000000000 0.82291
1.75400000000000 0.82274
1.75600000000000 0.82258
1.75800000000000 0.82241
1.76000000000000 0.82225
1.76200000000000 0.82208
1.76400000000000 0.82192
1.76600000000000 0.82175
1.76800000000000 0.82158
1.77000000000000 0.82141
1.77200000000000 0.82125
1.77400000000000 0.82108
1.77600000000000 0.82091
1.77800000000000 0.82074
1.78000000000000 0.82057
1.78200000000000 0.82040
1.78400000000000 0.82023
1.78600000000000 0.82006
1.78800000000000 0.81989
1.79000000000000 0.81971
1.79200000000000 0.81954
1.79400000000000 0.81937
1.79600000000000 0.81920
1.79800000000000 0.81902
1.80000000000000 0.81885
1.80200000000000 0.81867
1.80400000000000 0.81850
1.80600000000000 0.81832
1.80800000000000 0.81815
1.81000000000000 0.81797
1.81200000000000 0.81779
1.81400000000000 0.81761
1.81600000000000 0.81744
1.81800000000000 0.81726
1.82000000000000 0.81708
1.82200000000000 0.81690
1.82400000000000 0.81672
1.82600000000000 0.81654
1.82800000000000 0.81636
1.83000000000000 0.81618
1.83200000000000 0.81599
1.83400000000000 0.81581
1.83600000000000 0.81563
1.83800000000000 0.81545
1.84000000000000 0.81526
1.84200000000000 0.81508
1.84400000000000 0.81489
1.84600000000000 0.81471
1.84800000000000 0.81452
1.85000000000000 0.81434
1.85200000000000 0.81415
1.85400000000000 0.81396
1.85600000000000 0.81377
1.85800000000000 0.81359
1.86000000000000 0.81340
1.86200000000000 0.81321
1.86400000000000 0.81302
1.86600000000000 0.81283
1.86800000000000 0.81264
1.87000000000000 0.81244
1.87200000000000 0.81225
1.87400000000000 0.81206
1.87600000000000 0.81187
1.87800000000000 0.81167
1.88000000000000 0.81148
1.88200000000000 0.81129
1.88400000000000 0.81109
1.88600000000000 0.81089
1.88800000000000 0.81070
1.89000000000000 0.81050
1.89200000000000 0.81030
1.89400000000000 0.81011
1.89600000000000 0.80991
1.89800000000000 0.80971
1.90000000000000 0.80951
1.90200000000000 0.80931
1.90400000000000 0.80911
1.90600000000000 0.80891
1.90800000000000 0.80870
1.91000000000000 0.80850
1.91200000000000 0.80830
1.91400000000000 0.80809
1.91600000000000 0.80789
1.91800000000000 0.80768
1.92000000000000 0.80748
1.92200000000000 0.80727
1.92400000000000 0.80707
1.92600000000000 0.80686
1.92800000000000 0.80665
1.93000000000000 0.80644
1.93200000000000 0.80623
1.93400000000000 0.80602
1.93600000000000 0.80581
1.93800000000000 0.80560
1.94000000000000 0.80539
1.94200000000000 0.80518
1.94400000000000 0.80497
1.94600000000000 0.80475
1.94800000000000 0.80454
1.95000000000000 0.80433
1.95200000000000 0.80411
1.95400000000000 0.80389
1.95600000000000 0.80368
1.95800000000000 0.80346
1.96000000000000 0.80324
1.96200000000000 0.80303
1.96400000000000 0.80281
1.96600000000000 0.80259
1.96800000000000 0.80237
1.97000000000000 0.80215
1.97200000000000 0.80192
1.97400000000000 0.80170
1.97600000000000 0.80148
1.97800000000000 0.80126
1.98000000000000 0.80103
1.98200000000000 0.80081
1.98400000000000 0.80058
1.98600000000000 0.80035
1.98800000000000 0.80013
1.99000000000000 0.79990
1.99200000000000 0.79967
1.99400000000000 0.79944
1.99600000000000 0.79921
1.99800000000000 0.79898
2.00000000000000 0.79875
2.00200000000000 0.79852
2.00400000000000 0.79829
2.00600000000000 0.79806
2.00800000000000 0.79782
2.01000000000000 0.79759
2.01200000000000 0.79735
2.01400000000000 0.79712
2.01600000000000 0.79688
2.01800000000000 0.79664
2.02000000000000 0.79641
2.02200000000000 0.79617
2.02400000000000 0.79593
2.02600000000000 0.79569
2.02800000000000 0.79545
2.03000000000000 0.79521
2.03200000000000 0.79496
2.03400000000000 0.79472
2.03600000000000 0.79448
2.03800000000000 0.79423
2.04000000000000 0.79399
2.04200000000000 0.79374
2.04400000000000 0.79350
2.04600000000000 0.79325
2.04800000000000 0.79300
2.05000000000000 0.79275
2.05200000000000 0.79250
2.05400000000000 0.79225
2.05600000000000 0.79200
2.05800000000000 0.79175
2.06000000000000 0.79150
2.06200000000000 0.79125
2.06400000000000 0.79099
2.06600000000000 0.79074
2.06800000000000 0.79048
2.07000000000000 0.79023
2.07200000000000 0.78997
2.07400000000000 0.78971
2.07600000000000 0.78945
2.07800000000000 0.78919
2.08000000000000 0.78893
2.08200000000000 0.78867
2.08400000000000 0.78841
2.08600000000000 0.78815
2.08800000000000 0.78788
2.09000000000000 0.78762
2.09200000000000 0.78736
2.09400000000000 0.78709
2.09600000000000 0.78682
2.09800000000000 0.78656
2.10000000000000 0.78629
2.10200000000000 0.78602
2.10400000000000 0.78575
2.10600000000000 0.78548
2.10800000000000 0.78521
2.11000000000000 0.78494
2.11200000000000 0.78466
2.11400000000000 0.78439
2.11600000000000 0.78411
2.11800000000000 0.78384
2.12000000000000 0.78356
2.12200000000000 0.78329
2.12400000000000 0.78301
2.12600000000000 0.78273
2.12800000000000 0.78245
2.13000000000000 0.78217
2.13200000000000 0.78189
2.13400000000000 0.78161
2.13600000000000 0.78132
2.13800000000000 0.78104
2.14000000000000 0.78075
2.14200000000000 0.78047
2.14400000000000 0.78018
2.14600000000000 0.77989
2.14800000000000 0.77961
2.15000000000000 0.77932
2.15200000000000 0.77903
2.15400000000000 0.77874
2.15600000000000 0.77845
2.15800000000000 0.77815
2.16000000000000 0.77786
2.16200000000000 0.77756
2.16400000000000 0.77727
2.16600000000000 0.77697
2.16800000000000 0.77668
2.17000000000000 0.77638
2.17200000000000 0.77608
2.17400000000000 0.77578
2.17600000000000 0.77548
2.17800000000000 0.77518
2.18000000000000 0.77488
2.18200000000000 0.77457
2.18400000000000 0.77427
2.18600000000000 0.77396
2.18800000000000 0.77366
2.19000000000000 0.77335
2.19200000000000 0.77304
2.19400000000000 0.77273
2.19600000000000 0.77242
2.19800000000000 0.77211
2.20000000000000 0.77180
2.20200000000000 0.77149
2.20400000000000 0.77117
2.20600000000000 0.77086
2.20800000000000 0.77054
2.21000000000000 0.77023
2.21200000000000 0.76991
2.21400000000000 0.76959
2.21600000000000 0.76927
2.21800000000000 0.76895
2.22000000000000 0.76863
2.22200000000000 0.76831
2.22400000000000 0.76798
2.22600000000000 0.76766
2.22800000000000 0.76733
2.23000000000000 0.76701
2.23200000000000 0.76668
2.23400000000000 0.76635
2.23600000000000 0.76602
2.23800000000000 0.76569
2.24000000000000 0.76536
2.24200000000000 0.76503
2.24400000000000 0.76470
2.24600000000000 0.76436
2.24800000000000 0.76403
2.25000000000000 0.76369
2.25200000000000 0.76335
2.25400000000000 0.76301
2.25600000000000 0.76267
2.25800000000000 0.76233
2.26000000000000 0.76199
2.26200000000000 0.76165
2.26400000000000 0.76131
2.26600000000000 0.76096
2.26800000000000 0.76062
2.27000000000000 0.76027
2.27200000000000 0.75992
2.27400000000000 0.75957
2.27600000000000 0.75922
2.27800000000000 0.75887
2.28000000000000 0.75852
2.28200000000000 0.75817
2.28400000000000 0.75781
2.28600000000000 0.75746
2.28800000000000 0.75710
2.29000000000000 0.75674
2.29200000000000 0.75638
2.29400000000000 0.75603
2.29600000000000 0.75566
2.29800000000000 0.75530
2.30000000000000 0.75494
2.30200000000000 0.75458
2.30400000000000 0.75421
2.30600000000000 0.75384
2.30800000000000 0.75348
2.31000000000000 0.75311
2.31200000000000 0.75274
2.31400000000000 0.75237
2.31600000000000 0.75200
2.31800000000000 0.75162
2.32000000000000 0.75125
2.32200000000000 0.75087
2.32400000000000 0.75050
2.32600000000000 0.75012
2.32800000000000 0.74974
2.33000000000000 0.74936
2.33200000000000 0.74898
2.33400000000000 0.74860
2.33600000000000 0.74822
2.33800000000000 0.74783
2.34000000000000 0.74745
2.34200000000000 0.74706
2.34400000000000 0.74667
2.34600000000000 0.74628
2.34800000000000 0.74589
2.35000000000000 0.74550
2.35200000000000 0.74511
2.35400000000000 0.74471
2.35600000000000 0.74432
2.35800000000000 0.74392
2.36000000000000 0.74352
2.36200000000000 0.74312
2.36400000000000 0.74273
2.36600000000000 0.74232
2.36800000000000 0.74192
2.37000000000000 0.74152
2.37200000000000 0.74111
2.37400000000000 0.74071
2.37600000000000 0.74030
2.37800000000000 0.73989
2.38000000000000 0.73948
2.38200000000000 0.73907
2.38400000000000 0.73866
2.38600000000000 0.73825
2.38800000000000 0.73783
2.39000000000000 0.73741
2.39200000000000 0.73700
2.39400000000000 0.73658
2.39600000000000 0.73616
2.39800000000000 0.73574
2.40000000000000 0.73531
2.40200000000000 0.73489
2.40400000000000 0.73447
2.40600000000000 0.73404
2.40800000000000 0.73361
2.41000000000000 0.73318
2.41200000000000 0.73275
2.41400000000000 0.73232
2.41600000000000 0.73189
2.41800000000000 0.73145
2.42000000000000 0.73102
2.42200000000000 0.73058
2.42400000000000 0.73014
2.42600000000000 0.72970
2.42800000000000 0.72926
2.43000000000000 0.72882
2.43200000000000 0.72838
2.43400000000000 0.72793
2.43600000000000 0.72749
2.43800000000000 0.72704
2.44000000000000 0.72659
2.44200000000000 0.72614
2.44400000000000 0.72569
2.44600000000000 0.72524
2.44800000000000 0.72478
2.45000000000000 0.72433
2.45200000000000 0.72387
2.45400000000000 0.72341
2.45600000000000 0.72295
2.45800000000000 0.72249
2.46000000000000 0.72203
2.46200000000000 0.72156
2.46400000000000 0.72110
2.46600000000000 0.72063
2.46800000000000 0.72016
2.47000000000000 0.71969
2.47200000000000 0.71922
2.47400000000000 0.71875
2.47600000000000 0.71827
2.47800000000000 0.71780
2.48000000000000 0.71732
2.48200000000000 0.71684
2.48400000000000 0.71636
2.48600000000000 0.71588
2.48800000000000 0.71540
2.49000000000000 0.71491
2.49200000000000 0.71443
2.49400000000000 0.71394
2.49600000000000 0.71345
2.49800000000000 0.71296
2.50000000000000 0.71247
2.50200000000000 0.71197
2.50400000000000 0.71148
2.50600000000000 0.71098
2.50800000000000 0.71048
2.51000000000000 0.70998
2.51200000000000 0.70948
2.51400000000000 0.70898
2.51600000000000 0.70847
2.51800000000000 0.70797
2.52000000000000 0.70746
2.52200000000000 0.70695
2.52400000000000 0.70644
2.52600000000000 0.70593
2.52800000000000 0.70542
2.53000000000000 0.70490
2.53200000000000 0.70438
2.53400000000000 0.70387
2.53600000000000 0.70335
2.53800000000000 0.70282
2.54000000000000 0.70230
2.54200000000000 0.70178
2.54400000000000 0.70125
2.54600000000000 0.70072
2.54800000000000 0.70019
2.55000000000000 0.69966
2.55200000000000 0.69913
2.55400000000000 0.69859
2.55600000000000 0.69806
2.55800000000000 0.69752
2.56000000000000 0.69698
2.56200000000000 0.69644
2.56400000000000 0.69589
2.56600000000000 0.69535
2.56800000000000 0.69480
2.57000000000000 0.69425
2.57200000000000 0.69370
2.57400000000000 0.69315
2.57600000000000 0.69260
2.57800000000000 0.69204
2.58000000000000 0.69149
2.58200000000000 0.69093
2.58400000000000 0.69037
2.58600000000000 0.68981
2.58800000000000 0.68924
2.59000000000000 0.68868
2.59200000000000 0.68811
2.59400000000000 0.68754
2.59600000000000 0.68697
2.59800000000000 0.68640
2.60000000000000 0.68582
2.60200000000000 0.68525
2.60400000000000 0.68467
2.60600000000000 0.68409
2.60800000000000 0.68351
2.61000000000000 0.68292
2.61200000000000 0.68234
2.61400000000000 0.68175
2.61600000000000 0.68116
2.61800000000000 0.68057
2.62000000000000 0.67998
2.62200000000000 0.67938
2.62400000000000 0.67878
2.62600000000000 0.67818
2.62800000000000 0.67758
2.63000000000000 0.67698
2.63200000000000 0.67638
2.63400000000000 0.67577
2.63600000000000 0.67517
2.63800000000000 0.67456
2.64000000000000 0.67394
2.64200000000000 0.67333
2.64400000000000 0.67271
2.64600000000000 0.67210
2.64800000000000 0.67148
2.65000000000000 0.67085
2.65200000000000 0.67023
2.65400000000000 0.66960
2.65600000000000 0.66898
2.65800000000000 0.66835
2.66000000000000 0.66772
2.66200000000000 0.66708
2.66400000000000 0.66645
2.66600000000000 0.66581
2.66800000000000 0.66517
2.67000000000000 0.66453
2.67200000000000 0.66388
2.67400000000000 0.66324
2.67600000000000 0.66259
2.67800000000000 0.66194
2.68000000000000 0.66129
2.68200000000000 0.66063
2.68400000000000 0.65998
2.68600000000000 0.65932
2.68800000000000 0.65866
2.69000000000000 0.65799
2.69200000000000 0.65733
2.69400000000000 0.65666
2.69600000000000 0.65599
2.69800000000000 0.65532
2.70000000000000 0.65465
2.70200000000000 0.65397
2.70400000000000 0.65329
2.70600000000000 0.65261
2.70800000000000 0.65193
2.71000000000000 0.65125
2.71200000000000 0.65056
2.71400000000000 0.64987
2.71600000000000 0.64918
2.71800000000000 0.64848
2.72000000000000 0.64779
2.72200000000000 0.64709
2.72400000000000 0.64639
2.72600000000000 0.64569
2.72800000000000 0.64498
2.73000000000000 0.64427
2.73200000000000 0.64356
2.73400000000000 0.64285
2.73600000000000 0.64214
2.73800000000000 0.64142
2.74000000000000 0.64070
2.74200000000000 0.63998
2.74400000000000 0.63925
2.74600000000000 0.63853
2.74800000000000 0.63780
2.75000000000000 0.63707
2.75200000000000 0.63633
2.75400000000000 0.63560
2.75600000000000 0.63486
2.75800000000000 0.63412
2.76000000000000 0.63337
2.76200000000000 0.63263
2.76400000000000 0.63188
2.76600000000000 0.63113
2.76800000000000 0.63037
2.77000000000000 0.62961
2.77200000000000 0.62886
2.77400000000000 0.62809
2.77600000000000 0.62733
2.77800000000000 0.62656
2.78000000000000 0.62579
2.78200000000000 0.62502
2.78400000000000 0.62425
2.78600000000000 0.62347
2.78800000000000 0.62269
2.79000000000000 0.62191
2.79200000000000 0.62112
2.79400000000000 0.62033
2.79600000000000 0.61954
2.79800000000000 0.61875
2.80000000000000 0.61795
2.80200000000000 0.61715
2.80400000000000 0.61635
2.80600000000000 0.61554
2.80800000000000 0.61474
2.81000000000000 0.61393
2.81200000000000 0.61311
2.81400000000000 0.61230
2.81600000000000 0.61148
2.81800000000000 0.61065
2.82000000000000 0.60983
2.82200000000000 0.60900
2.82400000000000 0.60817
2.82600000000000 0.60734
2.82800000000000 0.60650
2.83000000000000 0.60566
2.83200000000000 0.60482
2.83400000000000 0.60397
2.83600000000000 0.60312
2.83800000000000 0.60227
2.84000000000000 0.60142
2.84200000000000 0.60056
2.84400000000000 0.59970
2.84600000000000 0.59883
2.84800000000000 0.59797
2.85000000000000 0.59710
2.85200000000000 0.59622
2.85400000000000 0.59535
2.85600000000000 0.59447
2.85800000000000 0.59358
2.86000000000000 0.59270
2.86200000000000 0.59181
2.86400000000000 0.59092
2.86600000000000 0.59002
2.86800000000000 0.58912
2.87000000000000 0.58822
2.87200000000000 0.58731
2.87400000000000 0.58640
2.87600000000000 0.58549
2.87800000000000 0.58457
2.88000000000000 0.58365
2.88200000000000 0.58273
2.88400000000000 0.58180
2.88600000000000 0.58087
2.88800000000000 0.57994
2.89000000000000 0.57900
2.89200000000000 0.57806
2.89400000000000 0.57712
2.89600000000000 0.57617
2.89800000000000 0.57522
2.90000000000000 0.57426
2.90200000000000 0.57330
2.90400000000000 0.57234
2.90600000000000 0.57137
2.90800000000000 0.57040
2.91000000000000 0.56943
2.91200000000000 0.56845
2.91400000000000 0.56747
2.91600000000000 0.56649
2.91800000000000 0.56550
2.92000000000000 0.56450
2.92200000000000 0.56351
2.92400000000000 0.56250
2.92600000000000 0.56150
2.92800000000000 0.56049
2.93000000000000 0.55948
2.93200000000000 0.55846
2.93400000000000 0.55744
2.93600000000000 0.55641
2.93800000000000 0.55538
2.94000000000000 0.55435
2.94200000000000 0.55331
2.94400000000000 0.55227
2.94600000000000 0.55122
2.94800000000000 0.55017
2.95000000000000 0.54912
2.95200000000000 0.54806
2.95400000000000 0.54700
2.95600000000000 0.54593
2.95800000000000 0.54485
2.96000000000000 0.54378
2.96200000000000 0.54270
2.96400000000000 0.54161
2.96600000000000 0.54052
2.96800000000000 0.53942
2.97000000000000 0.53832
2.97200000000000 0.53722
2.97400000000000 0.53611
2.97600000000000 0.53500
2.97800000000000 0.53388
2.98000000000000 0.53275
2.98200000000000 0.53162
2.98400000000000 0.53049
2.98600000000000 0.52935
2.98800000000000 0.52821
2.99000000000000 0.52706
2.99200000000000 0.52590
2.99400000000000 0.52474
2.99600000000000 0.52358
2.99800000000000 0.52241
3.00000000000000 0.52124
3.00200000000000 0.52006
3.00400000000000 0.51887
3.00600000000000 0.51768
3.00800000000000 0.51649
3.01000000000000 0.51528
3.01200000000000 0.51408
3.01400000000000 0.51286
3.01600000000000 0.51165
3.01800000000000 0.51042
3.02000000000000 0.50919
3.02200000000000 0.50796
3.02400000000000 0.50671
3.02600000000000 0.50547
3.02800000000000 0.50421
3.03000000000000 0.50296
3.03200000000000 0.50169
3.03400000000000 0.50042
3.03600000000000 0.49914
3.03800000000000 0.49786
3.04000000000000 0.49657
3.04200000000000 0.49527
3.04400000000000 0.49397
3.04600000000000 0.49266
3.04800000000000 0.49134
3.05000000000000 0.49002
3.05200000000000 0.48869
3.05400000000000 0.48736
3.05600000000000 0.48601
3.05800000000000 0.48466
3.06000000000000 0.48331
3.06200000000000 0.48194
3.06400000000000 0.48057
3.06600000000000 0.47920
3.06800000000000 0.47781
3.07000000000000 0.47642
3.07200000000000 0.47502
3.07400000000000 0.47361
3.07600000000000 0.47220
3.07800000000000 0.47077
3.08000000000000 0.46934
3.08200000000000 0.46791
3.08400000000000 0.46646
3.08600000000000 0.46501
3.08800000000000 0.46354
3.09000000000000 0.46207
3.09200000000000 0.46060
3.09400000000000 0.45911
3.09600000000000 0.45761
3.09800000000000 0.45611
3.10000000000000 0.45460
3.10200000000000 0.45308
3.10400000000000 0.45155
3.10600000000000 0.45001
3.10800000000000 0.44846
3.11000000000000 0.44690
3.11200000000000 0.44533
3.11400000000000 0.44376
3.11600000000000 0.44217
3.11800000000000 0.44057
3.12000000000000 0.43897
3.12200000000000 0.43735
3.12400000000000 0.43573
3.12600000000000 0.43409
3.12800000000000 0.43244
3.13000000000000 0.43079
3.13200000000000 0.42912
3.13400000000000 0.42744
3.13600000000000 0.42575
3.13800000000000 0.42405
3.14000000000000 0.42234
3.14200000000000 0.42061
3.14400000000000 0.41888
3.14600000000000 0.41713
3.14800000000000 0.41537
3.15000000000000 0.41360
3.15200000000000 0.41181
3.15400000000000 0.41002
3.15600000000000 0.40821
3.15800000000000 0.40638
3.16000000000000 0.40455
3.16200000000000 0.40270
3.16400000000000 0.40084
3.16600000000000 0.39896
3.16800000000000 0.39707
3.17000000000000 0.39516
3.17200000000000 0.39324
3.17400000000000 0.39131
3.17600000000000 0.38936
3.17800000000000 0.38739
3.18000000000000 0.38541
3.18200000000000 0.38341
3.18400000000000 0.38140
3.18600000000000 0.37937
3.18800000000000 0.37732
3.19000000000000 0.37526
3.19200000000000 0.37318
3.19400000000000 0.37108
3.19600000000000 0.36896
3.19800000000000 0.36682
3.20000000000000 0.36466
3.20200000000000 0.36249
3.20400000000000 0.36029
3.20600000000000 0.35808
3.20800000000000 0.35584
3.21000000000000 0.35358
3.21200000000000 0.35130
3.21400000000000 0.34900
3.21600000000000 0.34668
3.21800000000000 0.34433
3.22000000000000 0.34196
3.22200000000000 0.33956
3.22400000000000 0.33714
3.22600000000000 0.33469
3.22800000000000 0.33222
3.23000000000000 0.32972
3.23200000000000 0.32719
3.23400000000000 0.32464
3.23600000000000 0.32205
3.23800000000000 0.31943
3.24000000000000 0.31679
3.24200000000000 0.31411
3.24400000000000 0.31140
3.24600000000000 0.30865
3.24800000000000 0.30587
3.25000000000000 0.30306
3.25200000000000 0.30021
3.25400000000000 0.29732
3.25600000000000 0.29439
3.25800000000000 0.29142
3.26000000000000 0.28840
3.26200000000000 0.28535
3.26400000000000 0.28225
3.26600000000000 0.27910
3.26800000000000 0.27590
3.27000000000000 0.27265
3.27200000000000 0.26936
3.27400000000000 0.26600
3.27600000000000 0.26259
3.27800000000000 0.25912
3.28000000000000 0.25559
3.28200000000000 0.25199
3.28400000000000 0.24833
3.28600000000000 0.24460
3.28800000000000 0.24079
3.29000000000000 0.23690
3.29200000000000 0.23294
3.29400000000000 0.22888
3.29600000000000 0.22474
3.29800000000000 0.22050
3.30000000000000 0.21616
3.30200000000000 0.21172
3.30400000000000 0.20715
3.30600000000000 0.20247
3.30800000000000 0.19766
3.31000000000000 0.19272
3.31200000000000 0.18762
3.31400000000000 0.18237
3.31600000000000 0.17694
3.31800000000000 0.17133
3.32000000000000 0.16552
3.32200000000000 0.15949
3.32400000000000 0.15323
3.32600000000000 0.14670
3.32800000000000 0.13989
3.33000000000000 0.13276
3.33200000000000 0.12527
3.33400000000000 0.11740
3.33600000000000 0.10908
3.33800000000000 0.10027
3.34000000000000 0.090900
3.34200000000000 0.080893
3.34400000000000 0.070167
3.34600000000000 0.058629
3.34800000000000 0.046187
3.35000000000000 0.032764
3.35200000000000 0.018334
3.35400000000000 0.0029690
3.35600000000000 -0.013086
3.35800000000000 -0.029386
3.36000000000000 -0.045345
3.36200000000000 -0.060421
3.36400000000000 -0.074278
3.36600000000000 -0.086820
3.36800000000000 -0.098111
3.37000000000000 -0.10829
3.37200000000000 -0.11750
3.37400000000000 -0.12589
3.37600000000000 -0.13358
3.37800000000000 -0.14067
3.38000000000000 -0.14723
3.38200000000000 -0.15335
3.38400000000000 -0.15906
3.38600000000000 -0.16443
3.38800000000000 -0.16949
3.39000000000000 -0.17428
3.39200000000000 -0.17881
3.39400000000000 -0.18312
3.39600000000000 -0.18723
3.39800000000000 -0.19115
3.40000000000000 -0.19490
3.40200000000000 -0.19849
3.40400000000000 -0.20194
3.40600000000000 -0.20525
3.40800000000000 -0.20844
3.41000000000000 -0.21151
3.41200000000000 -0.21447
3.41400000000000 -0.21733
3.41600000000000 -0.22010
3.41800000000000 -0.22277
3.42000000000000 -0.22536
3.42200000000000 -0.22787
3.42400000000000 -0.23030
3.42600000000000 -0.23266
3.42800000000000 -0.23494
3.43000000000000 -0.23717
3.43200000000000 -0.23933
3.43400000000000 -0.24143
3.43600000000000 -0.24347
3.43800000000000 -0.24545
3.44000000000000 -0.24739
3.44200000000000 -0.24927
3.44400000000000 -0.25110
3.44600000000000 -0.25289
3.44800000000000 -0.25463
3.45000000000000 -0.25633
3.45200000000000 -0.25798
3.45400000000000 -0.25960
3.45600000000000 -0.26117
3.45800000000000 -0.26271
3.46000000000000 -0.26421
3.46200000000000 -0.26567
3.46400000000000 -0.26710
3.46600000000000 -0.26849
3.46800000000000 -0.26985
3.47000000000000 -0.27118
3.47200000000000 -0.27248
3.47400000000000 -0.27374
3.47600000000000 -0.27498
3.47800000000000 -0.27619
3.48000000000000 -0.27737
3.48200000000000 -0.27852
3.48400000000000 -0.27964
3.48600000000000 -0.28074
3.48800000000000 -0.28181
3.49000000000000 -0.28286
3.49200000000000 -0.28388
3.49400000000000 -0.28488
3.49600000000000 -0.28585
3.49800000000000 -0.28680
3.50000000000000 -0.28772
3.50200000000000 -0.28863
3.50400000000000 -0.28951
3.50600000000000 -0.29037
3.50800000000000 -0.29121
3.51000000000000 -0.29202
3.51200000000000 -0.29282
3.51400000000000 -0.29359
3.51600000000000 -0.29435
3.51800000000000 -0.29508
3.52000000000000 -0.29580
3.52200000000000 -0.29650
3.52400000000000 -0.29717
3.52600000000000 -0.29783
3.52800000000000 -0.29847
3.53000000000000 -0.29909
3.53200000000000 -0.29969
3.53400000000000 -0.30028
3.53600000000000 -0.30084
3.53800000000000 -0.30139
3.54000000000000 -0.30193
3.54200000000000 -0.30244
3.54400000000000 -0.30294
3.54600000000000 -0.30342
3.54800000000000 -0.30388
3.55000000000000 -0.30433
3.55200000000000 -0.30476
3.55400000000000 -0.30517
3.55600000000000 -0.30557
3.55800000000000 -0.30595
3.56000000000000 -0.30632
3.56200000000000 -0.30667
3.56400000000000 -0.30700
3.56600000000000 -0.30732
3.56800000000000 -0.30763
3.57000000000000 -0.30792
3.57200000000000 -0.30819
3.57400000000000 -0.30844
3.57600000000000 -0.30869
3.57800000000000 -0.30891
3.58000000000000 -0.30912
3.58200000000000 -0.30932
3.58400000000000 -0.30950
3.58600000000000 -0.30967
3.58800000000000 -0.30982
3.59000000000000 -0.30996
3.59200000000000 -0.31008
3.59400000000000 -0.31019
3.59600000000000 -0.31028
3.59800000000000 -0.31036
3.60000000000000 -0.31043
3.60200000000000 -0.31047
3.60400000000000 -0.31051
3.60600000000000 -0.31053
3.60800000000000 -0.31054
3.61000000000000 -0.31053
3.61200000000000 -0.31050
3.61400000000000 -0.31047
3.61600000000000 -0.31041
3.61800000000000 -0.31035
3.62000000000000 -0.31026
3.62200000000000 -0.31017
3.62400000000000 -0.31006
3.62600000000000 -0.30993
3.62800000000000 -0.30979
3.63000000000000 -0.30964
3.63200000000000 -0.30947
3.63400000000000 -0.30929
3.63600000000000 -0.30909
3.63800000000000 -0.30888
3.64000000000000 -0.30865
3.64200000000000 -0.30840
3.64400000000000 -0.30815
3.64600000000000 -0.30787
3.64800000000000 -0.30759
3.65000000000000 -0.30728
3.65200000000000 -0.30697
3.65400000000000 -0.30663
3.65600000000000 -0.30629
3.65800000000000 -0.30592
3.66000000000000 -0.30554
3.66200000000000 -0.30515
3.66400000000000 -0.30474
3.66600000000000 -0.30431
3.66800000000000 -0.30387
3.67000000000000 -0.30341
3.67200000000000 -0.30294
3.67400000000000 -0.30245
3.67600000000000 -0.30194
3.67800000000000 -0.30142
3.68000000000000 -0.30088
3.68200000000000 -0.30032
3.68400000000000 -0.29975
3.68600000000000 -0.29916
3.68800000000000 -0.29855
3.69000000000000 -0.29793
3.69200000000000 -0.29729
3.69400000000000 -0.29663
3.69600000000000 -0.29595
3.69800000000000 -0.29526
3.70000000000000 -0.29454
3.70200000000000 -0.29381
3.70400000000000 -0.29306
3.70600000000000 -0.29229
3.70800000000000 -0.29150
3.71000000000000 -0.29069
3.71200000000000 -0.28987
3.71400000000000 -0.28902
3.71600000000000 -0.28815
3.71800000000000 -0.28726
3.72000000000000 -0.28636
3.72200000000000 -0.28543
3.72400000000000 -0.28448
3.72600000000000 -0.28350
3.72800000000000 -0.28251
3.73000000000000 -0.28149
3.73200000000000 -0.28045
3.73400000000000 -0.27939
3.73600000000000 -0.27830
3.73800000000000 -0.27719
3.74000000000000 -0.27606
3.74200000000000 -0.27490
3.74400000000000 -0.27371
3.74600000000000 -0.27250
3.74800000000000 -0.27127
3.75000000000000 -0.27000
3.75200000000000 -0.26871
3.75400000000000 -0.26739
3.75600000000000 -0.26604
3.75800000000000 -0.26466
3.76000000000000 -0.26326
3.76200000000000 -0.26182
3.76400000000000 -0.26035
3.76600000000000 -0.25885
3.76800000000000 -0.25731
3.77000000000000 -0.25574
3.77200000000000 -0.25414
3.77400000000000 -0.25250
3.77600000000000 -0.25082
3.77800000000000 -0.24911
3.78000000000000 -0.24735
3.78200000000000 -0.24556
3.78400000000000 -0.24372
3.78600000000000 -0.24184
3.78800000000000 -0.23992
3.79000000000000 -0.23795
3.79200000000000 -0.23593
3.79400000000000 -0.23387
3.79600000000000 -0.23175
3.79800000000000 -0.22958
3.80000000000000 -0.22735
3.80200000000000 -0.22506
3.80400000000000 -0.22272
3.80600000000000 -0.22031
3.80800000000000 -0.21784
3.81000000000000 -0.21529
3.81200000000000 -0.21268
3.81400000000000 -0.20999
3.81600000000000 -0.20721
3.81800000000000 -0.20436
3.82000000000000 -0.20141
3.82200000000000 -0.19837
3.82400000000000 -0.19523
3.82600000000000 -0.19198
3.82800000000000 -0.18862
3.83000000000000 -0.18514
3.83200000000000 -0.18152
3.83400000000000 -0.17776
3.83600000000000 -0.17385
3.83800000000000 -0.16977
3.84000000000000 -0.16551
3.84200000000000 -0.16105
3.84400000000000 -0.15637
3.84600000000000 -0.15144
3.84800000000000 -0.14624
3.85000000000000 -0.14073
3.85200000000000 -0.13487
3.85400000000000 -0.12860
3.85600000000000 -0.12186
3.85800000000000 -0.11457
3.86000000000000 -0.10660
3.86200000000000 -0.097808
3.86400000000000 -0.087979
3.86600000000000 -0.076802
3.86800000000000 -0.063803
3.87000000000000 -0.048229
3.87200000000000 -0.028838
3.87400000000000 -0.0037589
3.87600000000000 0.027598
3.87800000000000 0.055872
3.88000000000000 0.073674
3.88200000000000 0.085706
3.88400000000000 0.094654
3.88600000000000 0.10169
3.88800000000000 0.10741
3.89000000000000 0.11216
3.89200000000000 0.11615
3.89400000000000 0.11953
3.89600000000000 0.12241
3.89800000000000 0.12485
3.90000000000000 0.12691
3.90200000000000 0.12863
3.90400000000000 0.13005
3.90600000000000 0.13120
3.90800000000000 0.13209
3.91000000000000 0.13274
3.91200000000000 0.13316
3.91400000000000 0.13336
3.91600000000000 0.13335
3.91800000000000 0.13313
3.92000000000000 0.13271
3.92200000000000 0.13209
3.92400000000000 0.13127
3.92600000000000 0.13024
3.92800000000000 0.12900
3.93000000000000 0.12755
3.93200000000000 0.12586
3.93400000000000 0.12394
3.93600000000000 0.12177
3.93800000000000 0.11932
3.94000000000000 0.11658
3.94200000000000 0.11352
3.94400000000000 0.11008
3.94600000000000 0.10624
3.94800000000000 0.10192
3.95000000000000 0.097028
3.95200000000000 0.091454
3.95400000000000 0.085020
3.95600000000000 0.077464
3.95800000000000 0.068355
3.96000000000000 0.056922
3.96200000000000 0.041555
3.96400000000000 0.018014
3.96600000000000 -0.029060
3.96800000000000 -0.063295
3.97000000000000 -0.070302
3.97200000000000 -0.074167
