x y
0.000000000000000 -3
0.00200000000000000 -2.9981
0.00400000000000000 -2.9961
0.00600000000000000 -2.9942
0.00800000000000000 -2.9923
0.0100000000000000 -2.9903
0.0120000000000000 -2.9884
0.0140000000000000 -2.9864
0.0160000000000000 -2.9845
0.0180000000000000 -2.9825
0.0200000000000000 -2.9806
0.0220000000000000 -2.9787
0.0240000000000000 -2.9767
0.0260000000000000 -2.9748
0.0280000000000000 -2.9728
0.0300000000000000 -2.9709
0.0320000000000000 -2.9689
0.0340000000000000 -2.9670
0.0360000000000000 -2.9650
0.0380000000000000 -2.9631
0.0400000000000000 -2.9611
0.0420000000000000 -2.9592
0.0440000000000000 -2.9572
0.0460000000000000 -2.9553
0.0480000000000000 -2.9533
0.0500000000000000 -2.9514
0.0520000000000000 -2.9494
0.0540000000000000 -2.9474
0.0560000000000000 -2.9455
0.0580000000000000 -2.9435
0.0600000000000000 -2.9416
0.0620000000000000 -2.9396
0.0640000000000000 -2.9376
0.0660000000000000 -2.9357
0.0680000000000000 -2.9337
0.0700000000000000 -2.9317
0.0720000000000000 -2.9298
0.0740000000000000 -2.9278
0.0760000000000000 -2.9258
0.0780000000000000 -2.9239
0.0800000000000000 -2.9219
0.0820000000000000 -2.9199
0.0840000000000000 -2.9180
0.0860000000000000 -2.9160
0.0880000000000000 -2.9140
0.0900000000000000 -2.9121
0.0920000000000000 -2.9101
0.0940000000000000 -2.9081
0.0960000000000000 -2.9061
0.0980000000000000 -2.9042
0.100000000000000 -2.9022
0.102000000000000 -2.9002
0.104000000000000 -2.8982
0.106000000000000 -2.8962
0.108000000000000 -2.8943
0.110000000000000 -2.8923
0.112000000000000 -2.8903
0.114000000000000 -2.8883
0.116000000000000 -2.8863
0.118000000000000 -2.8843
0.120000000000000 -2.8824
0.122000000000000 -2.8804
0.124000000000000 -2.8784
0.126000000000000 -2.8764
0.128000000000000 -2.8744
0.130000000000000 -2.8724
0.132000000000000 -2.8704
0.134000000000000 -2.8684
0.136000000000000 -2.8664
0.138000000000000 -2.8644
0.140000000000000 -2.8625
0.142000000000000 -2.8605
0.144000000000000 -2.8585
0.146000000000000 -2.8565
0.148000000000000 -2.8545
0.150000000000000 -2.8525
0.152000000000000 -2.8505
0.154000000000000 -2.8485
0.156000000000000 -2.8465
0.158000000000000 -2.8445
0.160000000000000 -2.8425
0.162000000000000 -2.8405
0.164000000000000 -2.8385
0.166000000000000 -2.8365
0.168000000000000 -2.8344
0.170000000000000 -2.8324
0.172000000000000 -2.8304
0.174000000000000 -2.8284
0.176000000000000 -2.8264
0.178000000000000 -2.8244
0.180000000000000 -2.8224
0.182000000000000 -2.8204
0.184000000000000 -2.8184
0.186000000000000 -2.8164
0.188000000000000 -2.8143
0.190000000000000 -2.8123
0.192000000000000 -2.8103
0.194000000000000 -2.8083
0.196000000000000 -2.8063
0.198000000000000 -2.8043
0.200000000000000 -2.8022
0.202000000000000 -2.8002
0.204000000000000 -2.7982
0.206000000000000 -2.7962
0.208000000000000 -2.7942
0.210000000000000 -2.7921
0.212000000000000 -2.7901
0.214000000000000 -2.7881
0.216000000000000 -2.7861
0.218000000000000 -2.7840
0.220000000000000 -2.7820
0.222000000000000 -2.7800
0.224000000000000 -2.7780
0.226000000000000 -2.7759
0.228000000000000 -2.7739
0.230000000000000 -2.7719
0.232000000000000 -2.7698
0.234000000000000 -2.7678
0.236000000000000 -2.7658
0.238000000000000 -2.7637
0.240000000000000 -2.7617
0.242000000000000 -2.7597
0.244000000000000 -2.7576
0.246000000000000 -2.7556
0.248000000000000 -2.7535
0.250000000000000 -2.7515
0.252000000000000 -2.7495
0.254000000000000 -2.7474
0.256000000000000 -2.7454
0.258000000000000 -2.7433
0.260000000000000 -2.7413
0.262000000000000 -2.7393
0.264000000000000 -2.7372
0.266000000000000 -2.7352
0.268000000000000 -2.7331
0.270000000000000 -2.7311
0.272000000000000 -2.7290
0.274000000000000 -2.7270
0.276000000000000 -2.7249
0.278000000000000 -2.7229
0.280000000000000 -2.7208
0.282000000000000 -2.7188
0.284000000000000 -2.7167
0.286000000000000 -2.7147
0.288000000000000 -2.7126
0.290000000000000 -2.7105
0.292000000000000 -2.7085
0.294000000000000 -2.7064
0.296000000000000 -2.7044
0.298000000000000 -2.7023
0.300000000000000 -2.7003
0.302000000000000 -2.6982
0.304000000000000 -2.6961
0.306000000000000 -2.6941
0.308000000000000 -2.6920
0.310000000000000 -2.6899
0.312000000000000 -2.6879
0.314000000000000 -2.6858
0.316000000000000 -2.6838
0.318000000000000 -2.6817
0.320000000000000 -2.6796
0.322000000000000 -2.6776
0.324000000000000 -2.6755
0.326000000000000 -2.6734
0.328000000000000 -2.6713
0.330000000000000 -2.6693
0.332000000000000 -2.6672
0.334000000000000 -2.6651
0.336000000000000 -2.6631
0.338000000000000 -2.6610
0.340000000000000 -2.6589
0.342000000000000 -2.6568
0.344000000000000 -2.6548
0.346000000000000 -2.6527
0.348000000000000 -2.6506
0.350000000000000 -2.6485
0.352000000000000 -2.6464
0.354000000000000 -2.6444
0.356000000000000 -2.6423
0.358000000000000 -2.6402
0.360000000000000 -2.6381
0.362000000000000 -2.6360
0.364000000000000 -2.6339
0.366000000000000 -2.6319
0.368000000000000 -2.6298
0.370000000000000 -2.6277
0.372000000000000 -2.6256
0.374000000000000 -2.6235
0.376000000000000 -2.6214
0.378000000000000 -2.6193
0.380000000000000 -2.6172
0.382000000000000 -2.6151
0.384000000000000 -2.6131
0.386000000000000 -2.6110
0.388000000000000 -2.6089
0.390000000000000 -2.6068
0.392000000000000 -2.6047
0.394000000000000 -2.6026
0.396000000000000 -2.6005
0.398000000000000 -2.5984
0.400000000000000 -2.5963
0.402000000000000 -2.5942
0.404000000000000 -2.5921
0.406000000000000 -2.5900
0.408000000000000 -2.5879
0.410000000000000 -2.5858
0.412000000000000 -2.5837
0.414000000000000 -2.5816
0.416000000000000 -2.5795
0.418000000000000 -2.5774
0.420000000000000 -2.5753
0.422000000000000 -2.5732
0.424000000000000 -2.5711
0.426000000000000 -2.5689
0.428000000000000 -2.5668
0.430000000000000 -2.5647
0.432000000000000 -2.5626
0.434000000000000 -2.5605
0.436000000000000 -2.5584
0.438000000000000 -2.5563
0.440000000000000 -2.5542
0.442000000000000 -2.5521
0.444000000000000 -2.5499
0.446000000000000 -2.5478
0.448000000000000 -2.5457
0.450000000000000 -2.5436
0.452000000000000 -2.5415
0.454000000000000 -2.5394
0.456000000000000 -2.5372
0.458000000000000 -2.5351
0.460000000000000 -2.5330
0.462000000000000 -2.5309
0.464000000000000 -2.5288
0.466000000000000 -2.5266
0.468000000000000 -2.5245
0.470000000000000 -2.5224
0.472000000000000 -2.5203
0.474000000000000 -2.5181
0.476000000000000 -2.5160
0.478000000000000 -2.5139
0.480000000000000 -2.5117
0.482000000000000 -2.5096
0.484000000000000 -2.5075
0.486000000000000 -2.5054
0.488000000000000 -2.5032
0.490000000000000 -2.5011
0.492000000000000 -2.4990
0.494000000000000 -2.4968
0.496000000000000 -2.4947
0.498000000000000 -2.4926
0.500000000000000 -2.4904
0.502000000000000 -2.4883
0.504000000000000 -2.4862
0.506000000000000 -2.4840
0.508000000000000 -2.4819
0.510000000000000 -2.4797
0.512000000000000 -2.4776
0.514000000000000 -2.4755
0.516000000000000 -2.4733
0.518000000000000 -2.4712
0.520000000000000 -2.4690
0.522000000000000 -2.4669
0.524000000000000 -2.4648
0.526000000000000 -2.4626
0.528000000000000 -2.4605
0.530000000000000 -2.4583
0.532000000000000 -2.4562
0.534000000000000 -2.4540
0.536000000000000 -2.4519
0.538000000000000 -2.4497
0.540000000000000 -2.4476
0.542000000000000 -2.4454
0.544000000000000 -2.4433
0.546000000000000 -2.4411
0.548000000000000 -2.4390
0.550000000000000 -2.4368
0.552000000000000 -2.4347
0.554000000000000 -2.4325
0.556000000000000 -2.4304
0.558000000000000 -2.4282
0.560000000000000 -2.4261
0.562000000000000 -2.4239
0.564000000000000 -2.4217
0.566000000000000 -2.4196
0.568000000000000 -2.4174
0.570000000000000 -2.4153
0.572000000000000 -2.4131
0.574000000000000 -2.4109
0.576000000000000 -2.4088
0.578000000000000 -2.4066
0.580000000000000 -2.4045
0.582000000000000 -2.4023
0.584000000000000 -2.4001
0.586000000000000 -2.3980
0.588000000000000 -2.3958
0.590000000000000 -2.3936
0.592000000000000 -2.3915
0.594000000000000 -2.3893
0.596000000000000 -2.3871
0.598000000000000 -2.3850
0.600000000000000 -2.3828
0.602000000000000 -2.3806
0.604000000000000 -2.3785
0.606000000000000 -2.3763
0.608000000000000 -2.3741
0.610000000000000 -2.3719
0.612000000000000 -2.3698
0.614000000000000 -2.3676
0.616000000000000 -2.3654
0.618000000000000 -2.3633
0.620000000000000 -2.3611
0.622000000000000 -2.3589
0.624000000000000 -2.3567
0.626000000000000 -2.3545
0.628000000000000 -2.3524
0.630000000000000 -2.3502
0.632000000000000 -2.3480
0.634000000000000 -2.3458
0.636000000000000 -2.3436
0.638000000000000 -2.3415
0.640000000000000 -2.3393
0.642000000000000 -2.3371
0.644000000000000 -2.3349
0.646000000000000 -2.3327
0.648000000000000 -2.3305
0.650000000000000 -2.3284
0.652000000000000 -2.3262
0.654000000000000 -2.3240
0.656000000000000 -2.3218
0.658000000000000 -2.3196
0.660000000000000 -2.3174
0.662000000000000 -2.3152
0.664000000000000 -2.3130
0.666000000000000 -2.3109
0.668000000000000 -2.3087
0.670000000000000 -2.3065
0.672000000000000 -2.3043
0.674000000000000 -2.3021
0.676000000000000 -2.2999
0.678000000000000 -2.2977
0.680000000000000 -2.2955
0.682000000000000 -2.2933
0.684000000000000 -2.2911
0.686000000000000 -2.2889
0.688000000000000 -2.2867
0.690000000000000 -2.2845
0.692000000000000 -2.2823
0.694000000000000 -2.2801
0.696000000000000 -2.2779
0.698000000000000 -2.2757
0.700000000000000 -2.2735
0.702000000000000 -2.2713
0.704000000000000 -2.2691
0.706000000000000 -2.2669
0.708000000000000 -2.2647
0.710000000000000 -2.2625
0.712000000000000 -2.2603
0.714000000000000 -2.2581
0.716000000000000 -2.2559
0.718000000000000 -2.2537
0.720000000000000 -2.2515
0.722000000000000 -2.2493
0.724000000000000 -2.2471
0.726000000000000 -2.2449
0.728000000000000 -2.2427
0.730000000000000 -2.2405
0.732000000000000 -2.2382
0.734000000000000 -2.2360
0.736000000000000 -2.2338
0.738000000000000 -2.2316
0.740000000000000 -2.2294
0.742000000000000 -2.2272
0.744000000000000 -2.2250
0.746000000000000 -2.2228
0.748000000000000 -2.2205
0.750000000000000 -2.2183
0.752000000000000 -2.2161
0.754000000000000 -2.2139
0.756000000000000 -2.2117
0.758000000000000 -2.2095
0.760000000000000 -2.2072
0.762000000000000 -2.2050
0.764000000000000 -2.2028
0.766000000000000 -2.2006
0.768000000000000 -2.1984
0.770000000000000 -2.1961
0.772000000000000 -2.1939
0.774000000000000 -2.1917
0.776000000000000 -2.1895
0.778000000000000 -2.1873
0.780000000000000 -2.1850
0.782000000000000 -2.1828
0.784000000000000 -2.1806
0.786000000000000 -2.1784
0.788000000000000 -2.1761
0.790000000000000 -2.1739
0.792000000000000 -2.1717
0.794000000000000 -2.1695
0.796000000000000 -2.1672
0.798000000000000 -2.1650
0.800000000000000 -2.1628
0.802000000000000 -2.1605
0.804000000000000 -2.1583
0.806000000000000 -2.1561
0.808000000000000 -2.1538
0.810000000000000 -2.1516
0.812000000000000 -2.1494
0.814000000000000 -2.1472
0.816000000000000 -2.1449
0.818000000000000 -2.1427
0.820000000000000 -2.1404
0.822000000000000 -2.1382
0.824000000000000 -2.1360
0.826000000000000 -2.1337
0.828000000000000 -2.1315
0.830000000000000 -2.1293
0.832000000000000 -2.1270
0.834000000000000 -2.1248
0.836000000000000 -2.1226
0.838000000000000 -2.1203
0.840000000000000 -2.1181
0.842000000000000 -2.1158
0.844000000000000 -2.1136
0.846000000000000 -2.1114
0.848000000000000 -2.1091
0.850000000000000 -2.1069
0.852000000000000 -2.1046
0.854000000000000 -2.1024
0.856000000000000 -2.1001
0.858000000000000 -2.0979
0.860000000000000 -2.0957
0.862000000000000 -2.0934
0.864000000000000 -2.0912
0.866000000000000 -2.0889
0.868000000000000 -2.0867
0.870000000000000 -2.0844
0.872000000000000 -2.0822
0.874000000000000 -2.0799
0.876000000000000 -2.0777
0.878000000000000 -2.0754
0.880000000000000 -2.0732
0.882000000000000 -2.0709
0.884000000000000 -2.0687
0.886000000000000 -2.0664
0.888000000000000 -2.0642
0.890000000000000 -2.0619
0.892000000000000 -2.0597
0.894000000000000 -2.0574
0.896000000000000 -2.0552
0.898000000000000 -2.0529
0.900000000000000 -2.0506
0.902000000000000 -2.0484
0.904000000000000 -2.0461
0.906000000000000 -2.0439
0.908000000000000 -2.0416
0.910000000000000 -2.0394
0.912000000000000 -2.0371
0.914000000000000 -2.0349
0.916000000000000 -2.0326
0.918000000000000 -2.0303
0.920000000000000 -2.0281
0.922000000000000 -2.0258
0.924000000000000 -2.0236
0.926000000000000 -2.0213
0.928000000000000 -2.0190
0.930000000000000 -2.0168
0.932000000000000 -2.0145
0.934000000000000 -2.0122
0.936000000000000 -2.0100
0.938000000000000 -2.0077
0.940000000000000 -2.0055
0.942000000000000 -2.0032
0.944000000000000 -2.0009
0.946000000000000 -1.9987
0.948000000000000 -1.9964
0.950000000000000 -1.9941
0.952000000000000 -1.9919
0.954000000000000 -1.9896
0.956000000000000 -1.9873
0.958000000000000 -1.9851
0.960000000000000 -1.9828
0.962000000000000 -1.9805
0.964000000000000 -1.9782
0.966000000000000 -1.9760
0.968000000000000 -1.9737
0.970000000000000 -1.9714
0.972000000000000 -1.9692
0.974000000000000 -1.9669
0.976000000000000 -1.9646
0.978000000000000 -1.9623
0.980000000000000 -1.9601
0.982000000000000 -1.9578
0.984000000000000 -1.9555
0.986000000000000 -1.9532
0.988000000000000 -1.9510
0.990000000000000 -1.9487
0.992000000000000 -1.9464
0.994000000000000 -1.9441
0.996000000000000 -1.9419
0.998000000000000 -1.9396
1.00000000000000 -1.9373
1.00200000000000 -1.9350
1.00400000000000 -1.9328
1.00600000000000 -1.9305
1.00800000000000 -1.9282
1.01000000000000 -1.9259
1.01200000000000 -1.9236
1.01400000000000 -1.9214
1.01600000000000 -1.9191
1.01800000000000 -1.9168
1.02000000000000 -1.9145
1.02200000000000 -1.9122
1.02400000000000 -1.9099
1.02600000000000 -1.9077
1.02800000000000 -1.9054
1.03000000000000 -1.9031
1.03200000000000 -1.9008
1.03400000000000 -1.8985
1.03600000000000 -1.8962
1.03800000000000 -1.8939
1.04000000000000 -1.8917
1.04200000000000 -1.8894
1.04400000000000 -1.8871
1.04600000000000 -1.8848
1.04800000000000 -1.8825
1.05000000000000 -1.8802
1.05200000000000 -1.8779
1.05400000000000 -1.8756
1.05600000000000 -1.8734
1.05800000000000 -1.8711
1.06000000000000 -1.8688
1.06200000000000 -1.8665
1.06400000000000 -1.8642
1.06600000000000 -1.8619
1.06800000000000 -1.8596
1.07000000000000 -1.8573
1.07200000000000 -1.8550
1.07400000000000 -1.8527
1.07600000000000 -1.8504
1.07800000000000 -1.8481
1.08000000000000 -1.8458
1.08200000000000 -1.8436
1.08400000000000 -1.8413
1.08600000000000 -1.8390
1.08800000000000 -1.8367
1.09000000000000 -1.8344
1.09200000000000 -1.8321
1.09400000000000 -1.8298
1.09600000000000 -1.8275
1.09800000000000 -1.8252
1.10000000000000 -1.8229
1.10200000000000 -1.8206
1.10400000000000 -1.8183
1.10600000000000 -1.8160
1.10800000000000 -1.8137
1.11000000000000 -1.8114
1.11200000000000 -1.8091
1.11400000000000 -1.8068
1.11600000000000 -1.8045
1.11800000000000 -1.8022
1.12000000000000 -1.7999
1.12200000000000 -1.7976
1.12400000000000 -1.7953
1.12600000000000 -1.7930
1.12800000000000 -1.7907
1.13000000000000 -1.7883
1.13200000000000 -1.7860
1.13400000000000 -1.7837
1.13600000000000 -1.7814
1.13800000000000 -1.7791
1.14000000000000 -1.7768
1.14200000000000 -1.7745
1.14400000000000 -1.7722
1.14600000000000 -1.7699
1.14800000000000 -1.7676
1.15000000000000 -1.7653
1.15200000000000 -1.7630
1.15400000000000 -1.7607
1.15600000000000 -1.7584
1.15800000000000 -1.7560
1.16000000000000 -1.7537
1.16200000000000 -1.7514
1.16400000000000 -1.7491
1.16600000000000 -1.7468
1.16800000000000 -1.7445
1.17000000000000 -1.7422
1.17200000000000 -1.7399
1.17400000000000 -1.7376
1.17600000000000 -1.7352
1.17800000000000 -1.7329
1.18000000000000 -1.7306
1.18200000000000 -1.7283
1.18400000000000 -1.7260
1.18600000000000 -1.7237
1.18800000000000 -1.7214
1.19000000000000 -1.7190
1.19200000000000 -1.7167
1.19400000000000 -1.7144
1.19600000000000 -1.7121
1.19800000000000 -1.7098
1.20000000000000 -1.7075
1.20200000000000 -1.7051
1.20400000000000 -1.7028
1.20600000000000 -1.7005
1.20800000000000 -1.6982
1.21000000000000 -1.6959
1.21200000000000 -1.6935
1.21400000000000 -1.6912
1.21600000000000 -1.6889
1.21800000000000 -1.6866
1.22000000000000 -1.6843
1.22200000000000 -1.6819
1.22400000000000 -1.6796
1.22600000000000 -1.6773
1.22800000000000 -1.6750
1.23000000000000 -1.6726
1.23200000000000 -1.6703
1.23400000000000 -1.6680
1.23600000000000 -1.6657
1.23800000000000 -1.6633
1.24000000000000 -1.6610
1.24200000000000 -1.6587
1.24400000000000 -1.6564
1.24600000000000 -1.6540
1.24800000000000 -1.6517
1.25000000000000 -1.6494
1.25200000000000 -1.6471
1.25400000000000 -1.6447
1.25600000000000 -1.6424
1.25800000000000 -1.6401
1.26000000000000 -1.6377
1.26200000000000 -1.6354
1.26400000000000 -1.6331
1.26600000000000 -1.6308
1.26800000000000 -1.6284
1.27000000000000 -1.6261
1.27200000000000 -1.6238
1.27400000000000 -1.6214
1.27600000000000 -1.6191
1.27800000000000 -1.6168
1.28000000000000 -1.6144
1.28200000000000 -1.6121
1.28400000000000 -1.6098
1.28600000000000 -1.6074
1.28800000000000 -1.6051
1.29000000000000 -1.6028
1.29200000000000 -1.6004
1.29400000000000 -1.5981
1.29600000000000 -1.5958
1.29800000000000 -1.5934
1.30000000000000 -1.5911
1.30200000000000 -1.5888
1.30400000000000 -1.5864
1.30600000000000 -1.5841
1.30800000000000 -1.5818
1.31000000000000 -1.5794
1.31200000000000 -1.5771
1.31400000000000 -1.5747
1.31600000000000 -1.5724
1.31800000000000 -1.5701
1.32000000000000 -1.5677
1.32200000000000 -1.5654
1.32400000000000 -1.5630
1.32600000000000 -1.5607
1.32800000000000 -1.5584
1.33000000000000 -1.5560
1.33200000000000 -1.5537
1.33400000000000 -1.5513
1.33600000000000 -1.5490
1.33800000000000 -1.5467
1.34000000000000 -1.5443
1.34200000000000 -1.5420
1.34400000000000 -1.5396
1.34600000000000 -1.5373
1.34800000000000 -1.5349
1.35000000000000 -1.5326
1.35200000000000 -1.5302
1.35400000000000 -1.5279
1.35600000000000 -1.5256
1.35800000000000 -1.5232
1.36000000000000 -1.5209
1.36200000000000 -1.5185
1.36400000000000 -1.5162
1.36600000000000 -1.5138
1.36800000000000 -1.5115
1.37000000000000 -1.5091
1.37200000000000 -1.5068
1.37400000000000 -1.5044
1.37600000000000 -1.5021
1.37800000000000 -1.4997
1.38000000000000 -1.4974
1.38200000000000 -1.4950
1.38400000000000 -1.4927
1.38600000000000 -1.4903
1.38800000000000 -1.4880
1.39000000000000 -1.4856
1.39200000000000 -1.4833
1.39400000000000 -1.4809
1.39600000000000 -1.4786
1.39800000000000 -1.4762
1.40000000000000 -1.4739
1.40200000000000 -1.4715
1.40400000000000 -1.4692
1.40600000000000 -1.4668
1.40800000000000 -1.4645
1.41000000000000 -1.4621
1.41200000000000 -1.4597
1.41400000000000 -1.4574
1.41600000000000 -1.4550
1.41800000000000 -1.4527
1.42000000000000 -1.4503
1.42200000000000 -1.4480
1.42400000000000 -1.4456
1.42600000000000 -1.4432
1.42800000000000 -1.4409
1.43000000000000 -1.4385
1.43200000000000 -1.4362
1.43400000000000 -1.4338
1.43600000000000 -1.4315
1.43800000000000 -1.4291
1.44000000000000 -1.4267
1.44200000000000 -1.4244
1.44400000000000 -1.4220
1.44600000000000 -1.4197
1.44800000000000 -1.4173
1.45000000000000 -1.4149
1.45200000000000 -1.4126
1.45400000000000 -1.4102
1.45600000000000 -1.4078
1.45800000000000 -1.4055
1.46000000000000 -1.4031
1.46200000000000 -1.4008
1.46400000000000 -1.3984
1.46600000000000 -1.3960
1.46800000000000 -1.3937
1.47000000000000 -1.3913
1.47200000000000 -1.3889
1.47400000000000 -1.3866
1.47600000000000 -1.3842
1.47800000000000 -1.3818
1.48000000000000 -1.3795
1.48200000000000 -1.3771
1.48400000000000 -1.3747
1.48600000000000 -1.3724
1.48800000000000 -1.3700
1.49000000000000 -1.3676
1.49200000000000 -1.3653
1.49400000000000 -1.3629
1.49600000000000 -1.3605
1.49800000000000 -1.3581
1.50000000000000 -1.3558
1.50200000000000 -1.3534
1.50400000000000 -1.3510
1.50600000000000 -1.3487
1.50800000000000 -1.3463
1.51000000000000 -1.3439
1.51200000000000 -1.3415
1.51400000000000 -1.3392
1.51600000000000 -1.3368
1.51800000000000 -1.3344
1.52000000000000 -1.3321
1.52200000000000 -1.3297
1.52400000000000 -1.3273
1.52600000000000 -1.3249
1.52800000000000 -1.3226
1.53000000000000 -1.3202
1.53200000000000 -1.3178
1.53400000000000 -1.3154
1.53600000000000 -1.3130
1.53800000000000 -1.3107
1.54000000000000 -1.3083
1.54200000000000 -1.3059
1.54400000000000 -1.3035
1.54600000000000 -1.3012
1.54800000000000 -1.2988
1.55000000000000 -1.2964
1.55200000000000 -1.2940
1.55400000000000 -1.2916
1.55600000000000 -1.2893
1.55800000000000 -1.2869
1.56000000000000 -1.2845
1.56200000000000 -1.2821
1.56400000000000 -1.2797
1.56600000000000 -1.2774
1.56800000000000 -1.2750
1.57000000000000 -1.2726
1.57200000000000 -1.2702
1.57400000000000 -1.2678
1.57600000000000 -1.2654
1.57800000000000 -1.2631
1.58000000000000 -1.2607
1.58200000000000 -1.2583
1.58400000000000 -1.2559
1.58600000000000 -1.2535
1.58800000000000 -1.2511
1.59000000000000 -1.2487
1.59200000000000 -1.2464
1.59400000000000 -1.2440
1.59600000000000 -1.2416
1.59800000000000 -1.2392
1.60000000000000 -1.2368
1.60200000000000 -1.2344
1.60400000000000 -1.2320
1.60600000000000 -1.2296
1.60800000000000 -1.2272
1.61000000000000 -1.2249
1.61200000000000 -1.2225
1.61400000000000 -1.2201
1.61600000000000 -1.2177
1.61800000000000 -1.2153
1.62000000000000 -1.2129
1.62200000000000 -1.2105
1.62400000000000 -1.2081
1.62600000000000 -1.2057
1.62800000000000 -1.2033
1.63000000000000 -1.2009
1.63200000000000 -1.1985
1.63400000000000 -1.1961
1.63600000000000 -1.1937
1.63800000000000 -1.1913
1.64000000000000 -1.1890
1.64200000000000 -1.1866
1.64400000000000 -1.1842
1.64600000000000 -1.1818
1.64800000000000 -1.1794
1.65000000000000 -1.1770
1.65200000000000 -1.1746
1.65400000000000 -1.1722
1.65600000000000 -1.1698
1.65800000000000 -1.1674
1.66000000000000 -1.1650
1.66200000000000 -1.1626
1.66400000000000 -1.1602
1.66600000000000 -1.1578
1.66800000000000 -1.1554
1.67000000000000 -1.1530
1.67200000000000 -1.1506
1.67400000000000 -1.1482
1.67600000000000 -1.1458
1.67800000000000 -1.1434
1.68000000000000 -1.1410
1.68200000000000 -1.1385
1.68400000000000 -1.1361
1.68600000000000 -1.1337
1.68800000000000 -1.1313
1.69000000000000 -1.1289
1.69200000000000 -1.1265
1.69400000000000 -1.1241
1.69600000000000 -1.1217
1.69800000000000 -1.1193
1.70000000000000 -1.1169
1.70200000000000 -1.1145
1.70400000000000 -1.1121
1.70600000000000 -1.1097
1.70800000000000 -1.1073
1.71000000000000 -1.1048
1.71200000000000 -1.1024
1.71400000000000 -1.1000
1.71600000000000 -1.0976
1.71800000000000 -1.0952
1.72000000000000 -1.0928
1.72200000000000 -1.0904
1.72400000000000 -1.0880
1.72600000000000 -1.0855
1.72800000000000 -1.0831
1.73000000000000 -1.0807
1.73200000000000 -1.0783
1.73400000000000 -1.0759
1.73600000000000 -1.0735
1.73800000000000 -1.0711
1.74000000000000 -1.0686
1.74200000000000 -1.0662
1.74400000000000 -1.0638
1.74600000000000 -1.0614
1.74800000000000 -1.0590
1.75000000000000 -1.0566
1.75200000000000 -1.0541
1.75400000000000 -1.0517
1.75600000000000 -1.0493
1.75800000000000 -1.0469
1.76000000000000 -1.0445
1.76200000000000 -1.0420
1.76400000000000 -1.0396
1.76600000000000 -1.0372
1.76800000000000 -1.0348
1.77000000000000 -1.0323
1.77200000000000 -1.0299
1.77400000000000 -1.0275
1.77600000000000 -1.0251
1.77800000000000 -1.0227
1.78000000000000 -1.0202
1.78200000000000 -1.0178
1.78400000000000 -1.0154
1.78600000000000 -1.0130
1.78800000000000 -1.0105
1.79000000000000 -1.0081
1.79200000000000 -1.0057
1.79400000000000 -1.0032
1.79600000000000 -1.0008
1.79800000000000 -0.99838
1.80000000000000 -0.99595
1.80200000000000 -0.99352
1.80400000000000 -0.99109
1.80600000000000 -0.98866
1.80800000000000 -0.98623
1.81000000000000 -0.98380
1.81200000000000 -0.98137
1.81400000000000 -0.97894
1.81600000000000 -0.97650
1.81800000000000 -0.97407
1.82000000000000 -0.97164
1.82200000000000 -0.96920
1.82400000000000 -0.96677
1.82600000000000 -0.96433
1.82800000000000 -0.96189
1.83000000000000 -0.95946
1.83200000000000 -0.95702
1.83400000000000 -0.95458
1.83600000000000 -0.95215
1.83800000000000 -0.94971
1.84000000000000 -0.94727
1.84200000000000 -0.94483
1.84400000000000 -0.94239
1.84600000000000 -0.93995
1.84800000000000 -0.93751
1.85000000000000 -0.93507
1.85200000000000 -0.93263
1.85400000000000 -0.93018
1.85600000000000 -0.92774
1.85800000000000 -0.92530
1.86000000000000 -0.92286
1.86200000000000 -0.92041
1.86400000000000 -0.91797
1.86600000000000 -0.91552
1.86800000000000 -0.91308
1.87000000000000 -0.91063
1.87200000000000 -0.90818
1.87400000000000 -0.90574
1.87600000000000 -0.90329
1.87800000000000 -0.90084
1.88000000000000 -0.89839
1.88200000000000 -0.89594
1.88400000000000 -0.89349
1.88600000000000 -0.89104
1.88800000000000 -0.88859
1.89000000000000 -0.88614
1.89200000000000 -0.88369
1.89400000000000 -0.88124
1.89600000000000 -0.87878
1.89800000000000 -0.87633
1.90000000000000 -0.87388
1.90200000000000 -0.87142
1.90400000000000 -0.86897
1.90600000000000 -0.86651
1.90800000000000 -0.86406
1.91000000000000 -0.86160
1.91200000000000 -0.85914
1.91400000000000 -0.85669
1.91600000000000 -0.85423
1.91800000000000 -0.85177
1.92000000000000 -0.84931
1.92200000000000 -0.84685
1.92400000000000 -0.84439
1.92600000000000 -0.84193
1.92800000000000 -0.83947
1.93000000000000 -0.83701
1.93200000000000 -0.83455
1.93400000000000 -0.83208
1.93600000000000 -0.82962
1.93800000000000 -0.82716
1.94000000000000 -0.82469
1.94200000000000 -0.82223
1.94400000000000 -0.81976
1.94600000000000 -0.81729
1.94800000000000 -0.81483
1.95000000000000 -0.81236
1.95200000000000 -0.80989
1.95400000000000 -0.80742
1.95600000000000 -0.80495
1.95800000000000 -0.80249
1.96000000000000 -0.80002
1.96200000000000 -0.79754
1.96400000000000 -0.79507
1.96600000000000 -0.79260
1.96800000000000 -0.79013
1.97000000000000 -0.78766
1.97200000000000 -0.78518
1.97400000000000 -0.78271
1.97600000000000 -0.78023
1.97800000000000 -0.77776
1.98000000000000 -0.77528
1.98200000000000 -0.77281
1.98400000000000 -0.77033
1.98600000000000 -0.76785
1.98800000000000 -0.76537
1.99000000000000 -0.76290
1.99200000000000 -0.76042
1.99400000000000 -0.75794
1.99600000000000 -0.75546
1.99800000000000 -0.75297
2.00000000000000 -0.75049
2.00200000000000 -0.74801
2.00400000000000 -0.74553
2.00600000000000 -0.74304
2.00800000000000 -0.74056
2.01000000000000 -0.73808
2.01200000000000 -0.73559
2.01400000000000 -0.73310
2.01600000000000 -0.73062
2.01800000000000 -0.72813
2.02000000000000 -0.72564
2.02200000000000 -0.72315
2.02400000000000 -0.72066
2.02600000000000 -0.71817
2.02800000000000 -0.71568
2.03000000000000 -0.71319
2.03200000000000 -0.71070
2.03400000000000 -0.70821
2.03600000000000 -0.70572
2.03800000000000 -0.70322
2.04000000000000 -0.70073
2.04200000000000 -0.69823
2.04400000000000 -0.69574
2.04600000000000 -0.69324
2.04800000000000 -0.69075
2.05000000000000 -0.68825
2.05200000000000 -0.68575
2.05400000000000 -0.68325
2.05600000000000 -0.68075
2.05800000000000 -0.67825
2.06000000000000 -0.67575
2.06200000000000 -0.67325
2.06400000000000 -0.67075
2.06600000000000 -0.66825
2.06800000000000 -0.66574
2.07000000000000 -0.66324
2.07200000000000 -0.66074
2.07400000000000 -0.65823
2.07600000000000 -0.65572
2.07800000000000 -0.65322
2.08000000000000 -0.65071
2.08200000000000 -0.64820
2.08400000000000 -0.64569
2.08600000000000 -0.64318
2.08800000000000 -0.64067
2.09000000000000 -0.63816
2.09200000000000 -0.63565
2.09400000000000 -0.63314
2.09600000000000 -0.63063
2.09800000000000 -0.62811
2.10000000000000 -0.62560
2.10200000000000 -0.62309
2.10400000000000 -0.62057
2.10600000000000 -0.61805
2.10800000000000 -0.61554
2.11000000000000 -0.61302
2.11200000000000 -0.61050
2.11400000000000 -0.60798
2.11600000000000 -0.60546
2.11800000000000 -0.60294
2.12000000000000 -0.60042
2.12200000000000 -0.59790
2.12400000000000 -0.59538
2.12600000000000 -0.59285
2.12800000000000 -0.59033
2.13000000000000 -0.58780
2.13200000000000 -0.58528
2.13400000000000 -0.58275
2.13600000000000 -0.58022
2.13800000000000 -0.57769
2.14000000000000 -0.57517
2.14200000000000 -0.57264
2.14400000000000 -0.57011
2.14600000000000 -0.56758
2.14800000000000 -0.56504
2.15000000000000 -0.56251
2.15200000000000 -0.55998
2.15400000000000 -0.55745
2.15600000000000 -0.55491
2.15800000000000 -0.55237
2.16000000000000 -0.54984
2.16200000000000 -0.54730
2.16400000000000 -0.54476
2.16600000000000 -0.54223
2.16800000000000 -0.53969
2.17000000000000 -0.53715
2.17200000000000 -0.53461
2.17400000000000 -0.53206
2.17600000000000 -0.52952
2.17800000000000 -0.52698
2.18000000000000 -0.52443
2.18200000000000 -0.52189
2.18400000000000 -0.51934
2.18600000000000 -0.51680
2.18800000000000 -0.51425
2.19000000000000 -0.51170
2.19200000000000 -0.50915
2.19400000000000 -0.50660
2.19600000000000 -0.50405
2.19800000000000 -0.50150
2.20000000000000 -0.49895
2.20200000000000 -0.49640
2.20400000000000 -0.49384
2.20600000000000 -0.49129
2.20800000000000 -0.48873
2.21000000000000 -0.48617
2.21200000000000 -0.48362
2.21400000000000 -0.48106
2.21600000000000 -0.47850
2.21800000000000 -0.47594
2.22000000000000 -0.47338
2.22200000000000 -0.47082
2.22400000000000 -0.46826
2.22600000000000 -0.46569
2.22800000000000 -0.46313
2.23000000000000 -0.46056
2.23200000000000 -0.45800
2.23400000000000 -0.45543
2.23600000000000 -0.45286
2.23800000000000 -0.45030
2.24000000000000 -0.44773
2.24200000000000 -0.44516
2.24400000000000 -0.44258
2.24600000000000 -0.44001
2.24800000000000 -0.43744
2.25000000000000 -0.43487
2.25200000000000 -0.43229
2.25400000000000 -0.42972
2.25600000000000 -0.42714
2.25800000000000 -0.42456
2.26000000000000 -0.42198
2.26200000000000 -0.41940
2.26400000000000 -0.41682
2.26600000000000 -0.41424
2.26800000000000 -0.41166
2.27000000000000 -0.40908
2.27200000000000 -0.40649
2.27400000000000 -0.40391
2.27600000000000 -0.40132
2.27800000000000 -0.39874
2.28000000000000 -0.39615
2.28200000000000 -0.39356
2.28400000000000 -0.39097
2.28600000000000 -0.38838
2.28800000000000 -0.38579
2.29000000000000 -0.38320
2.29200000000000 -0.38060
2.29400000000000 -0.37801
2.29600000000000 -0.37541
2.29800000000000 -0.37282
2.30000000000000 -0.37022
2.30200000000000 -0.36762
2.30400000000000 -0.36502
2.30600000000000 -0.36242
2.30800000000000 -0.35982
2.31000000000000 -0.35722
2.31200000000000 -0.35461
2.31400000000000 -0.35201
2.31600000000000 -0.34941
2.31800000000000 -0.34680
2.32000000000000 -0.34419
2.32200000000000 -0.34158
2.32400000000000 -0.33897
2.32600000000000 -0.33636
2.32800000000000 -0.33375
2.33000000000000 -0.33114
2.33200000000000 -0.32853
2.33400000000000 -0.32591
2.33600000000000 -0.32330
2.33800000000000 -0.32068
2.34000000000000 -0.31806
2.34200000000000 -0.31544
2.34400000000000 -0.31282
2.34600000000000 -0.31020
2.34800000000000 -0.30758
2.35000000000000 -0.30496
2.35200000000000 -0.30233
2.35400000000000 -0.29971
2.35600000000000 -0.29708
2.35800000000000 -0.29446
2.36000000000000 -0.29183
2.36200000000000 -0.28920
2.36400000000000 -0.28657
2.36600000000000 -0.28394
2.36800000000000 -0.28130
2.37000000000000 -0.27867
2.37200000000000 -0.27603
2.37400000000000 -0.27340
2.37600000000000 -0.27076
2.37800000000000 -0.26812
2.38000000000000 -0.26548
2.38200000000000 -0.26284
2.38400000000000 -0.26020
2.38600000000000 -0.25756
2.38800000000000 -0.25491
2.39000000000000 -0.25227
2.39200000000000 -0.24962
2.39400000000000 -0.24698
2.39600000000000 -0.24433
2.39800000000000 -0.24168
2.40000000000000 -0.23903
2.40200000000000 -0.23637
2.40400000000000 -0.23372
2.40600000000000 -0.23107
2.40800000000000 -0.22841
2.41000000000000 -0.22575
2.41200000000000 -0.22309
2.41400000000000 -0.22044
2.41600000000000 -0.21778
2.41800000000000 -0.21511
2.42000000000000 -0.21245
2.42200000000000 -0.20979
2.42400000000000 -0.20712
2.42600000000000 -0.20445
2.42800000000000 -0.20179
2.43000000000000 -0.19912
2.43200000000000 -0.19645
2.43400000000000 -0.19377
2.43600000000000 -0.19110
2.43800000000000 -0.18843
2.44000000000000 -0.18575
2.44200000000000 -0.18307
2.44400000000000 -0.18040
2.44600000000000 -0.17772
2.44800000000000 -0.17504
2.45000000000000 -0.17235
2.45200000000000 -0.16967
2.45400000000000 -0.16699
2.45600000000000 -0.16430
2.45800000000000 -0.16161
2.46000000000000 -0.15893
2.46200000000000 -0.15624
2.46400000000000 -0.15354
2.46600000000000 -0.15085
2.46800000000000 -0.14816
2.47000000000000 -0.14546
2.47200000000000 -0.14277
2.47400000000000 -0.14007
2.47600000000000 -0.13737
2.47800000000000 -0.13467
2.48000000000000 -0.13197
2.48200000000000 -0.12926
2.48400000000000 -0.12656
2.48600000000000 -0.12385
2.48800000000000 -0.12114
2.49000000000000 -0.11843
2.49200000000000 -0.11572
2.49400000000000 -0.11301
2.49600000000000 -0.11030
2.49800000000000 -0.10758
2.50000000000000 -0.10487
2.50200000000000 -0.10215
2.50400000000000 -0.099432
2.50600000000000 -0.096712
2.50800000000000 -0.093990
2.51000000000000 -0.091267
2.51200000000000 -0.088542
2.51400000000000 -0.085816
2.51600000000000 -0.083088
2.51800000000000 -0.080359
2.52000000000000 -0.077628
2.52200000000000 -0.074896
2.52400000000000 -0.072163
2.52600000000000 -0.069427
2.52800000000000 -0.066691
2.53000000000000 -0.063952
2.53200000000000 -0.061213
2.53400000000000 -0.058471
2.53600000000000 -0.055729
2.53800000000000 -0.052984
2.54000000000000 -0.050238
2.54200000000000 -0.047491
2.54400000000000 -0.044742
2.54600000000000 -0.041991
2.54800000000000 -0.039239
2.55000000000000 -0.036485
2.55200000000000 -0.033730
2.55400000000000 -0.030973
2.55600000000000 -0.028214
2.55800000000000 -0.025454
2.56000000000000 -0.022692
2.56200000000000 -0.019929
2.56400000000000 -0.017164
2.56600000000000 -0.014397
2.56800000000000 -0.011629
2.57000000000000 -0.0088585
2.57200000000000 -0.0060868
2.57400000000000 -0.0033134
2.57600000000000 -0.00053840
2.57800000000000 0.0022383
2.58000000000000 0.0050167
2.58200000000000 0.0077968
2.58400000000000 0.010579
2.58600000000000 0.013362
2.58800000000000 0.016147
2.59000000000000 0.018934
2.59200000000000 0.021723
2.59400000000000 0.024514
2.59600000000000 0.027306
2.59800000000000 0.030100
2.60000000000000 0.032895
2.60200000000000 0.035693
2.60400000000000 0.038492
2.60600000000000 0.041293
2.60800000000000 0.044096
2.61000000000000 0.046901
2.61200000000000 0.049707
2.61400000000000 0.052516
2.61600000000000 0.055326
2.61800000000000 0.058138
2.62000000000000 0.060952
2.62200000000000 0.063767
2.62400000000000 0.066585
2.62600000000000 0.069404
2.62800000000000 0.072225
2.63000000000000 0.075049
2.63200000000000 0.077874
2.63400000000000 0.080701
2.63600000000000 0.083530
2.63800000000000 0.086361
2.64000000000000 0.089193
2.64200000000000 0.092028
2.64400000000000 0.094865
2.64600000000000 0.097703
2.64800000000000 0.10054
2.65000000000000 0.10339
2.65200000000000 0.10623
2.65400000000000 0.10908
2.65600000000000 0.11193
2.65800000000000 0.11478
2.66000000000000 0.11763
2.66200000000000 0.12048
2.66400000000000 0.12334
2.66600000000000 0.12620
2.66800000000000 0.12906
2.67000000000000 0.13192
2.67200000000000 0.13479
2.67400000000000 0.13766
2.67600000000000 0.14052
2.67800000000000 0.14340
2.68000000000000 0.14627
2.68200000000000 0.14914
2.68400000000000 0.15202
2.68600000000000 0.15490
2.68800000000000 0.15778
2.69000000000000 0.16067
2.69200000000000 0.16355
2.69400000000000 0.16644
2.69600000000000 0.16933
2.69800000000000 0.17223
2.70000000000000 0.17512
2.70200000000000 0.17802
2.70400000000000 0.18092
2.70600000000000 0.18382
2.70800000000000 0.18673
2.71000000000000 0.18963
2.71200000000000 0.19254
2.71400000000000 0.19545
2.71600000000000 0.19836
2.71800000000000 0.20128
2.72000000000000 0.20420
2.72200000000000 0.20712
2.72400000000000 0.21004
2.72600000000000 0.21297
2.72800000000000 0.21589
2.73000000000000 0.21882
2.73200000000000 0.22176
2.73400000000000 0.22469
2.73600000000000 0.22763
2.73800000000000 0.23057
2.74000000000000 0.23351
2.74200000000000 0.23646
2.74400000000000 0.23940
2.74600000000000 0.24235
2.74800000000000 0.24530
2.75000000000000 0.24826
2.75200000000000 0.25122
2.75400000000000 0.25418
2.75600000000000 0.25714
2.75800000000000 0.26010
2.76000000000000 0.26307
2.76200000000000 0.26604
2.76400000000000 0.26901
2.76600000000000 0.27199
2.76800000000000 0.27497
2.77000000000000 0.27795
2.77200000000000 0.28093
2.77400000000000 0.28392
2.77600000000000 0.28691
2.77800000000000 0.28990
2.78000000000000 0.29289
2.78200000000000 0.29589
2.78400000000000 0.29889
2.78600000000000 0.30189
2.78800000000000 0.30490
2.79000000000000 0.30790
2.79200000000000 0.31091
2.79400000000000 0.31393
2.79600000000000 0.31694
2.79800000000000 0.31996
2.80000000000000 0.32299
2.80200000000000 0.32601
2.80400000000000 0.32904
2.80600000000000 0.33207
2.80800000000000 0.33511
2.81000000000000 0.33814
2.81200000000000 0.34118
2.81400000000000 0.34423
2.81600000000000 0.34727
2.81800000000000 0.35032
2.82000000000000 0.35337
2.82200000000000 0.35643
2.82400000000000 0.35949
2.82600000000000 0.36255
2.82800000000000 0.36561
2.83000000000000 0.36868
2.83200000000000 0.37175
2.83400000000000 0.37483
2.83600000000000 0.37790
2.83800000000000 0.38098
2.84000000000000 0.38407
2.84200000000000 0.38716
2.84400000000000 0.39025
2.84600000000000 0.39334
2.84800000000000 0.39644
2.85000000000000 0.39954
2.85200000000000 0.40264
2.85400000000000 0.40575
2.85600000000000 0.40886
2.85800000000000 0.41197
2.86000000000000 0.41509
2.86200000000000 0.41821
2.86400000000000 0.42133
2.86600000000000 0.42446
2.86800000000000 0.42759
2.87000000000000 0.43073
2.87200000000000 0.43387
2.87400000000000 0.43701
2.87600000000000 0.44015
2.87800000000000 0.44330
2.88000000000000 0.44646
2.88200000000000 0.44961
2.88400000000000 0.45277
2.88600000000000 0.45594
2.88800000000000 0.45911
2.89000000000000 0.46228
2.89200000000000 0.46545
2.89400000000000 0.46863
2.89600000000000 0.47182
2.89800000000000 0.47500
2.90000000000000 0.47819
2.90200000000000 0.48139
2.90400000000000 0.48459
2.90600000000000 0.48779
2.90800000000000 0.49100
2.91000000000000 0.49421
2.91200000000000 0.49742
2.91400000000000 0.50064
2.91600000000000 0.50387
2.91800000000000 0.50709
2.92000000000000 0.51032
2.92200000000000 0.51356
2.92400000000000 0.51680
2.92600000000000 0.52004
2.92800000000000 0.52329
2.93000000000000 0.52654
2.93200000000000 0.52980
2.93400000000000 0.53306
2.93600000000000 0.53633
2.93800000000000 0.53960
2.94000000000000 0.54287
2.94200000000000 0.54615
2.94400000000000 0.54944
2.94600000000000 0.55273
2.94800000000000 0.55602
2.95000000000000 0.55932
2.95200000000000 0.56262
2.95400000000000 0.56593
2.95600000000000 0.56924
2.95800000000000 0.57256
2.96000000000000 0.57588
2.96200000000000 0.57920
2.96400000000000 0.58253
2.96600000000000 0.58587
2.96800000000000 0.58921
2.97000000000000 0.59256
2.97200000000000 0.59591
2.97400000000000 0.59927
2.97600000000000 0.60263
2.97800000000000 0.60599
2.98000000000000 0.60936
2.98200000000000 0.61274
2.98400000000000 0.61612
2.98600000000000 0.61951
2.98800000000000 0.62290
2.99000000000000 0.62630
2.99200000000000 0.62970
2.99400000000000 0.63311
2.99600000000000 0.63653
2.99800000000000 0.63995
3.00000000000000 0.64337
3.00200000000000 0.64680
3.00400000000000 0.65024
3.00600000000000 0.65368
3.00800000000000 0.65713
3.01000000000000 0.66059
3.01200000000000 0.66405
3.01400000000000 0.66751
3.01600000000000 0.67099
3.01800000000000 0.67446
3.02000000000000 0.67795
3.02200000000000 0.68144
3.02400000000000 0.68494
3.02600000000000 0.68844
3.02800000000000 0.69195
3.03000000000000 0.69546
3.03200000000000 0.69899
3.03400000000000 0.70251
3.03600000000000 0.70605
3.03800000000000 0.70959
3.04000000000000 0.71314
3.04200000000000 0.71669
3.04400000000000 0.72026
3.04600000000000 0.72383
3.04800000000000 0.72740
3.05000000000000 0.73098
3.05200000000000 0.73457
3.05400000000000 0.73817
3.05600000000000 0.74177
3.05800000000000 0.74538
3.06000000000000 0.74900
3.06200000000000 0.75263
3.06400000000000 0.75626
3.06600000000000 0.75990
3.06800000000000 0.76355
3.07000000000000 0.76720
3.07200000000000 0.77087
3.07400000000000 0.77454
3.07600000000000 0.77821
3.07800000000000 0.78190
3.08000000000000 0.78560
3.08200000000000 0.78930
3.08400000000000 0.79301
3.08600000000000 0.79673
3.08800000000000 0.80046
3.09000000000000 0.80419
3.09200000000000 0.80794
3.09400000000000 0.81169
3.09600000000000 0.81545
3.09800000000000 0.81922
3.10000000000000 0.82300
3.10200000000000 0.82679
3.10400000000000 0.83059
3.10600000000000 0.83439
3.10800000000000 0.83821
3.11000000000000 0.84204
3.11200000000000 0.84587
3.11400000000000 0.84971
3.11600000000000 0.85357
3.11800000000000 0.85743
3.12000000000000 0.86131
3.12200000000000 0.86519
3.12400000000000 0.86908
3.12600000000000 0.87299
3.12800000000000 0.87690
3.13000000000000 0.88083
3.13200000000000 0.88476
3.13400000000000 0.88871
3.13600000000000 0.89267
3.13800000000000 0.89664
3.14000000000000 0.90062
3.14200000000000 0.90461
3.14400000000000 0.90861
3.14600000000000 0.91262
3.14800000000000 0.91665
3.15000000000000 0.92069
3.15200000000000 0.92474
3.15400000000000 0.92880
3.15600000000000 0.93287
3.15800000000000 0.93696
3.16000000000000 0.94106
3.16200000000000 0.94517
3.16400000000000 0.94930
3.16600000000000 0.95343
3.16800000000000 0.95759
3.17000000000000 0.96175
3.17200000000000 0.96593
3.17400000000000 0.97012
3.17600000000000 0.97433
3.17800000000000 0.97855
3.18000000000000 0.98279
3.18200000000000 0.98704
3.18400000000000 0.99131
3.18600000000000 0.99559
3.18800000000000 0.99988
3.19000000000000 1.0042
3.19200000000000 1.0085
3.19400000000000 1.0129
3.19600000000000 1.0172
3.19800000000000 1.0216
3.20000000000000 1.0260
3.20200000000000 1.0304
3.20400000000000 1.0348
3.20600000000000 1.0393
3.20800000000000 1.0438
3.21000000000000 1.0482
3.21200000000000 1.0527
3.21400000000000 1.0573
3.21600000000000 1.0618
3.21800000000000 1.0664
3.22000000000000 1.0709
3.22200000000000 1.0755
3.22400000000000 1.0802
3.22600000000000 1.0848
3.22800000000000 1.0895
3.23000000000000 1.0942
3.23200000000000 1.0989
3.23400000000000 1.1036
3.23600000000000 1.1083
3.23800000000000 1.1131
3.24000000000000 1.1179
3.24200000000000 1.1228
3.24400000000000 1.1276
3.24600000000000 1.1325
3.24800000000000 1.1374
3.25000000000000 1.1423
3.25200000000000 1.1473
3.25400000000000 1.1523
3.25600000000000 1.1573
3.25800000000000 1.1623
3.26000000000000 1.1674
3.26200000000000 1.1725
3.26400000000000 1.1776
3.26600000000000 1.1828
3.26800000000000 1.1880
3.27000000000000 1.1933
3.27200000000000 1.1985
3.27400000000000 1.2038
3.27600000000000 1.2092
3.27800000000000 1.2145
3.28000000000000 1.2200
3.28200000000000 1.2254
3.28400000000000 1.2309
3.28600000000000 1.2364
3.28800000000000 1.2420
3.29000000000000 1.2476
3.29200000000000 1.2533
3.29400000000000 1.2590
3.29600000000000 1.2648
3.29800000000000 1.2706
3.30000000000000 1.2764
3.30200000000000 1.2823
3.30400000000000 1.2883
3.30600000000000 1.2943
3.30800000000000 1.3004
3.31000000000000 1.3065
3.31200000000000 1.3126
3.31400000000000 1.3189
3.31600000000000 1.3251
3.31800000000000 1.3315
3.32000000000000 1.3379
3.32200000000000 1.3443
3.32400000000000 1.3508
3.32600000000000 1.3574
3.32800000000000 1.3640
3.33000000000000 1.3706
3.33200000000000 1.3773
3.33400000000000 1.3839
3.33600000000000 1.3906
3.33800000000000 1.3973
3.34000000000000 1.4038
3.34200000000000 1.4102
3.34400000000000 1.4165
3.34600000000000 1.4224
3.34800000000000 1.4277
3.35000000000000 1.4324
3.35200000000000 1.4360
3.35400000000000 1.4382
3.35600000000000 1.4386
3.35800000000000 1.4369
3.36000000000000 1.4329
3.36200000000000 1.4269
3.36400000000000 1.4194
3.36600000000000 1.4109
3.36800000000000 1.4016
3.37000000000000 1.3920
3.37200000000000 1.3821
3.37400000000000 1.3722
3.37600000000000 1.3623
3.37800000000000 1.3524
3.38000000000000 1.3425
3.38200000000000 1.3328
3.38400000000000 1.3231
3.38600000000000 1.3136
3.38800000000000 1.3041
3.39000000000000 1.2947
3.39200000000000 1.2855
3.39400000000000 1.2763
3.39600000000000 1.2673
3.39800000000000 1.2583
3.40000000000000 1.2494
3.40200000000000 1.2406
3.40400000000000 1.2319
3.40600000000000 1.2233
3.40800000000000 1.2147
3.41000000000000 1.2063
3.41200000000000 1.1978
3.41400000000000 1.1895
3.41600000000000 1.1812
3.41800000000000 1.1730
3.42000000000000 1.1648
3.42200000000000 1.1567
3.42400000000000 1.1487
3.42600000000000 1.1407
3.42800000000000 1.1328
3.43000000000000 1.1249
3.43200000000000 1.1171
3.43400000000000 1.1093
3.43600000000000 1.1015
3.43800000000000 1.0938
3.44000000000000 1.0862
3.44200000000000 1.0785
3.44400000000000 1.0710
3.44600000000000 1.0634
3.44800000000000 1.0559
3.45000000000000 1.0484
3.45200000000000 1.0410
3.45400000000000 1.0336
3.45600000000000 1.0262
3.45800000000000 1.0189
3.46000000000000 1.0116
3.46200000000000 1.0043
3.46400000000000 0.99707
3.46600000000000 0.98985
3.46800000000000 0.98266
3.47000000000000 0.97549
3.47200000000000 0.96836
3.47400000000000 0.96124
3.47600000000000 0.95415
3.47800000000000 0.94708
3.48000000000000 0.94004
3.48200000000000 0.93302
3.48400000000000 0.92602
3.48600000000000 0.91904
3.48800000000000 0.91208
3.49000000000000 0.90514
3.49200000000000 0.89822
3.49400000000000 0.89132
3.49600000000000 0.88444
3.49800000000000 0.87757
3.50000000000000 0.87072
3.50200000000000 0.86389
3.50400000000000 0.85708
3.50600000000000 0.85028
3.50800000000000 0.84349
3.51000000000000 0.83672
3.51200000000000 0.82997
3.51400000000000 0.82323
3.51600000000000 0.81650
3.51800000000000 0.80979
3.52000000000000 0.80309
3.52200000000000 0.79640
3.52400000000000 0.78972
3.52600000000000 0.78305
3.52800000000000 0.77640
3.53000000000000 0.76976
3.53200000000000 0.76313
3.53400000000000 0.75650
3.53600000000000 0.74989
3.53800000000000 0.74329
3.54000000000000 0.73670
3.54200000000000 0.73011
3.54400000000000 0.72354
3.54600000000000 0.71697
3.54800000000000 0.71041
3.55000000000000 0.70386
3.55200000000000 0.69732
3.55400000000000 0.69078
3.55600000000000 0.68425
3.55800000000000 0.67773
3.56000000000000 0.67121
3.56200000000000 0.66470
3.56400000000000 0.65820
3.56600000000000 0.65170
3.56800000000000 0.64520
3.57000000000000 0.63871
3.57200000000000 0.63223
3.57400000000000 0.62575
3.57600000000000 0.61928
3.57800000000000 0.61281
3.58000000000000 0.60634
3.58200000000000 0.59987
3.58400000000000 0.59341
3.58600000000000 0.58696
3.58800000000000 0.58050
3.59000000000000 0.57405
3.59200000000000 0.56760
3.59400000000000 0.56115
3.59600000000000 0.55471
3.59800000000000 0.54826
3.60000000000000 0.54182
3.60200000000000 0.53538
3.60400000000000 0.52893
3.60600000000000 0.52249
3.60800000000000 0.51605
3.61000000000000 0.50961
3.61200000000000 0.50317
3.61400000000000 0.49673
3.61600000000000 0.49029
3.61800000000000 0.48385
3.62000000000000 0.47740
3.62200000000000 0.47096
3.62400000000000 0.46451
3.62600000000000 0.45807
3.62800000000000 0.45162
3.63000000000000 0.44516
3.63200000000000 0.43871
3.63400000000000 0.43225
3.63600000000000 0.42579
3.63800000000000 0.41933
3.64000000000000 0.41286
3.64200000000000 0.40639
3.64400000000000 0.39991
3.64600000000000 0.39344
3.64800000000000 0.38695
3.65000000000000 0.38046
3.65200000000000 0.37397
3.65400000000000 0.36747
3.65600000000000 0.36097
3.65800000000000 0.35446
3.66000000000000 0.34794
3.66200000000000 0.34142
3.66400000000000 0.33489
3.66600000000000 0.32836
3.66800000000000 0.32182
3.67000000000000 0.31527
3.67200000000000 0.30871
3.67400000000000 0.30214
3.67600000000000 0.29557
3.67800000000000 0.28899
3.68000000000000 0.28240
3.68200000000000 0.27580
3.68400000000000 0.26919
3.68600000000000 0.26257
3.68800000000000 0.25594
3.69000000000000 0.24930
3.69200000000000 0.24265
3.69400000000000 0.23598
3.69600000000000 0.22931
3.69800000000000 0.22262
3.70000000000000 0.21593
3.70200000000000 0.20922
3.70400000000000 0.20249
3.70600000000000 0.19576
3.70800000000000 0.18901
3.71000000000000 0.18224
3.71200000000000 0.17546
3.71400000000000 0.16867
3.71600000000000 0.16186
3.71800000000000 0.15503
3.72000000000000 0.14819
3.72200000000000 0.14133
3.72400000000000 0.13446
3.72600000000000 0.12757
3.72800000000000 0.12065
3.73000000000000 0.11372
3.73200000000000 0.10677
3.73400000000000 0.099805
3.73600000000000 0.092815
3.73800000000000 0.085804
3.74000000000000 0.078772
3.74200000000000 0.071718
3.74400000000000 0.064641
3.74600000000000 0.057540
3.74800000000000 0.050416
3.75000000000000 0.043266
3.75200000000000 0.036091
3.75400000000000 0.028890
3.75600000000000 0.021662
3.75800000000000 0.014405
3.76000000000000 0.0071206
3.76200000000000 -0.00019377
3.76400000000000 -0.0075386
3.76600000000000 -0.014915
3.76800000000000 -0.022323
3.77000000000000 -0.029765
3.77200000000000 -0.037241
3.77400000000000 -0.044753
3.77600000000000 -0.052301
3.77800000000000 -0.059887
3.78000000000000 -0.067513
3.78200000000000 -0.075178
3.78400000000000 -0.082885
3.78600000000000 -0.090636
3.78800000000000 -0.098431
3.79000000000000 -0.10627
3.79200000000000 -0.11416
3.79400000000000 -0.12210
3.79600000000000 -0.13009
3.79800000000000 -0.13813
3.80000000000000 -0.14623
3.80200000000000 -0.15439
3.80400000000000 -0.16261
3.80600000000000 -0.17089
3.80800000000000 -0.17923
3.81000000000000 -0.18764
3.81200000000000 -0.19613
3.81400000000000 -0.20469
3.81600000000000 -0.21332
3.81800000000000 -0.22204
3.82000000000000 -0.23084
3.82200000000000 -0.23973
3.82400000000000 -0.24871
3.82600000000000 -0.25779
3.82800000000000 -0.26698
3.83000000000000 -0.27628
3.83200000000000 -0.28569
3.83400000000000 -0.29523
3.83600000000000 -0.30490
3.83800000000000 -0.31470
3.84000000000000 -0.32466
3.84200000000000 -0.33478
3.84400000000000 -0.34507
3.84600000000000 -0.35554
3.84800000000000 -0.36621
3.85000000000000 -0.37710
3.85200000000000 -0.38822
3.85400000000000 -0.39960
3.85600000000000 -0.41125
3.85800000000000 -0.42321
3.86000000000000 -0.43551
3.86200000000000 -0.44816
3.86400000000000 -0.46120
3.86600000000000 -0.47463
3.86800000000000 -0.48840
3.87000000000000 -0.50232
3.87200000000000 -0.51571
3.87400000000000 -0.52644
3.87600000000000 -0.52830
3.87800000000000 -0.51472
3.88000000000000 -0.49497
3.88200000000000 -0.47512
3.88400000000000 -0.45596
3.88600000000000 -0.43752
3.88800000000000 -0.41968
3.89000000000000 -0.40237
3.89200000000000 -0.38548
3.89400000000000 -0.36895
3.89600000000000 -0.35273
3.89800000000000 -0.33676
3.90000000000000 -0.32101
3.90200000000000 -0.30545
3.90400000000000 -0.29003
3.90600000000000 -0.27474
3.90800000000000 -0.25954
3.91000000000000 -0.24443
3.91200000000000 -0.22937
3.91400000000000 -0.21436
3.91600000000000 -0.19936
3.91800000000000 -0.18436
3.92000000000000 -0.16935
3.92200000000000 -0.15431
3.92400000000000 -0.13921
3.92600000000000 -0.12405
3.92800000000000 -0.10879
3.93000000000000 -0.093427
3.93200000000000 -0.077929
3.93400000000000 -0.062275
3.93600000000000 -0.046436
3.93800000000000 -0.030384
3.94000000000000 -0.014084
3.94200000000000 0.0025040
3.94400000000000 0.019427
3.94600000000000 0.036741
3.94800000000000 0.054515
3.95000000000000 0.072835
3.95200000000000 0.091810
3.95400000000000 0.11159
3.95600000000000 0.13236
3.95800000000000 0.15442
3.96000000000000 0.17818
3.96200000000000 0.20426
3.96400000000000 0.23331
3.96600000000000 0.25940
3.96800000000000 0.22150
3.97000000000000 0.19155
3.97200000000000 0.16363
