x y
0.000000000000000 9.25000000000000
0.00200000000000000 9.2474
0.00400000000000000 9.2448
0.00600000000000000 9.2422
0.00800000000000000 9.2396
0.0100000000000000 9.2370
0.0120000000000000 9.2344
0.0140000000000000 9.2318
0.0160000000000000 9.2292
0.0180000000000000 9.2266
0.0200000000000000 9.2240
0.0220000000000000 9.2214
0.0240000000000000 9.2188
0.0260000000000000 9.2162
0.0280000000000000 9.2136
0.0300000000000000 9.2109
0.0320000000000000 9.2083
0.0340000000000000 9.2057
0.0360000000000000 9.2031
0.0380000000000000 9.2004
0.0400000000000000 9.1978
0.0420000000000000 9.1952
0.0440000000000000 9.1926
0.0460000000000000 9.1899
0.0480000000000000 9.1873
0.0500000000000000 9.1846
0.0520000000000000 9.1820
0.0540000000000000 9.1794
0.0560000000000000 9.1767
0.0580000000000000 9.1741
0.0600000000000000 9.1714
0.0620000000000000 9.1688
0.0640000000000000 9.1661
0.0660000000000000 9.1635
0.0680000000000000 9.1608
0.0700000000000000 9.1582
0.0720000000000000 9.1555
0.0740000000000000 9.1529
0.0760000000000000 9.1502
0.0780000000000000 9.1476
0.0800000000000000 9.1449
0.0820000000000000 9.1422
0.0840000000000000 9.1395
0.0860000000000000 9.1369
0.0880000000000000 9.1342
0.0900000000000000 9.1315
0.0920000000000000 9.1289
0.0940000000000000 9.1262
0.0960000000000000 9.1235
0.0980000000000000 9.1208
0.100000000000000 9.1181
0.102000000000000 9.1154
0.104000000000000 9.1128
0.106000000000000 9.1101
0.108000000000000 9.1074
0.110000000000000 9.1047
0.112000000000000 9.1020
0.114000000000000 9.0993
0.116000000000000 9.0966
0.118000000000000 9.0939
0.120000000000000 9.0912
0.122000000000000 9.0885
0.124000000000000 9.0858
0.126000000000000 9.0831
0.128000000000000 9.0804
0.130000000000000 9.0777
0.132000000000000 9.0750
0.134000000000000 9.0723
0.136000000000000 9.0695
0.138000000000000 9.0668
0.140000000000000 9.0641
0.142000000000000 9.0614
0.144000000000000 9.0587
0.146000000000000 9.0559
0.148000000000000 9.0532
0.150000000000000 9.0505
0.152000000000000 9.0477
0.154000000000000 9.0450
0.156000000000000 9.0423
0.158000000000000 9.0396
0.160000000000000 9.0368
0.162000000000000 9.0341
0.164000000000000 9.0313
0.166000000000000 9.0286
0.168000000000000 9.0258
0.170000000000000 9.0231
0.172000000000000 9.0204
0.174000000000000 9.0176
0.176000000000000 9.0149
0.178000000000000 9.0121
0.180000000000000 9.0094
0.182000000000000 9.0066
0.184000000000000 9.0038
0.186000000000000 9.0011
0.188000000000000 8.9983
0.190000000000000 8.9956
0.192000000000000 8.9928
0.194000000000000 8.9900
0.196000000000000 8.9873
0.198000000000000 8.9845
0.200000000000000 8.9817
0.202000000000000 8.9790
0.204000000000000 8.9762
0.206000000000000 8.9734
0.208000000000000 8.9706
0.210000000000000 8.9678
0.212000000000000 8.9651
0.214000000000000 8.9623
0.216000000000000 8.9595
0.218000000000000 8.9567
0.220000000000000 8.9539
0.222000000000000 8.9511
0.224000000000000 8.9483
0.226000000000000 8.9456
0.228000000000000 8.9428
0.230000000000000 8.9400
0.232000000000000 8.9372
0.234000000000000 8.9344
0.236000000000000 8.9316
0.238000000000000 8.9288
0.240000000000000 8.9260
0.242000000000000 8.9232
0.244000000000000 8.9203
0.246000000000000 8.9175
0.248000000000000 8.9147
0.250000000000000 8.9119
0.252000000000000 8.9091
0.254000000000000 8.9063
0.256000000000000 8.9035
0.258000000000000 8.9007
0.260000000000000 8.8978
0.262000000000000 8.8950
0.264000000000000 8.8922
0.266000000000000 8.8894
0.268000000000000 8.8866
0.270000000000000 8.8837
0.272000000000000 8.8809
0.274000000000000 8.8781
0.276000000000000 8.8752
0.278000000000000 8.8724
0.280000000000000 8.8696
0.282000000000000 8.8667
0.284000000000000 8.8639
0.286000000000000 8.8611
0.288000000000000 8.8582
0.290000000000000 8.8554
0.292000000000000 8.8525
0.294000000000000 8.8497
0.296000000000000 8.8468
0.298000000000000 8.8440
0.300000000000000 8.8411
0.302000000000000 8.8383
0.304000000000000 8.8354
0.306000000000000 8.8326
0.308000000000000 8.8297
0.310000000000000 8.8269
0.312000000000000 8.8240
0.314000000000000 8.8212
0.316000000000000 8.8183
0.318000000000000 8.8154
0.320000000000000 8.8126
0.322000000000000 8.8097
0.324000000000000 8.8068
0.326000000000000 8.8040
0.328000000000000 8.8011
0.330000000000000 8.7982
0.332000000000000 8.7953
0.334000000000000 8.7925
0.336000000000000 8.7896
0.338000000000000 8.7867
0.340000000000000 8.7838
0.342000000000000 8.7810
0.344000000000000 8.7781
0.346000000000000 8.7752
0.348000000000000 8.7723
0.350000000000000 8.7694
0.352000000000000 8.7665
0.354000000000000 8.7637
0.356000000000000 8.7608
0.358000000000000 8.7579
0.360000000000000 8.7550
0.362000000000000 8.7521
0.364000000000000 8.7492
0.366000000000000 8.7463
0.368000000000000 8.7434
0.370000000000000 8.7405
0.372000000000000 8.7376
0.374000000000000 8.7347
0.376000000000000 8.7318
0.378000000000000 8.7289
0.380000000000000 8.7260
0.382000000000000 8.7231
0.384000000000000 8.7202
0.386000000000000 8.7173
0.388000000000000 8.7144
0.390000000000000 8.7115
0.392000000000000 8.7086
0.394000000000000 8.7056
0.396000000000000 8.7027
0.398000000000000 8.6998
0.400000000000000 8.6969
0.402000000000000 8.6940
0.404000000000000 8.6911
0.406000000000000 8.6882
0.408000000000000 8.6852
0.410000000000000 8.6823
0.412000000000000 8.6794
0.414000000000000 8.6765
0.416000000000000 8.6735
0.418000000000000 8.6706
0.420000000000000 8.6677
0.422000000000000 8.6647
0.424000000000000 8.6618
0.426000000000000 8.6589
0.428000000000000 8.6560
0.430000000000000 8.6530
0.432000000000000 8.6501
0.434000000000000 8.6472
0.436000000000000 8.6442
0.438000000000000 8.6413
0.440000000000000 8.6384
0.442000000000000 8.6354
0.444000000000000 8.6325
0.446000000000000 8.6295
0.448000000000000 8.6266
0.450000000000000 8.6236
0.452000000000000 8.6207
0.454000000000000 8.6178
0.456000000000000 8.6148
0.458000000000000 8.6119
0.460000000000000 8.6089
0.462000000000000 8.6060
0.464000000000000 8.6030
0.466000000000000 8.6001
0.468000000000000 8.5971
0.470000000000000 8.5942
0.472000000000000 8.5912
0.474000000000000 8.5883
0.476000000000000 8.5853
0.478000000000000 8.5823
0.480000000000000 8.5794
0.482000000000000 8.5764
0.484000000000000 8.5735
0.486000000000000 8.5705
0.488000000000000 8.5675
0.490000000000000 8.5646
0.492000000000000 8.5616
0.494000000000000 8.5587
0.496000000000000 8.5557
0.498000000000000 8.5527
0.500000000000000 8.5498
0.502000000000000 8.5468
0.504000000000000 8.5438
0.506000000000000 8.5408
0.508000000000000 8.5379
0.510000000000000 8.5349
0.512000000000000 8.5319
0.514000000000000 8.5289
0.516000000000000 8.5260
0.518000000000000 8.5230
0.520000000000000 8.5200
0.522000000000000 8.5170
0.524000000000000 8.5141
0.526000000000000 8.5111
0.528000000000000 8.5081
0.530000000000000 8.5051
0.532000000000000 8.5022
0.534000000000000 8.4992
0.536000000000000 8.4962
0.538000000000000 8.4932
0.540000000000000 8.4902
0.542000000000000 8.4872
0.544000000000000 8.4843
0.546000000000000 8.4813
0.548000000000000 8.4783
0.550000000000000 8.4753
0.552000000000000 8.4723
0.554000000000000 8.4693
0.556000000000000 8.4663
0.558000000000000 8.4633
0.560000000000000 8.4603
0.562000000000000 8.4573
0.564000000000000 8.4543
0.566000000000000 8.4514
0.568000000000000 8.4484
0.570000000000000 8.4454
0.572000000000000 8.4424
0.574000000000000 8.4394
0.576000000000000 8.4364
0.578000000000000 8.4334
0.580000000000000 8.4304
0.582000000000000 8.4274
0.584000000000000 8.4244
0.586000000000000 8.4214
0.588000000000000 8.4184
0.590000000000000 8.4154
0.592000000000000 8.4124
0.594000000000000 8.4094
0.596000000000000 8.4064
0.598000000000000 8.4034
0.600000000000000 8.4003
0.602000000000000 8.3973
0.604000000000000 8.3943
0.606000000000000 8.3913
0.608000000000000 8.3883
0.610000000000000 8.3853
0.612000000000000 8.3823
0.614000000000000 8.3793
0.616000000000000 8.3763
0.618000000000000 8.3733
0.620000000000000 8.3703
0.622000000000000 8.3673
0.624000000000000 8.3643
0.626000000000000 8.3613
0.628000000000000 8.3583
0.630000000000000 8.3552
0.632000000000000 8.3522
0.634000000000000 8.3492
0.636000000000000 8.3462
0.638000000000000 8.3432
0.640000000000000 8.3401
0.642000000000000 8.3371
0.644000000000000 8.3341
0.646000000000000 8.3311
0.648000000000000 8.3280
0.650000000000000 8.3250
0.652000000000000 8.3220
0.654000000000000 8.3190
0.656000000000000 8.3160
0.658000000000000 8.3129
0.660000000000000 8.3099
0.662000000000000 8.3069
0.664000000000000 8.3039
0.666000000000000 8.3009
0.668000000000000 8.2978
0.670000000000000 8.2948
0.672000000000000 8.2918
0.674000000000000 8.2888
0.676000000000000 8.2858
0.678000000000000 8.2827
0.680000000000000 8.2797
0.682000000000000 8.2767
0.684000000000000 8.2737
0.686000000000000 8.2706
0.688000000000000 8.2676
0.690000000000000 8.2646
0.692000000000000 8.2616
0.694000000000000 8.2586
0.696000000000000 8.2555
0.698000000000000 8.2525
0.700000000000000 8.2495
0.702000000000000 8.2464
0.704000000000000 8.2434
0.706000000000000 8.2403
0.708000000000000 8.2373
0.710000000000000 8.2343
0.712000000000000 8.2312
0.714000000000000 8.2282
0.716000000000000 8.2252
0.718000000000000 8.2221
0.720000000000000 8.2191
0.722000000000000 8.2160
0.724000000000000 8.2130
0.726000000000000 8.2100
0.728000000000000 8.2069
0.730000000000000 8.2039
0.732000000000000 8.2009
0.734000000000000 8.1978
0.736000000000000 8.1948
0.738000000000000 8.1918
0.740000000000000 8.1887
0.742000000000000 8.1857
0.744000000000000 8.1826
0.746000000000000 8.1796
0.748000000000000 8.1766
0.750000000000000 8.1735
0.752000000000000 8.1705
0.754000000000000 8.1675
0.756000000000000 8.1644
0.758000000000000 8.1614
0.760000000000000 8.1584
0.762000000000000 8.1553
0.764000000000000 8.1523
0.766000000000000 8.1492
0.768000000000000 8.1462
0.770000000000000 8.1432
0.772000000000000 8.1401
0.774000000000000 8.1371
0.776000000000000 8.1341
0.778000000000000 8.1310
0.780000000000000 8.1280
0.782000000000000 8.1250
0.784000000000000 8.1219
0.786000000000000 8.1189
0.788000000000000 8.1158
0.790000000000000 8.1128
0.792000000000000 8.1098
0.794000000000000 8.1067
0.796000000000000 8.1037
0.798000000000000 8.1006
0.800000000000000 8.0975
0.802000000000000 8.0945
0.804000000000000 8.0914
0.806000000000000 8.0884
0.808000000000000 8.0853
0.810000000000000 8.0823
0.812000000000000 8.0792
0.814000000000000 8.0762
0.816000000000000 8.0731
0.818000000000000 8.0701
0.820000000000000 8.0670
0.822000000000000 8.0640
0.824000000000000 8.0609
0.826000000000000 8.0579
0.828000000000000 8.0548
0.830000000000000 8.0518
0.832000000000000 8.0487
0.834000000000000 8.0457
0.836000000000000 8.0426
0.838000000000000 8.0396
0.840000000000000 8.0365
0.842000000000000 8.0335
0.844000000000000 8.0304
0.846000000000000 8.0274
0.848000000000000 8.0243
0.850000000000000 8.0213
0.852000000000000 8.0182
0.854000000000000 8.0152
0.856000000000000 8.0121
0.858000000000000 8.0090
0.860000000000000 8.0060
0.862000000000000 8.0029
0.864000000000000 7.9999
0.866000000000000 7.9968
0.868000000000000 7.9938
0.870000000000000 7.9907
0.872000000000000 7.9877
0.874000000000000 7.9846
0.876000000000000 7.9816
0.878000000000000 7.9785
0.880000000000000 7.9755
0.882000000000000 7.9724
0.884000000000000 7.9694
0.886000000000000 7.9663
0.888000000000000 7.9633
0.890000000000000 7.9602
0.892000000000000 7.9572
0.894000000000000 7.9541
0.896000000000000 7.9511
0.898000000000000 7.9480
0.900000000000000 7.9450
0.902000000000000 7.9419
0.904000000000000 7.9389
0.906000000000000 7.9358
0.908000000000000 7.9328
0.910000000000000 7.9297
0.912000000000000 7.9267
0.914000000000000 7.9236
0.916000000000000 7.9205
0.918000000000000 7.9175
0.920000000000000 7.9144
0.922000000000000 7.9114
0.924000000000000 7.9083
0.926000000000000 7.9052
0.928000000000000 7.9022
0.930000000000000 7.8991
0.932000000000000 7.8961
0.934000000000000 7.8930
0.936000000000000 7.8899
0.938000000000000 7.8869
0.940000000000000 7.8838
0.942000000000000 7.8808
0.944000000000000 7.8777
0.946000000000000 7.8746
0.948000000000000 7.8716
0.950000000000000 7.8685
0.952000000000000 7.8655
0.954000000000000 7.8624
0.956000000000000 7.8594
0.958000000000000 7.8563
0.960000000000000 7.8532
0.962000000000000 7.8502
0.964000000000000 7.8471
0.966000000000000 7.8441
0.968000000000000 7.8410
0.970000000000000 7.8379
0.972000000000000 7.8349
0.974000000000000 7.8318
0.976000000000000 7.8288
0.978000000000000 7.8257
0.980000000000000 7.8226
0.982000000000000 7.8196
0.984000000000000 7.8165
0.986000000000000 7.8135
0.988000000000000 7.8104
0.990000000000000 7.8073
0.992000000000000 7.8043
0.994000000000000 7.8012
0.996000000000000 7.7982
0.998000000000000 7.7951
1.00000000000000 7.7920
1.00200000000000 7.7890
1.00400000000000 7.7859
1.00600000000000 7.7829
1.00800000000000 7.7798
1.01000000000000 7.7767
1.01200000000000 7.7737
1.01400000000000 7.7706
1.01600000000000 7.7676
1.01800000000000 7.7645
1.02000000000000 7.7615
1.02200000000000 7.7584
1.02400000000000 7.7553
1.02600000000000 7.7523
1.02800000000000 7.7492
1.03000000000000 7.7462
1.03200000000000 7.7431
1.03400000000000 7.7400
1.03600000000000 7.7370
1.03800000000000 7.7339
1.04000000000000 7.7308
1.04200000000000 7.7278
1.04400000000000 7.7247
1.04600000000000 7.7216
1.04800000000000 7.7186
1.05000000000000 7.7155
1.05200000000000 7.7124
1.05400000000000 7.7094
1.05600000000000 7.7063
1.05800000000000 7.7032
1.06000000000000 7.7002
1.06200000000000 7.6971
1.06400000000000 7.6940
1.06600000000000 7.6910
1.06800000000000 7.6879
1.07000000000000 7.6848
1.07200000000000 7.6818
1.07400000000000 7.6787
1.07600000000000 7.6756
1.07800000000000 7.6726
1.08000000000000 7.6695
1.08200000000000 7.6664
1.08400000000000 7.6634
1.08600000000000 7.6603
1.08800000000000 7.6572
1.09000000000000 7.6542
1.09200000000000 7.6511
1.09400000000000 7.6480
1.09600000000000 7.6450
1.09800000000000 7.6419
1.10000000000000 7.6388
1.10200000000000 7.6357
1.10400000000000 7.6327
1.10600000000000 7.6296
1.10800000000000 7.6265
1.11000000000000 7.6235
1.11200000000000 7.6204
1.11400000000000 7.6173
1.11600000000000 7.6143
1.11800000000000 7.6112
1.12000000000000 7.6081
1.12200000000000 7.6051
1.12400000000000 7.6020
1.12600000000000 7.5989
1.12800000000000 7.5959
1.13000000000000 7.5928
1.13200000000000 7.5897
1.13400000000000 7.5867
1.13600000000000 7.5836
1.13800000000000 7.5805
1.14000000000000 7.5774
1.14200000000000 7.5744
1.14400000000000 7.5713
1.14600000000000 7.5682
1.14800000000000 7.5651
1.15000000000000 7.5621
1.15200000000000 7.5590
1.15400000000000 7.5559
1.15600000000000 7.5528
1.15800000000000 7.5498
1.16000000000000 7.5467
1.16200000000000 7.5436
1.16400000000000 7.5405
1.16600000000000 7.5375
1.16800000000000 7.5344
1.17000000000000 7.5313
1.17200000000000 7.5282
1.17400000000000 7.5252
1.17600000000000 7.5221
1.17800000000000 7.5190
1.18000000000000 7.5159
1.18200000000000 7.5129
1.18400000000000 7.5098
1.18600000000000 7.5067
1.18800000000000 7.5036
1.19000000000000 7.5006
1.19200000000000 7.4975
1.19400000000000 7.4944
1.19600000000000 7.4913
1.19800000000000 7.4883
1.20000000000000 7.4852
1.20200000000000 7.4821
1.20400000000000 7.4790
1.20600000000000 7.4759
1.20800000000000 7.4728
1.21000000000000 7.4698
1.21200000000000 7.4667
1.21400000000000 7.4636
1.21600000000000 7.4605
1.21800000000000 7.4574
1.22000000000000 7.4543
1.22200000000000 7.4513
1.22400000000000 7.4482
1.22600000000000 7.4451
1.22800000000000 7.4420
1.23000000000000 7.4389
1.23200000000000 7.4359
1.23400000000000 7.4328
1.23600000000000 7.4297
1.23800000000000 7.4266
1.24000000000000 7.4235
1.24200000000000 7.4204
1.24400000000000 7.4174
1.24600000000000 7.4143
1.24800000000000 7.4112
1.25000000000000 7.4081
1.25200000000000 7.4050
1.25400000000000 7.4019
1.25600000000000 7.3988
1.25800000000000 7.3957
1.26000000000000 7.3926
1.26200000000000 7.3896
1.26400000000000 7.3865
1.26600000000000 7.3834
1.26800000000000 7.3803
1.27000000000000 7.3772
1.27200000000000 7.3741
1.27400000000000 7.3710
1.27600000000000 7.3679
1.27800000000000 7.3648
1.28000000000000 7.3617
1.28200000000000 7.3587
1.28400000000000 7.3556
1.28600000000000 7.3525
1.28800000000000 7.3494
1.29000000000000 7.3463
1.29200000000000 7.3432
1.29400000000000 7.3401
1.29600000000000 7.3370
1.29800000000000 7.3339
1.30000000000000 7.3308
1.30200000000000 7.3277
1.30400000000000 7.3246
1.30600000000000 7.3215
1.30800000000000 7.3184
1.31000000000000 7.3153
1.31200000000000 7.3122
1.31400000000000 7.3091
1.31600000000000 7.3060
1.31800000000000 7.3029
1.32000000000000 7.2998
1.32200000000000 7.2967
1.32400000000000 7.2936
1.32600000000000 7.2905
1.32800000000000 7.2874
1.33000000000000 7.2843
1.33200000000000 7.2812
1.33400000000000 7.2781
1.33600000000000 7.2750
1.33800000000000 7.2719
1.34000000000000 7.2688
1.34200000000000 7.2657
1.34400000000000 7.2626
1.34600000000000 7.2595
1.34800000000000 7.2564
1.35000000000000 7.2533
1.35200000000000 7.2502
1.35400000000000 7.2471
1.35600000000000 7.2439
1.35800000000000 7.2408
1.36000000000000 7.2377
1.36200000000000 7.2346
1.36400000000000 7.2315
1.36600000000000 7.2284
1.36800000000000 7.2253
1.37000000000000 7.2222
1.37200000000000 7.2190
1.37400000000000 7.2159
1.37600000000000 7.2128
1.37800000000000 7.2097
1.38000000000000 7.2066
1.38200000000000 7.2035
1.38400000000000 7.2004
1.38600000000000 7.1972
1.38800000000000 7.1941
1.39000000000000 7.1910
1.39200000000000 7.1879
1.39400000000000 7.1848
1.39600000000000 7.1816
1.39800000000000 7.1785
1.40000000000000 7.1754
1.40200000000000 7.1723
1.40400000000000 7.1692
1.40600000000000 7.1660
1.40800000000000 7.1629
1.41000000000000 7.1598
1.41200000000000 7.1566
1.41400000000000 7.1535
1.41600000000000 7.1504
1.41800000000000 7.1473
1.42000000000000 7.1441
1.42200000000000 7.1410
1.42400000000000 7.1379
1.42600000000000 7.1348
1.42800000000000 7.1316
1.43000000000000 7.1285
1.43200000000000 7.1254
1.43400000000000 7.1222
1.43600000000000 7.1191
1.43800000000000 7.1160
1.44000000000000 7.1128
1.44200000000000 7.1097
1.44400000000000 7.1065
1.44600000000000 7.1034
1.44800000000000 7.1003
1.45000000000000 7.0971
1.45200000000000 7.0940
1.45400000000000 7.0909
1.45600000000000 7.0877
1.45800000000000 7.0846
1.46000000000000 7.0814
1.46200000000000 7.0783
1.46400000000000 7.0751
1.46600000000000 7.0720
1.46800000000000 7.0689
1.47000000000000 7.0657
1.47200000000000 7.0626
1.47400000000000 7.0594
1.47600000000000 7.0563
1.47800000000000 7.0531
1.48000000000000 7.0500
1.48200000000000 7.0468
1.48400000000000 7.0437
1.48600000000000 7.0405
1.48800000000000 7.0374
1.49000000000000 7.0342
1.49200000000000 7.0311
1.49400000000000 7.0279
1.49600000000000 7.0247
1.49800000000000 7.0216
1.50000000000000 7.0184
1.50200000000000 7.0153
1.50400000000000 7.0121
1.50600000000000 7.0089
1.50800000000000 7.0058
1.51000000000000 7.0026
1.51200000000000 6.9995
1.51400000000000 6.9963
1.51600000000000 6.9931
1.51800000000000 6.9900
1.52000000000000 6.9868
1.52200000000000 6.9836
1.52400000000000 6.9805
1.52600000000000 6.9773
1.52800000000000 6.9741
1.53000000000000 6.9709
1.53200000000000 6.9678
1.53400000000000 6.9646
1.53600000000000 6.9614
1.53800000000000 6.9582
1.54000000000000 6.9551
1.54200000000000 6.9519
1.54400000000000 6.9487
1.54600000000000 6.9455
1.54800000000000 6.9423
1.55000000000000 6.9392
1.55200000000000 6.9360
1.55400000000000 6.9328
1.55600000000000 6.9296
1.55800000000000 6.9264
1.56000000000000 6.9232
1.56200000000000 6.9200
1.56400000000000 6.9168
1.56600000000000 6.9137
1.56800000000000 6.9105
1.57000000000000 6.9073
1.57200000000000 6.9041
1.57400000000000 6.9009
1.57600000000000 6.8977
1.57800000000000 6.8945
1.58000000000000 6.8913
1.58200000000000 6.8881
1.58400000000000 6.8849
1.58600000000000 6.8817
1.58800000000000 6.8785
1.59000000000000 6.8753
1.59200000000000 6.8721
1.59400000000000 6.8689
1.59600000000000 6.8657
1.59800000000000 6.8624
1.60000000000000 6.8592
1.60200000000000 6.8560
1.60400000000000 6.8528
1.60600000000000 6.8496
1.60800000000000 6.8464
1.61000000000000 6.8432
1.61200000000000 6.8400
1.61400000000000 6.8367
1.61600000000000 6.8335
1.61800000000000 6.8303
1.62000000000000 6.8271
1.62200000000000 6.8238
1.62400000000000 6.8206
1.62600000000000 6.8174
1.62800000000000 6.8142
1.63000000000000 6.8109
1.63200000000000 6.8077
1.63400000000000 6.8045
1.63600000000000 6.8012
1.63800000000000 6.7980
1.64000000000000 6.7948
1.64200000000000 6.7915
1.64400000000000 6.7883
1.64600000000000 6.7850
1.64800000000000 6.7818
1.65000000000000 6.7786
1.65200000000000 6.7753
1.65400000000000 6.7721
1.65600000000000 6.7688
1.65800000000000 6.7656
1.66000000000000 6.7623
1.66200000000000 6.7591
1.66400000000000 6.7558
1.66600000000000 6.7526
1.66800000000000 6.7493
1.67000000000000 6.7461
1.67200000000000 6.7428
1.67400000000000 6.7395
1.67600000000000 6.7363
1.67800000000000 6.7330
1.68000000000000 6.7297
1.68200000000000 6.7265
1.68400000000000 6.7232
1.68600000000000 6.7199
1.68800000000000 6.7167
1.69000000000000 6.7134
1.69200000000000 6.7101
1.69400000000000 6.7068
1.69600000000000 6.7036
1.69800000000000 6.7003
1.70000000000000 6.6970
1.70200000000000 6.6937
1.70400000000000 6.6904
1.70600000000000 6.6872
1.70800000000000 6.6839
1.71000000000000 6.6806
1.71200000000000 6.6773
1.71400000000000 6.6740
1.71600000000000 6.6707
1.71800000000000 6.6674
1.72000000000000 6.6641
1.72200000000000 6.6608
1.72400000000000 6.6575
1.72600000000000 6.6542
1.72800000000000 6.6509
1.73000000000000 6.6476
1.73200000000000 6.6443
1.73400000000000 6.6410
1.73600000000000 6.6377
1.73800000000000 6.6344
1.74000000000000 6.6310
1.74200000000000 6.6277
1.74400000000000 6.6244
1.74600000000000 6.6211
1.74800000000000 6.6178
1.75000000000000 6.6144
1.75200000000000 6.6111
1.75400000000000 6.6078
1.75600000000000 6.6044
1.75800000000000 6.6011
1.76000000000000 6.5978
1.76200000000000 6.5944
1.76400000000000 6.5911
1.76600000000000 6.5878
1.76800000000000 6.5844
1.77000000000000 6.5811
1.77200000000000 6.5777
1.77400000000000 6.5744
1.77600000000000 6.5710
1.77800000000000 6.5677
1.78000000000000 6.5643
1.78200000000000 6.5610
1.78400000000000 6.5576
1.78600000000000 6.5542
1.78800000000000 6.5509
1.79000000000000 6.5475
1.79200000000000 6.5441
1.79400000000000 6.5408
1.79600000000000 6.5374
1.79800000000000 6.5340
1.80000000000000 6.5306
1.80200000000000 6.5273
1.80400000000000 6.5239
1.80600000000000 6.5205
1.80800000000000 6.5171
1.81000000000000 6.5137
1.81200000000000 6.5103
1.81400000000000 6.5069
1.81600000000000 6.5035
1.81800000000000 6.5001
1.82000000000000 6.4967
1.82200000000000 6.4933
1.82400000000000 6.4899
1.82600000000000 6.4865
1.82800000000000 6.4831
1.83000000000000 6.4797
1.83200000000000 6.4763
1.83400000000000 6.4729
1.83600000000000 6.4695
1.83800000000000 6.4660
1.84000000000000 6.4626
1.84200000000000 6.4592
1.84400000000000 6.4557
1.84600000000000 6.4523
1.84800000000000 6.4489
1.85000000000000 6.4454
1.85200000000000 6.4420
1.85400000000000 6.4386
1.85600000000000 6.4351
1.85800000000000 6.4317
1.86000000000000 6.4282
1.86200000000000 6.4248
1.86400000000000 6.4213
1.86600000000000 6.4178
1.86800000000000 6.4144
1.87000000000000 6.4109
1.87200000000000 6.4074
1.87400000000000 6.4040
1.87600000000000 6.4005
1.87800000000000 6.3970
1.88000000000000 6.3935
1.88200000000000 6.3901
1.88400000000000 6.3866
1.88600000000000 6.3831
1.88800000000000 6.3796
1.89000000000000 6.3761
1.89200000000000 6.3726
1.89400000000000 6.3691
1.89600000000000 6.3656
1.89800000000000 6.3621
1.90000000000000 6.3586
1.90200000000000 6.3551
1.90400000000000 6.3516
1.90600000000000 6.3480
1.90800000000000 6.3445
1.91000000000000 6.3410
1.91200000000000 6.3375
1.91400000000000 6.3339
1.91600000000000 6.3304
1.91800000000000 6.3269
1.92000000000000 6.3233
1.92200000000000 6.3198
1.92400000000000 6.3162
1.92600000000000 6.3127
1.92800000000000 6.3091
1.93000000000000 6.3056
1.93200000000000 6.3020
1.93400000000000 6.2984
1.93600000000000 6.2949
1.93800000000000 6.2913
1.94000000000000 6.2877
1.94200000000000 6.2841
1.94400000000000 6.2806
1.94600000000000 6.2770
1.94800000000000 6.2734
1.95000000000000 6.2698
1.95200000000000 6.2662
1.95400000000000 6.2626
1.95600000000000 6.2590
1.95800000000000 6.2554
1.96000000000000 6.2518
1.96200000000000 6.2482
1.96400000000000 6.2445
1.96600000000000 6.2409
1.96800000000000 6.2373
1.97000000000000 6.2337
1.97200000000000 6.2300
1.97400000000000 6.2264
1.97600000000000 6.2227
1.97800000000000 6.2191
1.98000000000000 6.2154
1.98200000000000 6.2118
1.98400000000000 6.2081
1.98600000000000 6.2044
1.98800000000000 6.2008
1.99000000000000 6.1971
1.99200000000000 6.1934
1.99400000000000 6.1897
1.99600000000000 6.1861
1.99800000000000 6.1824
2.00000000000000 6.1787
2.00200000000000 6.1750
2.00400000000000 6.1713
2.00600000000000 6.1676
2.00800000000000 6.1638
2.01000000000000 6.1601
2.01200000000000 6.1564
2.01400000000000 6.1527
2.01600000000000 6.1489
2.01800000000000 6.1452
2.02000000000000 6.1415
2.02200000000000 6.1377
2.02400000000000 6.1340
2.02600000000000 6.1302
2.02800000000000 6.1264
2.03000000000000 6.1227
2.03200000000000 6.1189
2.03400000000000 6.1151
2.03600000000000 6.1114
2.03800000000000 6.1076
2.04000000000000 6.1038
2.04200000000000 6.1000
2.04400000000000 6.0962
2.04600000000000 6.0924
2.04800000000000 6.0886
2.05000000000000 6.0847
2.05200000000000 6.0809
2.05400000000000 6.0771
2.05600000000000 6.0732
2.05800000000000 6.0694
2.06000000000000 6.0656
2.06200000000000 6.0617
2.06400000000000 6.0578
2.06600000000000 6.0540
2.06800000000000 6.0501
2.07000000000000 6.0462
2.07200000000000 6.0424
2.07400000000000 6.0385
2.07600000000000 6.0346
2.07800000000000 6.0307
2.08000000000000 6.0268
2.08200000000000 6.0229
2.08400000000000 6.0189
2.08600000000000 6.0150
2.08800000000000 6.0111
2.09000000000000 6.0071
2.09200000000000 6.0032
2.09400000000000 5.9992
2.09600000000000 5.9953
2.09800000000000 5.9913
2.10000000000000 5.9873
2.10200000000000 5.9834
2.10400000000000 5.9794
2.10600000000000 5.9754
2.10800000000000 5.9714
2.11000000000000 5.9674
2.11200000000000 5.9634
2.11400000000000 5.9594
2.11600000000000 5.9553
2.11800000000000 5.9513
2.12000000000000 5.9472
2.12200000000000 5.9432
2.12400000000000 5.9391
2.12600000000000 5.9351
2.12800000000000 5.9310
2.13000000000000 5.9269
2.13200000000000 5.9228
2.13400000000000 5.9187
2.13600000000000 5.9146
2.13800000000000 5.9105
2.14000000000000 5.9064
2.14200000000000 5.9022
2.14400000000000 5.8981
2.14600000000000 5.8940
2.14800000000000 5.8898
2.15000000000000 5.8856
2.15200000000000 5.8815
2.15400000000000 5.8773
2.15600000000000 5.8731
2.15800000000000 5.8689
2.16000000000000 5.8647
2.16200000000000 5.8604
2.16400000000000 5.8562
2.16600000000000 5.8520
2.16800000000000 5.8477
2.17000000000000 5.8434
2.17200000000000 5.8392
2.17400000000000 5.8349
2.17600000000000 5.8306
2.17800000000000 5.8263
2.18000000000000 5.8220
2.18200000000000 5.8177
2.18400000000000 5.8133
2.18600000000000 5.8090
2.18800000000000 5.8046
2.19000000000000 5.8003
2.19200000000000 5.7959
2.19400000000000 5.7915
2.19600000000000 5.7871
2.19800000000000 5.7827
2.20000000000000 5.7783
2.20200000000000 5.7738
2.20400000000000 5.7694
2.20600000000000 5.7649
2.20800000000000 5.7604
2.21000000000000 5.7559
2.21200000000000 5.7514
2.21400000000000 5.7469
2.21600000000000 5.7424
2.21800000000000 5.7379
2.22000000000000 5.7333
2.22200000000000 5.7287
2.22400000000000 5.7241
2.22600000000000 5.7196
2.22800000000000 5.7149
2.23000000000000 5.7103
2.23200000000000 5.7057
2.23400000000000 5.7010
2.23600000000000 5.6964
2.23800000000000 5.6917
2.24000000000000 5.6870
2.24200000000000 5.6823
2.24400000000000 5.6775
2.24600000000000 5.6728
2.24800000000000 5.6680
2.25000000000000 5.6632
2.25200000000000 5.6584
2.25400000000000 5.6536
2.25600000000000 5.6487
2.25800000000000 5.6439
2.26000000000000 5.6390
2.26200000000000 5.6341
2.26400000000000 5.6292
2.26600000000000 5.6243
2.26800000000000 5.6193
2.27000000000000 5.6143
2.27200000000000 5.6093
2.27400000000000 5.6043
2.27600000000000 5.5993
2.27800000000000 5.5942
2.28000000000000 5.5891
2.28200000000000 5.5840
2.28400000000000 5.5789
2.28600000000000 5.5737
2.28800000000000 5.5686
2.29000000000000 5.5634
2.29200000000000 5.5581
2.29400000000000 5.5529
2.29600000000000 5.5476
2.29800000000000 5.5423
2.30000000000000 5.5370
2.30200000000000 5.5316
2.30400000000000 5.5262
2.30600000000000 5.5208
2.30800000000000 5.5153
2.31000000000000 5.5098
2.31200000000000 5.5043
2.31400000000000 5.4988
2.31600000000000 5.4932
2.31800000000000 5.4876
2.32000000000000 5.4819
2.32200000000000 5.4762
2.32400000000000 5.4705
2.32600000000000 5.4648
2.32800000000000 5.4590
2.33000000000000 5.4531
2.33200000000000 5.4472
2.33400000000000 5.4413
2.33600000000000 5.4353
2.33800000000000 5.4293
2.34000000000000 5.4233
2.34200000000000 5.4172
2.34400000000000 5.4110
2.34600000000000 5.4048
2.34800000000000 5.3986
2.35000000000000 5.3922
2.35200000000000 5.3859
2.35400000000000 5.3795
2.35600000000000 5.3730
2.35800000000000 5.3664
2.36000000000000 5.3598
2.36200000000000 5.3532
2.36400000000000 5.3464
2.36600000000000 5.3396
2.36800000000000 5.3328
2.37000000000000 5.3258
2.37200000000000 5.3188
2.37400000000000 5.3117
2.37600000000000 5.3045
2.37800000000000 5.2973
2.38000000000000 5.2900
2.38200000000000 5.2826
2.38400000000000 5.2751
2.38600000000000 5.2676
2.38800000000000 5.2600
2.39000000000000 5.2524
2.39200000000000 5.2448
2.39400000000000 5.2372
2.39600000000000 5.2296
2.39800000000000 5.2223
2.40000000000000 5.2152
2.40200000000000 5.2087
2.40400000000000 5.2029
2.40600000000000 5.1985
2.40800000000000 5.1960
2.41000000000000 5.1960
2.41200000000000 5.1992
2.41400000000000 5.2053
2.41600000000000 5.2137
2.41800000000000 5.2237
2.42000000000000 5.2344
2.42200000000000 5.2456
2.42400000000000 5.2569
2.42600000000000 5.2683
2.42800000000000 5.2796
2.43000000000000 5.2908
2.43200000000000 5.3018
2.43400000000000 5.3128
2.43600000000000 5.3236
2.43800000000000 5.3342
2.44000000000000 5.3447
2.44200000000000 5.3551
2.44400000000000 5.3654
2.44600000000000 5.3756
2.44800000000000 5.3856
2.45000000000000 5.3956
2.45200000000000 5.4054
2.45400000000000 5.4152
2.45600000000000 5.4248
2.45800000000000 5.4344
2.46000000000000 5.4439
2.46200000000000 5.4533
2.46400000000000 5.4626
2.46600000000000 5.4719
2.46800000000000 5.4811
2.47000000000000 5.4902
2.47200000000000 5.4993
2.47400000000000 5.5084
2.47600000000000 5.5173
2.47800000000000 5.5262
2.48000000000000 5.5351
2.48200000000000 5.5439
2.48400000000000 5.5527
2.48600000000000 5.5614
2.48800000000000 5.5701
2.49000000000000 5.5788
2.49200000000000 5.5874
2.49400000000000 5.5959
2.49600000000000 5.6045
2.49800000000000 5.6130
2.50000000000000 5.6215
2.50200000000000 5.6299
2.50400000000000 5.6383
2.50600000000000 5.6467
2.50800000000000 5.6551
2.51000000000000 5.6634
2.51200000000000 5.6717
2.51400000000000 5.6800
2.51600000000000 5.6883
2.51800000000000 5.6965
2.52000000000000 5.7048
2.52200000000000 5.7130
2.52400000000000 5.7212
2.52600000000000 5.7293
2.52800000000000 5.7375
2.53000000000000 5.7456
2.53200000000000 5.7538
2.53400000000000 5.7619
2.53600000000000 5.7700
2.53800000000000 5.7781
2.54000000000000 5.7862
2.54200000000000 5.7943
2.54400000000000 5.8023
2.54600000000000 5.8104
2.54800000000000 5.8185
2.55000000000000 5.8265
2.55200000000000 5.8345
2.55400000000000 5.8426
2.55600000000000 5.8506
2.55800000000000 5.8587
2.56000000000000 5.8667
2.56200000000000 5.8747
2.56400000000000 5.8828
2.56600000000000 5.8908
2.56800000000000 5.8988
2.57000000000000 5.9068
2.57200000000000 5.9149
2.57400000000000 5.9229
2.57600000000000 5.9310
2.57800000000000 5.9390
2.58000000000000 5.9471
2.58200000000000 5.9551
2.58400000000000 5.9632
2.58600000000000 5.9712
2.58800000000000 5.9793
2.59000000000000 5.9874
2.59200000000000 5.9955
2.59400000000000 6.0036
2.59600000000000 6.0117
2.59800000000000 6.0199
2.60000000000000 6.0280
2.60200000000000 6.0362
2.60400000000000 6.0443
2.60600000000000 6.0525
2.60800000000000 6.0608
2.61000000000000 6.0690
2.61200000000000 6.0772
2.61400000000000 6.0855
2.61600000000000 6.0938
2.61800000000000 6.1021
2.62000000000000 6.1104
2.62200000000000 6.1188
2.62400000000000 6.1271
2.62600000000000 6.1355
2.62800000000000 6.1440
2.63000000000000 6.1524
2.63200000000000 6.1609
2.63400000000000 6.1694
2.63600000000000 6.1780
2.63800000000000 6.1866
2.64000000000000 6.1952
2.64200000000000 6.2039
2.64400000000000 6.2126
2.64600000000000 6.2213
2.64800000000000 6.2301
2.65000000000000 6.2389
2.65200000000000 6.2478
2.65400000000000 6.2567
2.65600000000000 6.2657
2.65800000000000 6.2747
2.66000000000000 6.2838
2.66200000000000 6.2929
2.66400000000000 6.3021
2.66600000000000 6.3113
2.66800000000000 6.3207
2.67000000000000 6.3301
2.67200000000000 6.3395
2.67400000000000 6.3491
2.67600000000000 6.3587
2.67800000000000 6.3684
2.68000000000000 6.3782
2.68200000000000 6.3881
2.68400000000000 6.3981
2.68600000000000 6.4082
2.68800000000000 6.4184
2.69000000000000 6.4288
2.69200000000000 6.4392
2.69400000000000 6.4498
2.69600000000000 6.4606
2.69800000000000 6.4715
2.70000000000000 6.4826
2.70200000000000 6.4938
2.70400000000000 6.5053
2.70600000000000 6.5170
2.70800000000000 6.5289
2.71000000000000 6.5410
2.71200000000000 6.5535
2.71400000000000 6.5663
2.71600000000000 6.5794
2.71800000000000 6.5929
2.72000000000000 6.6069
2.72200000000000 6.6213
2.72400000000000 6.6364
2.72600000000000 6.6521
2.72800000000000 6.6684
2.73000000000000 6.6854
2.73200000000000 6.7021
2.73400000000000 6.7144
2.73600000000000 6.7069
2.73800000000000 6.6832
2.74000000000000 6.6600
2.74200000000000 6.6382
2.74400000000000 6.6174
2.74600000000000 6.5973
2.74800000000000 6.5779
2.75000000000000 6.5589
2.75200000000000 6.5403
2.75400000000000 6.5219
2.75600000000000 6.5038
2.75800000000000 6.4859
2.76000000000000 6.4680
2.76200000000000 6.4502
2.76400000000000 6.4324
2.76600000000000 6.4146
2.76800000000000 6.3968
2.77000000000000 6.3788
2.77200000000000 6.3606
2.77400000000000 6.3423
2.77600000000000 6.3237
2.77800000000000 6.3047
2.78000000000000 6.2854
2.78200000000000 6.2656
2.78400000000000 6.2451
2.78600000000000 6.2239
2.78800000000000 6.2017
2.79000000000000 6.1782
2.79200000000000 6.1531
2.79400000000000 6.1255
2.79600000000000 6.0943
