x y
0.000000000000000 0.000000000000000
0.00200000000000000 0.019034
0.00400000000000000 0.038109
0.00600000000000000 0.055877
0.00800000000000000 0.071550
0.0100000000000000 0.085093
0.0120000000000000 0.096826
0.0140000000000000 0.10711
0.0160000000000000 0.11625
0.0180000000000000 0.12447
0.0200000000000000 0.13196
0.0220000000000000 0.13883
0.0240000000000000 0.14518
0.0260000000000000 0.15111
0.0280000000000000 0.15666
0.0300000000000000 0.16189
0.0320000000000000 0.16683
0.0340000000000000 0.17153
0.0360000000000000 0.17600
0.0380000000000000 0.18026
0.0400000000000000 0.18435
0.0420000000000000 0.18828
0.0440000000000000 0.19205
0.0460000000000000 0.19569
0.0480000000000000 0.19920
0.0500000000000000 0.20260
0.0520000000000000 0.20588
0.0540000000000000 0.20907
0.0560000000000000 0.21216
0.0580000000000000 0.21516
0.0600000000000000 0.21809
0.0620000000000000 0.22093
0.0640000000000000 0.22370
0.0660000000000000 0.22640
0.0680000000000000 0.22904
0.0700000000000000 0.23162
0.0720000000000000 0.23413
0.0740000000000000 0.23659
0.0760000000000000 0.23900
0.0780000000000000 0.24136
0.0800000000000000 0.24367
0.0820000000000000 0.24593
0.0840000000000000 0.24815
0.0860000000000000 0.25032
0.0880000000000000 0.25246
0.0900000000000000 0.25455
0.0920000000000000 0.25661
0.0940000000000000 0.25863
0.0960000000000000 0.26062
0.0980000000000000 0.26257
0.100000000000000 0.26449
0.102000000000000 0.26638
0.104000000000000 0.26823
0.106000000000000 0.27006
0.108000000000000 0.27186
0.110000000000000 0.27363
0.112000000000000 0.27537
0.114000000000000 0.27709
0.116000000000000 0.27878
0.118000000000000 0.28045
0.120000000000000 0.28209
0.122000000000000 0.28371
0.124000000000000 0.28531
0.126000000000000 0.28688
0.128000000000000 0.28843
0.130000000000000 0.28996
0.132000000000000 0.29147
0.134000000000000 0.29296
0.136000000000000 0.29444
0.138000000000000 0.29589
0.140000000000000 0.29732
0.142000000000000 0.29873
0.144000000000000 0.30013
0.146000000000000 0.30151
0.148000000000000 0.30287
0.150000000000000 0.30421
0.152000000000000 0.30554
0.154000000000000 0.30685
0.156000000000000 0.30814
0.158000000000000 0.30942
0.160000000000000 0.31069
0.162000000000000 0.31193
0.164000000000000 0.31317
0.166000000000000 0.31439
0.168000000000000 0.31559
0.170000000000000 0.31678
0.172000000000000 0.31796
0.174000000000000 0.31912
0.176000000000000 0.32027
0.178000000000000 0.32141
0.180000000000000 0.32253
0.182000000000000 0.32364
0.184000000000000 0.32474
0.186000000000000 0.32582
0.188000000000000 0.32690
0.190000000000000 0.32796
0.192000000000000 0.32900
0.194000000000000 0.33004
0.196000000000000 0.33107
0.198000000000000 0.33208
0.200000000000000 0.33308
0.202000000000000 0.33407
0.204000000000000 0.33506
0.206000000000000 0.33602
0.208000000000000 0.33698
0.210000000000000 0.33793
0.212000000000000 0.33887
0.214000000000000 0.33980
0.216000000000000 0.34071
0.218000000000000 0.34162
0.220000000000000 0.34252
0.222000000000000 0.34340
0.224000000000000 0.34428
0.226000000000000 0.34515
0.228000000000000 0.34600
0.230000000000000 0.34685
0.232000000000000 0.34769
0.234000000000000 0.34852
0.236000000000000 0.34934
0.238000000000000 0.35015
0.240000000000000 0.35095
0.242000000000000 0.35174
0.244000000000000 0.35253
0.246000000000000 0.35330
0.248000000000000 0.35407
0.250000000000000 0.35483
0.252000000000000 0.35558
0.254000000000000 0.35632
0.256000000000000 0.35705
0.258000000000000 0.35777
0.260000000000000 0.35849
0.262000000000000 0.35919
0.264000000000000 0.35989
0.266000000000000 0.36058
0.268000000000000 0.36126
0.270000000000000 0.36194
0.272000000000000 0.36260
0.274000000000000 0.36326
0.276000000000000 0.36391
0.278000000000000 0.36456
0.280000000000000 0.36519
0.282000000000000 0.36582
0.284000000000000 0.36644
0.286000000000000 0.36705
0.288000000000000 0.36765
0.290000000000000 0.36825
0.292000000000000 0.36884
0.294000000000000 0.36942
0.296000000000000 0.37000
0.298000000000000 0.37056
0.300000000000000 0.37112
0.302000000000000 0.37167
0.304000000000000 0.37222
0.306000000000000 0.37276
0.308000000000000 0.37329
0.310000000000000 0.37381
0.312000000000000 0.37433
0.314000000000000 0.37484
0.316000000000000 0.37534
0.318000000000000 0.37584
0.320000000000000 0.37632
0.322000000000000 0.37681
0.324000000000000 0.37728
0.326000000000000 0.37775
0.328000000000000 0.37821
0.330000000000000 0.37866
0.332000000000000 0.37911
0.334000000000000 0.37955
0.336000000000000 0.37999
0.338000000000000 0.38041
0.340000000000000 0.38083
0.342000000000000 0.38125
0.344000000000000 0.38165
0.346000000000000 0.38205
0.348000000000000 0.38245
0.350000000000000 0.38284
0.352000000000000 0.38322
0.354000000000000 0.38359
0.356000000000000 0.38396
0.358000000000000 0.38432
0.360000000000000 0.38467
0.362000000000000 0.38502
0.364000000000000 0.38536
0.366000000000000 0.38570
0.368000000000000 0.38603
0.370000000000000 0.38635
0.372000000000000 0.38666
0.374000000000000 0.38697
0.376000000000000 0.38728
0.378000000000000 0.38757
0.380000000000000 0.38786
0.382000000000000 0.38815
0.384000000000000 0.38842
0.386000000000000 0.38870
0.388000000000000 0.38896
0.390000000000000 0.38922
0.392000000000000 0.38947
0.394000000000000 0.38972
0.396000000000000 0.38996
0.398000000000000 0.39019
0.400000000000000 0.39042
0.402000000000000 0.39064
0.404000000000000 0.39085
0.406000000000000 0.39106
0.408000000000000 0.39126
0.410000000000000 0.39146
0.412000000000000 0.39165
0.414000000000000 0.39183
0.416000000000000 0.39201
0.418000000000000 0.39218
0.420000000000000 0.39235
0.422000000000000 0.39250
0.424000000000000 0.39266
0.426000000000000 0.39280
0.428000000000000 0.39294
0.430000000000000 0.39308
0.432000000000000 0.39320
0.434000000000000 0.39332
0.436000000000000 0.39344
0.438000000000000 0.39355
0.440000000000000 0.39365
0.442000000000000 0.39375
0.444000000000000 0.39384
0.446000000000000 0.39392
0.448000000000000 0.39400
0.450000000000000 0.39407
0.452000000000000 0.39413
0.454000000000000 0.39419
0.456000000000000 0.39425
0.458000000000000 0.39429
0.460000000000000 0.39433
0.462000000000000 0.39437
0.464000000000000 0.39439
0.466000000000000 0.39441
0.468000000000000 0.39443
0.470000000000000 0.39444
0.472000000000000 0.39444
0.474000000000000 0.39443
0.476000000000000 0.39442
0.478000000000000 0.39441
0.480000000000000 0.39438
0.482000000000000 0.39435
0.484000000000000 0.39432
0.486000000000000 0.39428
0.488000000000000 0.39423
0.490000000000000 0.39417
0.492000000000000 0.39411
0.494000000000000 0.39404
0.496000000000000 0.39397
0.498000000000000 0.39389
0.500000000000000 0.39380
0.502000000000000 0.39371
0.504000000000000 0.39360
0.506000000000000 0.39350
0.508000000000000 0.39338
0.510000000000000 0.39326
0.512000000000000 0.39314
0.514000000000000 0.39300
0.516000000000000 0.39286
0.518000000000000 0.39272
0.520000000000000 0.39256
0.522000000000000 0.39240
0.524000000000000 0.39224
0.526000000000000 0.39206
0.528000000000000 0.39188
0.530000000000000 0.39170
0.532000000000000 0.39150
0.534000000000000 0.39130
0.536000000000000 0.39109
0.538000000000000 0.39088
0.540000000000000 0.39066
0.542000000000000 0.39043
0.544000000000000 0.39019
0.546000000000000 0.38995
0.548000000000000 0.38970
0.550000000000000 0.38944
0.552000000000000 0.38918
0.554000000000000 0.38891
0.556000000000000 0.38863
0.558000000000000 0.38835
0.560000000000000 0.38806
0.562000000000000 0.38776
0.564000000000000 0.38745
0.566000000000000 0.38714
0.568000000000000 0.38682
0.570000000000000 0.38649
0.572000000000000 0.38615
0.574000000000000 0.38581
0.576000000000000 0.38546
0.578000000000000 0.38510
0.580000000000000 0.38473
0.582000000000000 0.38436
0.584000000000000 0.38398
0.586000000000000 0.38359
0.588000000000000 0.38319
0.590000000000000 0.38279
0.592000000000000 0.38237
0.594000000000000 0.38195
0.596000000000000 0.38153
0.598000000000000 0.38109
0.600000000000000 0.38064
0.602000000000000 0.38019
0.604000000000000 0.37973
0.606000000000000 0.37926
0.608000000000000 0.37879
0.610000000000000 0.37830
0.612000000000000 0.37781
0.614000000000000 0.37731
0.616000000000000 0.37679
0.618000000000000 0.37628
0.620000000000000 0.37575
0.622000000000000 0.37521
0.624000000000000 0.37467
0.626000000000000 0.37411
0.628000000000000 0.37355
0.630000000000000 0.37298
0.632000000000000 0.37240
0.634000000000000 0.37181
0.636000000000000 0.37121
0.638000000000000 0.37060
0.640000000000000 0.36999
0.642000000000000 0.36936
0.644000000000000 0.36873
0.646000000000000 0.36808
0.648000000000000 0.36743
0.650000000000000 0.36676
0.652000000000000 0.36609
0.654000000000000 0.36540
0.656000000000000 0.36471
0.658000000000000 0.36400
0.660000000000000 0.36329
0.662000000000000 0.36257
0.664000000000000 0.36183
0.666000000000000 0.36109
0.668000000000000 0.36033
0.670000000000000 0.35956
0.672000000000000 0.35879
0.674000000000000 0.35800
0.676000000000000 0.35720
0.678000000000000 0.35639
0.680000000000000 0.35557
0.682000000000000 0.35474
0.684000000000000 0.35389
0.686000000000000 0.35304
0.688000000000000 0.35217
0.690000000000000 0.35129
0.692000000000000 0.35040
0.694000000000000 0.34949
0.696000000000000 0.34858
0.698000000000000 0.34765
0.700000000000000 0.34671
0.702000000000000 0.34576
0.704000000000000 0.34479
0.706000000000000 0.34381
0.708000000000000 0.34282
0.710000000000000 0.34181
0.712000000000000 0.34079
0.714000000000000 0.33976
0.716000000000000 0.33871
0.718000000000000 0.33765
0.720000000000000 0.33658
0.722000000000000 0.33549
0.724000000000000 0.33438
0.726000000000000 0.33326
0.728000000000000 0.33213
0.730000000000000 0.33097
0.732000000000000 0.32981
0.734000000000000 0.32863
0.736000000000000 0.32743
0.738000000000000 0.32621
0.740000000000000 0.32498
0.742000000000000 0.32373
0.744000000000000 0.32246
0.746000000000000 0.32118
0.748000000000000 0.31988
0.750000000000000 0.31856
0.752000000000000 0.31722
0.754000000000000 0.31586
0.756000000000000 0.31448
0.758000000000000 0.31309
0.760000000000000 0.31167
0.762000000000000 0.31023
0.764000000000000 0.30877
0.766000000000000 0.30730
0.768000000000000 0.30579
0.770000000000000 0.30427
0.772000000000000 0.30272
0.774000000000000 0.30116
0.776000000000000 0.29956
0.778000000000000 0.29795
0.780000000000000 0.29630
0.782000000000000 0.29464
0.784000000000000 0.29294
0.786000000000000 0.29122
0.788000000000000 0.28948
0.790000000000000 0.28770
0.792000000000000 0.28590
0.794000000000000 0.28406
0.796000000000000 0.28220
0.798000000000000 0.28031
0.800000000000000 0.27838
0.802000000000000 0.27642
0.804000000000000 0.27443
0.806000000000000 0.27240
0.808000000000000 0.27033
0.810000000000000 0.26823
0.812000000000000 0.26609
0.814000000000000 0.26391
0.816000000000000 0.26169
0.818000000000000 0.25943
0.820000000000000 0.25712
0.822000000000000 0.25477
0.824000000000000 0.25237
0.826000000000000 0.24992
0.828000000000000 0.24742
0.830000000000000 0.24487
0.832000000000000 0.24226
0.834000000000000 0.23960
0.836000000000000 0.23688
0.838000000000000 0.23409
0.840000000000000 0.23124
0.842000000000000 0.22831
0.844000000000000 0.22532
0.846000000000000 0.22225
0.848000000000000 0.21910
0.850000000000000 0.21586
0.852000000000000 0.21254
0.854000000000000 0.20912
0.856000000000000 0.20560
0.858000000000000 0.20198
0.860000000000000 0.19824
0.862000000000000 0.19437
0.864000000000000 0.19038
0.866000000000000 0.18625
0.868000000000000 0.18196
0.870000000000000 0.17751
0.872000000000000 0.17288
0.874000000000000 0.16805
0.876000000000000 0.16300
0.878000000000000 0.15772
0.880000000000000 0.15217
0.882000000000000 0.14633
0.884000000000000 0.14015
0.886000000000000 0.13358
0.888000000000000 0.12658
0.890000000000000 0.11907
0.892000000000000 0.11095
0.894000000000000 0.10211
0.896000000000000 0.092385
0.898000000000000 0.081565
0.900000000000000 0.069347
0.902000000000000 0.055300
0.904000000000000 0.038817
0.906000000000000 0.019103
0.908000000000000 -0.0044570
0.910000000000000 -0.030618
0.912000000000000 -0.054415
0.914000000000000 -0.072505
0.916000000000000 -0.086049
0.918000000000000 -0.096638
0.920000000000000 -0.10525
0.922000000000000 -0.11246
0.924000000000000 -0.11862
0.926000000000000 -0.12396
0.928000000000000 -0.12866
0.930000000000000 -0.13281
0.932000000000000 -0.13651
0.934000000000000 -0.13982
0.936000000000000 -0.14279
0.938000000000000 -0.14546
0.940000000000000 -0.14786
0.942000000000000 -0.15002
0.944000000000000 -0.15196
0.946000000000000 -0.15370
0.948000000000000 -0.15526
0.950000000000000 -0.15664
0.952000000000000 -0.15786
0.954000000000000 -0.15893
0.956000000000000 -0.15985
0.958000000000000 -0.16063
0.960000000000000 -0.16129
0.962000000000000 -0.16181
0.964000000000000 -0.16221
0.966000000000000 -0.16249
0.968000000000000 -0.16265
0.970000000000000 -0.16270
0.972000000000000 -0.16264
0.974000000000000 -0.16246
0.976000000000000 -0.16218
0.978000000000000 -0.16178
0.980000000000000 -0.16127
0.982000000000000 -0.16065
0.984000000000000 -0.15992
0.986000000000000 -0.15908
0.988000000000000 -0.15812
0.990000000000000 -0.15705
0.992000000000000 -0.15585
0.994000000000000 -0.15453
0.996000000000000 -0.15308
0.998000000000000 -0.15149
1.00000000000000 -0.14977
1.00200000000000 -0.14790
1.00400000000000 -0.14588
1.00600000000000 -0.14369
1.00800000000000 -0.14133
1.01000000000000 -0.13878
1.01200000000000 -0.13603
1.01400000000000 -0.13306
1.01600000000000 -0.12984
1.01800000000000 -0.12636
1.02000000000000 -0.12258
1.02200000000000 -0.11846
1.02400000000000 -0.11394
1.02600000000000 -0.10898
1.02800000000000 -0.10347
1.03000000000000 -0.097298
1.03200000000000 -0.090308
1.03400000000000 -0.082249
1.03600000000000 -0.072735
1.03800000000000 -0.061095
1.04000000000000 -0.046030
1.04200000000000 -0.024504
1.04400000000000 0.012324
1.04600000000000 0.064000
1.04800000000000 0.073506
1.05000000000000 0.079298
1.05200000000000 0.083065
1.05400000000000 0.085464
1.05600000000000 0.086815
1.05800000000000 0.087295
1.06000000000000 0.086996
1.06200000000000 0.085962
1.06400000000000 0.084195
1.06600000000000 0.081657
1.06800000000000 0.078269
1.07000000000000 0.073885
1.07200000000000 0.068265
1.07400000000000 0.060982
1.07600000000000 0.051219
1.07800000000000 0.037119
1.08000000000000 0.012927
1.08200000000000 -0.052995
1.08400000000000 -0.062576
1.08600000000000 -0.066705
1.08800000000000 -0.068280
1.09000000000000 -0.068061
1.09200000000000 -0.066292
1.09400000000000 -0.062960
1.09600000000000 -0.057820
1.09800000000000 -0.050261
