x y
0.000000000000000 -3.00000000000000
0.00200000000000000 -2.9974
0.00400000000000000 -2.9948
0.00600000000000000 -2.9922
0.00800000000000000 -2.9896
0.0100000000000000 -2.9871
0.0120000000000000 -2.9845
0.0140000000000000 -2.9819
0.0160000000000000 -2.9793
0.0180000000000000 -2.9767
0.0200000000000000 -2.9740
0.0220000000000000 -2.9714
0.0240000000000000 -2.9688
0.0260000000000000 -2.9662
0.0280000000000000 -2.9636
0.0300000000000000 -2.9610
0.0320000000000000 -2.9584
0.0340000000000000 -2.9558
0.0360000000000000 -2.9531
0.0380000000000000 -2.9505
0.0400000000000000 -2.9479
0.0420000000000000 -2.9453
0.0440000000000000 -2.9426
0.0460000000000000 -2.9400
0.0480000000000000 -2.9374
0.0500000000000000 -2.9348
0.0520000000000000 -2.9321
0.0540000000000000 -2.9295
0.0560000000000000 -2.9268
0.0580000000000000 -2.9242
0.0600000000000000 -2.9216
0.0620000000000000 -2.9189
0.0640000000000000 -2.9163
0.0660000000000000 -2.9136
0.0680000000000000 -2.9110
0.0700000000000000 -2.9083
0.0720000000000000 -2.9057
0.0740000000000000 -2.9030
0.0760000000000000 -2.9003
0.0780000000000000 -2.8977
0.0800000000000000 -2.8950
0.0820000000000000 -2.8924
0.0840000000000000 -2.8897
0.0860000000000000 -2.8870
0.0880000000000000 -2.8844
0.0900000000000000 -2.8817
0.0920000000000000 -2.8790
0.0940000000000000 -2.8763
0.0960000000000000 -2.8737
0.0980000000000000 -2.8710
0.100000000000000 -2.8683
0.102000000000000 -2.8656
0.104000000000000 -2.8629
0.106000000000000 -2.8603
0.108000000000000 -2.8576
0.110000000000000 -2.8549
0.112000000000000 -2.8522
0.114000000000000 -2.8495
0.116000000000000 -2.8468
0.118000000000000 -2.8441
0.120000000000000 -2.8414
0.122000000000000 -2.8387
0.124000000000000 -2.8360
0.126000000000000 -2.8333
0.128000000000000 -2.8306
0.130000000000000 -2.8279
0.132000000000000 -2.8252
0.134000000000000 -2.8224
0.136000000000000 -2.8197
0.138000000000000 -2.8170
0.140000000000000 -2.8143
0.142000000000000 -2.8116
0.144000000000000 -2.8088
0.146000000000000 -2.8061
0.148000000000000 -2.8034
0.150000000000000 -2.8007
0.152000000000000 -2.7979
0.154000000000000 -2.7952
0.156000000000000 -2.7925
0.158000000000000 -2.7897
0.160000000000000 -2.7870
0.162000000000000 -2.7843
0.164000000000000 -2.7815
0.166000000000000 -2.7788
0.168000000000000 -2.7760
0.170000000000000 -2.7733
0.172000000000000 -2.7705
0.174000000000000 -2.7678
0.176000000000000 -2.7650
0.178000000000000 -2.7623
0.180000000000000 -2.7595
0.182000000000000 -2.7568
0.184000000000000 -2.7540
0.186000000000000 -2.7513
0.188000000000000 -2.7485
0.190000000000000 -2.7457
0.192000000000000 -2.7430
0.194000000000000 -2.7402
0.196000000000000 -2.7374
0.198000000000000 -2.7346
0.200000000000000 -2.7319
0.202000000000000 -2.7291
0.204000000000000 -2.7263
0.206000000000000 -2.7235
0.208000000000000 -2.7208
0.210000000000000 -2.7180
0.212000000000000 -2.7152
0.214000000000000 -2.7124
0.216000000000000 -2.7096
0.218000000000000 -2.7068
0.220000000000000 -2.7041
0.222000000000000 -2.7013
0.224000000000000 -2.6985
0.226000000000000 -2.6957
0.228000000000000 -2.6929
0.230000000000000 -2.6901
0.232000000000000 -2.6873
0.234000000000000 -2.6845
0.236000000000000 -2.6817
0.238000000000000 -2.6789
0.240000000000000 -2.6761
0.242000000000000 -2.6732
0.244000000000000 -2.6704
0.246000000000000 -2.6676
0.248000000000000 -2.6648
0.250000000000000 -2.6620
0.252000000000000 -2.6592
0.254000000000000 -2.6564
0.256000000000000 -2.6535
0.258000000000000 -2.6507
0.260000000000000 -2.6479
0.262000000000000 -2.6451
0.264000000000000 -2.6422
0.266000000000000 -2.6394
0.268000000000000 -2.6366
0.270000000000000 -2.6337
0.272000000000000 -2.6309
0.274000000000000 -2.6281
0.276000000000000 -2.6252
0.278000000000000 -2.6224
0.280000000000000 -2.6196
0.282000000000000 -2.6167
0.284000000000000 -2.6139
0.286000000000000 -2.6110
0.288000000000000 -2.6082
0.290000000000000 -2.6053
0.292000000000000 -2.6025
0.294000000000000 -2.5996
0.296000000000000 -2.5968
0.298000000000000 -2.5939
0.300000000000000 -2.5911
0.302000000000000 -2.5882
0.304000000000000 -2.5854
0.306000000000000 -2.5825
0.308000000000000 -2.5796
0.310000000000000 -2.5768
0.312000000000000 -2.5739
0.314000000000000 -2.5710
0.316000000000000 -2.5682
0.318000000000000 -2.5653
0.320000000000000 -2.5624
0.322000000000000 -2.5596
0.324000000000000 -2.5567
0.326000000000000 -2.5538
0.328000000000000 -2.5509
0.330000000000000 -2.5481
0.332000000000000 -2.5452
0.334000000000000 -2.5423
0.336000000000000 -2.5394
0.338000000000000 -2.5365
0.340000000000000 -2.5336
0.342000000000000 -2.5308
0.344000000000000 -2.5279
0.346000000000000 -2.5250
0.348000000000000 -2.5221
0.350000000000000 -2.5192
0.352000000000000 -2.5163
0.354000000000000 -2.5134
0.356000000000000 -2.5105
0.358000000000000 -2.5076
0.360000000000000 -2.5047
0.362000000000000 -2.5018
0.364000000000000 -2.4989
0.366000000000000 -2.4960
0.368000000000000 -2.4931
0.370000000000000 -2.4902
0.372000000000000 -2.4873
0.374000000000000 -2.4844
0.376000000000000 -2.4815
0.378000000000000 -2.4786
0.380000000000000 -2.4756
0.382000000000000 -2.4727
0.384000000000000 -2.4698
0.386000000000000 -2.4669
0.388000000000000 -2.4640
0.390000000000000 -2.4611
0.392000000000000 -2.4581
0.394000000000000 -2.4552
0.396000000000000 -2.4523
0.398000000000000 -2.4494
0.400000000000000 -2.4464
0.402000000000000 -2.4435
0.404000000000000 -2.4406
0.406000000000000 -2.4377
0.408000000000000 -2.4347
0.410000000000000 -2.4318
0.412000000000000 -2.4289
0.414000000000000 -2.4259
0.416000000000000 -2.4230
0.418000000000000 -2.4201
0.420000000000000 -2.4171
0.422000000000000 -2.4142
0.424000000000000 -2.4112
0.426000000000000 -2.4083
0.428000000000000 -2.4053
0.430000000000000 -2.4024
0.432000000000000 -2.3995
0.434000000000000 -2.3965
0.436000000000000 -2.3936
0.438000000000000 -2.3906
0.440000000000000 -2.3877
0.442000000000000 -2.3847
0.444000000000000 -2.3818
0.446000000000000 -2.3788
0.448000000000000 -2.3759
0.450000000000000 -2.3729
0.452000000000000 -2.3699
0.454000000000000 -2.3670
0.456000000000000 -2.3640
0.458000000000000 -2.3611
0.460000000000000 -2.3581
0.462000000000000 -2.3551
0.464000000000000 -2.3522
0.466000000000000 -2.3492
0.468000000000000 -2.3463
0.470000000000000 -2.3433
0.472000000000000 -2.3403
0.474000000000000 -2.3374
0.476000000000000 -2.3344
0.478000000000000 -2.3314
0.480000000000000 -2.3284
0.482000000000000 -2.3255
0.484000000000000 -2.3225
0.486000000000000 -2.3195
0.488000000000000 -2.3165
0.490000000000000 -2.3136
0.492000000000000 -2.3106
0.494000000000000 -2.3076
0.496000000000000 -2.3046
0.498000000000000 -2.3017
0.500000000000000 -2.2987
0.502000000000000 -2.2957
0.504000000000000 -2.2927
0.506000000000000 -2.2897
0.508000000000000 -2.2867
0.510000000000000 -2.2837
0.512000000000000 -2.2808
0.514000000000000 -2.2778
0.516000000000000 -2.2748
0.518000000000000 -2.2718
0.520000000000000 -2.2688
0.522000000000000 -2.2658
0.524000000000000 -2.2628
0.526000000000000 -2.2598
0.528000000000000 -2.2568
0.530000000000000 -2.2538
0.532000000000000 -2.2508
0.534000000000000 -2.2478
0.536000000000000 -2.2448
0.538000000000000 -2.2418
0.540000000000000 -2.2388
0.542000000000000 -2.2359
0.544000000000000 -2.2328
0.546000000000000 -2.2298
0.548000000000000 -2.2268
0.550000000000000 -2.2238
0.552000000000000 -2.2208
0.554000000000000 -2.2178
0.556000000000000 -2.2148
0.558000000000000 -2.2118
0.560000000000000 -2.2088
0.562000000000000 -2.2058
0.564000000000000 -2.2028
0.566000000000000 -2.1998
0.568000000000000 -2.1968
0.570000000000000 -2.1938
0.572000000000000 -2.1908
0.574000000000000 -2.1877
0.576000000000000 -2.1847
0.578000000000000 -2.1817
0.580000000000000 -2.1787
0.582000000000000 -2.1757
0.584000000000000 -2.1727
0.586000000000000 -2.1696
0.588000000000000 -2.1666
0.590000000000000 -2.1636
0.592000000000000 -2.1606
0.594000000000000 -2.1576
0.596000000000000 -2.1545
0.598000000000000 -2.1515
0.600000000000000 -2.1485
0.602000000000000 -2.1455
0.604000000000000 -2.1425
0.606000000000000 -2.1394
0.608000000000000 -2.1364
0.610000000000000 -2.1334
0.612000000000000 -2.1304
0.614000000000000 -2.1273
0.616000000000000 -2.1243
0.618000000000000 -2.1213
0.620000000000000 -2.1182
0.622000000000000 -2.1152
0.624000000000000 -2.1122
0.626000000000000 -2.1092
0.628000000000000 -2.1061
0.630000000000000 -2.1031
0.632000000000000 -2.1001
0.634000000000000 -2.0970
0.636000000000000 -2.0940
0.638000000000000 -2.0910
0.640000000000000 -2.0879
0.642000000000000 -2.0849
0.644000000000000 -2.0819
0.646000000000000 -2.0788
0.648000000000000 -2.0758
0.650000000000000 -2.0728
0.652000000000000 -2.0697
0.654000000000000 -2.0667
0.656000000000000 -2.0636
0.658000000000000 -2.0606
0.660000000000000 -2.0576
0.662000000000000 -2.0545
0.664000000000000 -2.0515
0.666000000000000 -2.0484
0.668000000000000 -2.0454
0.670000000000000 -2.0424
0.672000000000000 -2.0393
0.674000000000000 -2.0363
0.676000000000000 -2.0332
0.678000000000000 -2.0302
0.680000000000000 -2.0271
0.682000000000000 -2.0241
0.684000000000000 -2.0210
0.686000000000000 -2.0180
0.688000000000000 -2.0150
0.690000000000000 -2.0119
0.692000000000000 -2.0089
0.694000000000000 -2.0058
0.696000000000000 -2.0028
0.698000000000000 -1.9997
0.700000000000000 -1.9967
0.702000000000000 -1.9936
0.704000000000000 -1.9906
0.706000000000000 -1.9875
0.708000000000000 -1.9845
0.710000000000000 -1.9814
0.712000000000000 -1.9784
0.714000000000000 -1.9753
0.716000000000000 -1.9723
0.718000000000000 -1.9692
0.720000000000000 -1.9662
0.722000000000000 -1.9631
0.724000000000000 -1.9601
0.726000000000000 -1.9570
0.728000000000000 -1.9539
0.730000000000000 -1.9509
0.732000000000000 -1.9478
0.734000000000000 -1.9448
0.736000000000000 -1.9417
0.738000000000000 -1.9387
0.740000000000000 -1.9356
0.742000000000000 -1.9326
0.744000000000000 -1.9295
0.746000000000000 -1.9264
0.748000000000000 -1.9234
0.750000000000000 -1.9203
0.752000000000000 -1.9173
0.754000000000000 -1.9142
0.756000000000000 -1.9111
0.758000000000000 -1.9081
0.760000000000000 -1.9050
0.762000000000000 -1.9020
0.764000000000000 -1.8989
0.766000000000000 -1.8958
0.768000000000000 -1.8928
0.770000000000000 -1.8897
0.772000000000000 -1.8867
0.774000000000000 -1.8836
0.776000000000000 -1.8805
0.778000000000000 -1.8775
0.780000000000000 -1.8744
0.782000000000000 -1.8713
0.784000000000000 -1.8683
0.786000000000000 -1.8652
0.788000000000000 -1.8622
0.790000000000000 -1.8591
0.792000000000000 -1.8560
0.794000000000000 -1.8530
0.796000000000000 -1.8499
0.798000000000000 -1.8468
0.800000000000000 -1.8438
0.802000000000000 -1.8407
0.804000000000000 -1.8376
0.806000000000000 -1.8346
0.808000000000000 -1.8315
0.810000000000000 -1.8284
0.812000000000000 -1.8254
0.814000000000000 -1.8223
0.816000000000000 -1.8192
0.818000000000000 -1.8162
0.820000000000000 -1.8131
0.822000000000000 -1.8100
0.824000000000000 -1.8070
0.826000000000000 -1.8039
0.828000000000000 -1.8008
0.830000000000000 -1.7978
0.832000000000000 -1.7947
0.834000000000000 -1.7916
0.836000000000000 -1.7886
0.838000000000000 -1.7855
0.840000000000000 -1.7824
0.842000000000000 -1.7794
0.844000000000000 -1.7763
0.846000000000000 -1.7732
0.848000000000000 -1.7701
0.850000000000000 -1.7671
0.852000000000000 -1.7640
0.854000000000000 -1.7609
0.856000000000000 -1.7579
0.858000000000000 -1.7548
0.860000000000000 -1.7517
0.862000000000000 -1.7486
0.864000000000000 -1.7456
0.866000000000000 -1.7425
0.868000000000000 -1.7394
0.870000000000000 -1.7364
0.872000000000000 -1.7333
0.874000000000000 -1.7302
0.876000000000000 -1.7271
0.878000000000000 -1.7241
0.880000000000000 -1.7210
0.882000000000000 -1.7179
0.884000000000000 -1.7148
0.886000000000000 -1.7118
0.888000000000000 -1.7087
0.890000000000000 -1.7056
0.892000000000000 -1.7026
0.894000000000000 -1.6995
0.896000000000000 -1.6964
0.898000000000000 -1.6933
0.900000000000000 -1.6903
0.902000000000000 -1.6872
0.904000000000000 -1.6841
0.906000000000000 -1.6810
0.908000000000000 -1.6780
0.910000000000000 -1.6749
0.912000000000000 -1.6718
0.914000000000000 -1.6687
0.916000000000000 -1.6657
0.918000000000000 -1.6626
0.920000000000000 -1.6595
0.922000000000000 -1.6564
0.924000000000000 -1.6533
0.926000000000000 -1.6503
0.928000000000000 -1.6472
0.930000000000000 -1.6441
0.932000000000000 -1.6410
0.934000000000000 -1.6380
0.936000000000000 -1.6349
0.938000000000000 -1.6318
0.940000000000000 -1.6287
0.942000000000000 -1.6257
0.944000000000000 -1.6226
0.946000000000000 -1.6195
0.948000000000000 -1.6164
0.950000000000000 -1.6134
0.952000000000000 -1.6103
0.954000000000000 -1.6072
0.956000000000000 -1.6041
0.958000000000000 -1.6010
0.960000000000000 -1.5980
0.962000000000000 -1.5949
0.964000000000000 -1.5918
0.966000000000000 -1.5887
0.968000000000000 -1.5856
0.970000000000000 -1.5826
0.972000000000000 -1.5795
0.974000000000000 -1.5764
0.976000000000000 -1.5733
0.978000000000000 -1.5703
0.980000000000000 -1.5672
0.982000000000000 -1.5641
0.984000000000000 -1.5610
0.986000000000000 -1.5579
0.988000000000000 -1.5549
0.990000000000000 -1.5518
0.992000000000000 -1.5487
0.994000000000000 -1.5456
0.996000000000000 -1.5425
0.998000000000000 -1.5395
1.00000000000000 -1.5364
1.00200000000000 -1.5333
1.00400000000000 -1.5302
1.00600000000000 -1.5271
1.00800000000000 -1.5241
1.01000000000000 -1.5210
1.01200000000000 -1.5179
1.01400000000000 -1.5148
1.01600000000000 -1.5117
1.01800000000000 -1.5086
1.02000000000000 -1.5056
1.02200000000000 -1.5025
1.02400000000000 -1.4994
1.02600000000000 -1.4963
1.02800000000000 -1.4932
1.03000000000000 -1.4902
1.03200000000000 -1.4871
1.03400000000000 -1.4840
1.03600000000000 -1.4809
1.03800000000000 -1.4778
1.04000000000000 -1.4747
1.04200000000000 -1.4717
1.04400000000000 -1.4686
1.04600000000000 -1.4655
1.04800000000000 -1.4624
1.05000000000000 -1.4593
1.05200000000000 -1.4562
1.05400000000000 -1.4532
1.05600000000000 -1.4501
1.05800000000000 -1.4470
1.06000000000000 -1.4439
1.06200000000000 -1.4408
1.06400000000000 -1.4377
1.06600000000000 -1.4347
1.06800000000000 -1.4316
1.07000000000000 -1.4285
1.07200000000000 -1.4254
1.07400000000000 -1.4223
1.07600000000000 -1.4192
1.07800000000000 -1.4162
1.08000000000000 -1.4131
1.08200000000000 -1.4100
1.08400000000000 -1.4069
1.08600000000000 -1.4038
1.08800000000000 -1.4007
1.09000000000000 -1.3976
1.09200000000000 -1.3946
1.09400000000000 -1.3915
1.09600000000000 -1.3884
1.09800000000000 -1.3853
1.10000000000000 -1.3822
1.10200000000000 -1.3791
1.10400000000000 -1.3760
1.10600000000000 -1.3729
1.10800000000000 -1.3699
1.11000000000000 -1.3668
1.11200000000000 -1.3637
1.11400000000000 -1.3606
1.11600000000000 -1.3575
1.11800000000000 -1.3544
1.12000000000000 -1.3513
1.12200000000000 -1.3482
1.12400000000000 -1.3452
1.12600000000000 -1.3421
1.12800000000000 -1.3390
1.13000000000000 -1.3359
1.13200000000000 -1.3328
1.13400000000000 -1.3297
1.13600000000000 -1.3266
1.13800000000000 -1.3235
1.14000000000000 -1.3204
1.14200000000000 -1.3174
1.14400000000000 -1.3143
1.14600000000000 -1.3112
1.14800000000000 -1.3081
1.15000000000000 -1.3050
1.15200000000000 -1.3019
1.15400000000000 -1.2988
1.15600000000000 -1.2957
1.15800000000000 -1.2926
1.16000000000000 -1.2895
1.16200000000000 -1.2864
1.16400000000000 -1.2834
1.16600000000000 -1.2803
1.16800000000000 -1.2772
1.17000000000000 -1.2741
1.17200000000000 -1.2710
1.17400000000000 -1.2679
1.17600000000000 -1.2648
1.17800000000000 -1.2617
1.18000000000000 -1.2586
1.18200000000000 -1.2555
1.18400000000000 -1.2524
1.18600000000000 -1.2493
1.18800000000000 -1.2462
1.19000000000000 -1.2431
1.19200000000000 -1.2400
1.19400000000000 -1.2369
1.19600000000000 -1.2339
1.19800000000000 -1.2308
1.20000000000000 -1.2277
1.20200000000000 -1.2246
1.20400000000000 -1.2215
1.20600000000000 -1.2184
1.20800000000000 -1.2153
1.21000000000000 -1.2122
1.21200000000000 -1.2091
1.21400000000000 -1.2060
1.21600000000000 -1.2029
1.21800000000000 -1.1998
1.22000000000000 -1.1967
1.22200000000000 -1.1936
1.22400000000000 -1.1905
1.22600000000000 -1.1874
1.22800000000000 -1.1843
1.23000000000000 -1.1812
1.23200000000000 -1.1781
1.23400000000000 -1.1750
1.23600000000000 -1.1719
1.23800000000000 -1.1688
1.24000000000000 -1.1657
1.24200000000000 -1.1626
1.24400000000000 -1.1595
1.24600000000000 -1.1564
1.24800000000000 -1.1533
1.25000000000000 -1.1502
1.25200000000000 -1.1471
1.25400000000000 -1.1440
1.25600000000000 -1.1409
1.25800000000000 -1.1378
1.26000000000000 -1.1347
1.26200000000000 -1.1316
1.26400000000000 -1.1285
1.26600000000000 -1.1253
1.26800000000000 -1.1222
1.27000000000000 -1.1191
1.27200000000000 -1.1160
1.27400000000000 -1.1129
1.27600000000000 -1.1098
1.27800000000000 -1.1067
1.28000000000000 -1.1036
1.28200000000000 -1.1005
1.28400000000000 -1.0974
1.28600000000000 -1.0943
1.28800000000000 -1.0912
1.29000000000000 -1.0881
1.29200000000000 -1.0849
1.29400000000000 -1.0818
1.29600000000000 -1.0787
1.29800000000000 -1.0756
1.30000000000000 -1.0725
1.30200000000000 -1.0694
1.30400000000000 -1.0663
1.30600000000000 -1.0632
1.30800000000000 -1.0601
1.31000000000000 -1.0569
1.31200000000000 -1.0538
1.31400000000000 -1.0507
1.31600000000000 -1.0476
1.31800000000000 -1.0445
1.32000000000000 -1.0414
1.32200000000000 -1.0383
1.32400000000000 -1.0351
1.32600000000000 -1.0320
1.32800000000000 -1.0289
1.33000000000000 -1.0258
1.33200000000000 -1.0227
1.33400000000000 -1.0196
1.33600000000000 -1.0164
1.33800000000000 -1.0133
1.34000000000000 -1.0102
1.34200000000000 -1.0071
1.34400000000000 -1.0040
1.34600000000000 -1.0008
1.34800000000000 -0.99771
1.35000000000000 -0.99459
1.35200000000000 -0.99147
1.35400000000000 -0.98834
1.35600000000000 -0.98522
1.35800000000000 -0.98209
1.36000000000000 -0.97897
1.36200000000000 -0.97585
1.36400000000000 -0.97272
1.36600000000000 -0.96959
1.36800000000000 -0.96647
1.37000000000000 -0.96334
1.37200000000000 -0.96021
1.37400000000000 -0.95709
1.37600000000000 -0.95396
1.37800000000000 -0.95083
1.38000000000000 -0.94770
1.38200000000000 -0.94457
1.38400000000000 -0.94144
1.38600000000000 -0.93831
1.38800000000000 -0.93517
1.39000000000000 -0.93204
1.39200000000000 -0.92891
1.39400000000000 -0.92578
1.39600000000000 -0.92264
1.39800000000000 -0.91951
1.40000000000000 -0.91637
1.40200000000000 -0.91324
1.40400000000000 -0.91010
1.40600000000000 -0.90696
1.40800000000000 -0.90383
1.41000000000000 -0.90069
1.41200000000000 -0.89755
1.41400000000000 -0.89441
1.41600000000000 -0.89127
1.41800000000000 -0.88813
1.42000000000000 -0.88499
1.42200000000000 -0.88185
1.42400000000000 -0.87871
1.42600000000000 -0.87556
1.42800000000000 -0.87242
1.43000000000000 -0.86927
1.43200000000000 -0.86613
1.43400000000000 -0.86298
1.43600000000000 -0.85984
1.43800000000000 -0.85669
1.44000000000000 -0.85354
1.44200000000000 -0.85039
1.44400000000000 -0.84724
1.44600000000000 -0.84409
1.44800000000000 -0.84094
1.45000000000000 -0.83779
1.45200000000000 -0.83464
1.45400000000000 -0.83149
1.45600000000000 -0.82834
1.45800000000000 -0.82518
1.46000000000000 -0.82203
1.46200000000000 -0.81887
1.46400000000000 -0.81572
1.46600000000000 -0.81256
1.46800000000000 -0.80940
1.47000000000000 -0.80624
1.47200000000000 -0.80308
1.47400000000000 -0.79992
1.47600000000000 -0.79676
1.47800000000000 -0.79360
1.48000000000000 -0.79044
1.48200000000000 -0.78728
1.48400000000000 -0.78411
1.48600000000000 -0.78095
1.48800000000000 -0.77778
1.49000000000000 -0.77462
1.49200000000000 -0.77145
1.49400000000000 -0.76828
1.49600000000000 -0.76511
1.49800000000000 -0.76194
1.50000000000000 -0.75877
1.50200000000000 -0.75560
1.50400000000000 -0.75243
1.50600000000000 -0.74926
1.50800000000000 -0.74608
1.51000000000000 -0.74291
1.51200000000000 -0.73973
1.51400000000000 -0.73656
1.51600000000000 -0.73338
1.51800000000000 -0.73020
1.52000000000000 -0.72702
1.52200000000000 -0.72384
1.52400000000000 -0.72066
1.52600000000000 -0.71748
1.52800000000000 -0.71430
1.53000000000000 -0.71111
1.53200000000000 -0.70793
1.53400000000000 -0.70475
1.53600000000000 -0.70156
1.53800000000000 -0.69837
1.54000000000000 -0.69518
1.54200000000000 -0.69199
1.54400000000000 -0.68880
1.54600000000000 -0.68561
1.54800000000000 -0.68242
1.55000000000000 -0.67923
1.55200000000000 -0.67603
1.55400000000000 -0.67284
1.55600000000000 -0.66964
1.55800000000000 -0.66645
1.56000000000000 -0.66325
1.56200000000000 -0.66005
1.56400000000000 -0.65685
1.56600000000000 -0.65365
1.56800000000000 -0.65045
1.57000000000000 -0.64724
1.57200000000000 -0.64404
1.57400000000000 -0.64083
1.57600000000000 -0.63763
1.57800000000000 -0.63442
1.58000000000000 -0.63121
1.58200000000000 -0.62800
1.58400000000000 -0.62479
1.58600000000000 -0.62158
1.58800000000000 -0.61836
1.59000000000000 -0.61515
1.59200000000000 -0.61193
1.59400000000000 -0.60872
1.59600000000000 -0.60550
1.59800000000000 -0.60228
1.60000000000000 -0.59906
1.60200000000000 -0.59584
1.60400000000000 -0.59262
1.60600000000000 -0.58939
1.60800000000000 -0.58617
1.61000000000000 -0.58294
1.61200000000000 -0.57972
1.61400000000000 -0.57649
1.61600000000000 -0.57326
1.61800000000000 -0.57003
1.62000000000000 -0.56680
1.62200000000000 -0.56356
1.62400000000000 -0.56033
1.62600000000000 -0.55709
1.62800000000000 -0.55386
1.63000000000000 -0.55062
1.63200000000000 -0.54738
1.63400000000000 -0.54414
1.63600000000000 -0.54089
1.63800000000000 -0.53765
1.64000000000000 -0.53441
1.64200000000000 -0.53116
1.64400000000000 -0.52791
1.64600000000000 -0.52466
1.64800000000000 -0.52141
1.65000000000000 -0.51816
1.65200000000000 -0.51491
1.65400000000000 -0.51166
1.65600000000000 -0.50840
1.65800000000000 -0.50514
1.66000000000000 -0.50188
1.66200000000000 -0.49862
1.66400000000000 -0.49536
1.66600000000000 -0.49210
1.66800000000000 -0.48884
1.67000000000000 -0.48557
1.67200000000000 -0.48231
1.67400000000000 -0.47904
1.67600000000000 -0.47577
1.67800000000000 -0.47250
1.68000000000000 -0.46922
1.68200000000000 -0.46595
1.68400000000000 -0.46267
1.68600000000000 -0.45940
1.68800000000000 -0.45612
1.69000000000000 -0.45284
1.69200000000000 -0.44955
1.69400000000000 -0.44627
1.69600000000000 -0.44299
1.69800000000000 -0.43970
1.70000000000000 -0.43641
1.70200000000000 -0.43312
1.70400000000000 -0.42983
1.70600000000000 -0.42654
1.70800000000000 -0.42324
1.71000000000000 -0.41995
1.71200000000000 -0.41665
1.71400000000000 -0.41335
1.71600000000000 -0.41005
1.71800000000000 -0.40674
1.72000000000000 -0.40344
1.72200000000000 -0.40013
1.72400000000000 -0.39682
1.72600000000000 -0.39351
1.72800000000000 -0.39020
1.73000000000000 -0.38689
1.73200000000000 -0.38357
1.73400000000000 -0.38026
1.73600000000000 -0.37694
1.73800000000000 -0.37362
1.74000000000000 -0.37030
1.74200000000000 -0.36697
1.74400000000000 -0.36365
1.74600000000000 -0.36032
1.74800000000000 -0.35699
1.75000000000000 -0.35366
1.75200000000000 -0.35033
1.75400000000000 -0.34699
1.75600000000000 -0.34365
1.75800000000000 -0.34032
1.76000000000000 -0.33698
1.76200000000000 -0.33363
1.76400000000000 -0.33029
1.76600000000000 -0.32694
1.76800000000000 -0.32359
1.77000000000000 -0.32024
1.77200000000000 -0.31689
1.77400000000000 -0.31354
1.77600000000000 -0.31018
1.77800000000000 -0.30682
1.78000000000000 -0.30346
1.78200000000000 -0.30010
1.78400000000000 -0.29673
1.78600000000000 -0.29337
1.78800000000000 -0.29000
1.79000000000000 -0.28663
1.79200000000000 -0.28325
1.79400000000000 -0.27988
1.79600000000000 -0.27650
1.79800000000000 -0.27312
1.80000000000000 -0.26974
1.80200000000000 -0.26636
1.80400000000000 -0.26297
1.80600000000000 -0.25958
1.80800000000000 -0.25619
1.81000000000000 -0.25280
1.81200000000000 -0.24940
1.81400000000000 -0.24601
1.81600000000000 -0.24261
1.81800000000000 -0.23921
1.82000000000000 -0.23580
1.82200000000000 -0.23240
1.82400000000000 -0.22899
1.82600000000000 -0.22558
1.82800000000000 -0.22216
1.83000000000000 -0.21875
1.83200000000000 -0.21533
1.83400000000000 -0.21191
1.83600000000000 -0.20848
1.83800000000000 -0.20506
1.84000000000000 -0.20163
1.84200000000000 -0.19820
1.84400000000000 -0.19477
1.84600000000000 -0.19133
1.84800000000000 -0.18789
1.85000000000000 -0.18445
1.85200000000000 -0.18101
1.85400000000000 -0.17756
1.85600000000000 -0.17412
1.85800000000000 -0.17067
1.86000000000000 -0.16721
1.86200000000000 -0.16376
1.86400000000000 -0.16030
1.86600000000000 -0.15684
1.86800000000000 -0.15337
1.87000000000000 -0.14990
1.87200000000000 -0.14643
1.87400000000000 -0.14296
1.87600000000000 -0.13949
1.87800000000000 -0.13601
1.88000000000000 -0.13253
1.88200000000000 -0.12904
1.88400000000000 -0.12556
1.88600000000000 -0.12207
1.88800000000000 -0.11858
1.89000000000000 -0.11508
1.89200000000000 -0.11158
1.89400000000000 -0.10808
1.89600000000000 -0.10458
1.89800000000000 -0.10107
1.90000000000000 -0.097560
1.90200000000000 -0.094047
1.90400000000000 -0.090531
1.90600000000000 -0.087011
1.90800000000000 -0.083489
1.91000000000000 -0.079964
1.91200000000000 -0.076435
1.91400000000000 -0.072903
1.91600000000000 -0.069368
1.91800000000000 -0.065830
1.92000000000000 -0.062289
1.92200000000000 -0.058744
1.92400000000000 -0.055197
1.92600000000000 -0.051646
1.92800000000000 -0.048091
1.93000000000000 -0.044533
1.93200000000000 -0.040972
1.93400000000000 -0.037408
1.93600000000000 -0.033840
1.93800000000000 -0.030268
1.94000000000000 -0.026693
1.94200000000000 -0.023115
1.94400000000000 -0.019533
1.94600000000000 -0.015948
1.94800000000000 -0.012359
1.95000000000000 -0.0087666
1.95200000000000 -0.0051705
1.95400000000000 -0.0015707
1.95600000000000 0.0020327
1.95800000000000 0.0056398
1.96000000000000 0.0092506
1.96200000000000 0.012865
1.96400000000000 0.016483
1.96600000000000 0.020106
1.96800000000000 0.023731
1.97000000000000 0.027361
1.97200000000000 0.030995
1.97400000000000 0.034633
1.97600000000000 0.038274
1.97800000000000 0.041920
1.98000000000000 0.045569
1.98200000000000 0.049223
1.98400000000000 0.052880
1.98600000000000 0.056542
1.98800000000000 0.060208
1.99000000000000 0.063878
1.99200000000000 0.067552
1.99400000000000 0.071231
1.99600000000000 0.074913
1.99800000000000 0.078600
2.00000000000000 0.082292
2.00200000000000 0.085987
2.00400000000000 0.089687
2.00600000000000 0.093392
2.00800000000000 0.097101
2.01000000000000 0.10081
2.01200000000000 0.10453
2.01400000000000 0.10825
2.01600000000000 0.11198
2.01800000000000 0.11571
2.02000000000000 0.11945
2.02200000000000 0.12319
2.02400000000000 0.12694
2.02600000000000 0.13069
2.02800000000000 0.13444
2.03000000000000 0.13820
2.03200000000000 0.14197
2.03400000000000 0.14574
2.03600000000000 0.14951
2.03800000000000 0.15329
2.04000000000000 0.15708
2.04200000000000 0.16087
2.04400000000000 0.16467
2.04600000000000 0.16847
2.04800000000000 0.17227
2.05000000000000 0.17608
2.05200000000000 0.17990
2.05400000000000 0.18372
2.05600000000000 0.18755
2.05800000000000 0.19138
2.06000000000000 0.19522
2.06200000000000 0.19907
2.06400000000000 0.20292
2.06600000000000 0.20677
2.06800000000000 0.21063
2.07000000000000 0.21450
2.07200000000000 0.21837
2.07400000000000 0.22225
2.07600000000000 0.22614
2.07800000000000 0.23003
2.08000000000000 0.23392
2.08200000000000 0.23782
2.08400000000000 0.24173
2.08600000000000 0.24565
2.08800000000000 0.24957
2.09000000000000 0.25350
2.09200000000000 0.25743
2.09400000000000 0.26137
2.09600000000000 0.26532
2.09800000000000 0.26927
2.10000000000000 0.27323
2.10200000000000 0.27720
2.10400000000000 0.28117
2.10600000000000 0.28515
2.10800000000000 0.28914
2.11000000000000 0.29313
2.11200000000000 0.29713
2.11400000000000 0.30114
2.11600000000000 0.30516
2.11800000000000 0.30918
2.12000000000000 0.31321
2.12200000000000 0.31725
2.12400000000000 0.32129
2.12600000000000 0.32534
2.12800000000000 0.32940
2.13000000000000 0.33347
2.13200000000000 0.33755
2.13400000000000 0.34163
2.13600000000000 0.34572
2.13800000000000 0.34982
2.14000000000000 0.35393
2.14200000000000 0.35804
2.14400000000000 0.36216
2.14600000000000 0.36630
2.14800000000000 0.37044
2.15000000000000 0.37458
2.15200000000000 0.37874
2.15400000000000 0.38291
2.15600000000000 0.38708
2.15800000000000 0.39127
2.16000000000000 0.39546
2.16200000000000 0.39966
2.16400000000000 0.40387
2.16600000000000 0.40809
2.16800000000000 0.41232
2.17000000000000 0.41656
2.17200000000000 0.42081
2.17400000000000 0.42507
2.17600000000000 0.42934
2.17800000000000 0.43361
2.18000000000000 0.43790
2.18200000000000 0.44220
2.18400000000000 0.44651
2.18600000000000 0.45083
2.18800000000000 0.45516
2.19000000000000 0.45950
2.19200000000000 0.46385
2.19400000000000 0.46822
2.19600000000000 0.47259
2.19800000000000 0.47697
2.20000000000000 0.48137
2.20200000000000 0.48578
2.20400000000000 0.49020
2.20600000000000 0.49463
2.20800000000000 0.49907
2.21000000000000 0.50353
2.21200000000000 0.50800
2.21400000000000 0.51248
2.21600000000000 0.51697
2.21800000000000 0.52148
2.22000000000000 0.52600
2.22200000000000 0.53053
2.22400000000000 0.53508
2.22600000000000 0.53964
2.22800000000000 0.54421
2.23000000000000 0.54880
2.23200000000000 0.55340
2.23400000000000 0.55802
2.23600000000000 0.56265
2.23800000000000 0.56730
2.24000000000000 0.57196
2.24200000000000 0.57664
2.24400000000000 0.58133
2.24600000000000 0.58604
2.24800000000000 0.59076
2.25000000000000 0.59550
2.25200000000000 0.60026
2.25400000000000 0.60503
2.25600000000000 0.60982
2.25800000000000 0.61463
2.26000000000000 0.61945
2.26200000000000 0.62430
2.26400000000000 0.62916
2.26600000000000 0.63404
2.26800000000000 0.63894
2.27000000000000 0.64386
2.27200000000000 0.64880
2.27400000000000 0.65376
2.27600000000000 0.65874
2.27800000000000 0.66374
2.28000000000000 0.66876
2.28200000000000 0.67380
2.28400000000000 0.67886
2.28600000000000 0.68395
2.28800000000000 0.68906
2.29000000000000 0.69419
2.29200000000000 0.69935
2.29400000000000 0.70453
2.29600000000000 0.70974
2.29800000000000 0.71497
2.30000000000000 0.72022
2.30200000000000 0.72551
2.30400000000000 0.73082
2.30600000000000 0.73615
2.30800000000000 0.74152
2.31000000000000 0.74691
2.31200000000000 0.75234
2.31400000000000 0.75779
2.31600000000000 0.76327
2.31800000000000 0.76879
2.32000000000000 0.77434
2.32200000000000 0.77992
2.32400000000000 0.78553
2.32600000000000 0.79118
2.32800000000000 0.79687
2.33000000000000 0.80259
2.33200000000000 0.80835
2.33400000000000 0.81415
2.33600000000000 0.81999
2.33800000000000 0.82586
2.34000000000000 0.83179
2.34200000000000 0.83775
2.34400000000000 0.84376
2.34600000000000 0.84981
2.34800000000000 0.85591
2.35000000000000 0.86206
2.35200000000000 0.86826
2.35400000000000 0.87451
2.35600000000000 0.88081
2.35800000000000 0.88717
2.36000000000000 0.89358
2.36200000000000 0.90005
2.36400000000000 0.90659
2.36600000000000 0.91318
2.36800000000000 0.91984
2.37000000000000 0.92656
2.37200000000000 0.93335
2.37400000000000 0.94021
2.37600000000000 0.94715
2.37800000000000 0.95415
2.38000000000000 0.96124
2.38200000000000 0.96839
2.38400000000000 0.97563
2.38600000000000 0.98294
2.38800000000000 0.99032
2.39000000000000 0.99779
2.39200000000000 1.0053
2.39400000000000 1.0129
2.39600000000000 1.0205
2.39800000000000 1.0282
2.40000000000000 1.0359
2.40200000000000 1.0435
2.40400000000000 1.0509
2.40600000000000 1.0582
2.40800000000000 1.0650
2.41000000000000 1.0712
2.41200000000000 1.0762
2.41400000000000 1.0796
2.41600000000000 1.0807
2.41800000000000 1.0788
2.42000000000000 1.0737
2.42200000000000 1.0661
2.42400000000000 1.0566
2.42600000000000 1.0460
2.42800000000000 1.0349
2.43000000000000 1.0236
2.43200000000000 1.0122
2.43400000000000 1.0008
2.43600000000000 0.98953
2.43800000000000 0.97838
2.44000000000000 0.96736
2.44200000000000 0.95648
2.44400000000000 0.94574
2.44600000000000 0.93513
2.44800000000000 0.92466
2.45000000000000 0.91431
2.45200000000000 0.90407
2.45400000000000 0.89395
2.45600000000000 0.88394
2.45800000000000 0.87403
2.46000000000000 0.86422
2.46200000000000 0.85450
2.46400000000000 0.84487
2.46600000000000 0.83532
2.46800000000000 0.82585
2.47000000000000 0.81646
2.47200000000000 0.80713
2.47400000000000 0.79788
2.47600000000000 0.78869
2.47800000000000 0.77956
2.48000000000000 0.77049
2.48200000000000 0.76147
2.48400000000000 0.75251
2.48600000000000 0.74360
2.48800000000000 0.73474
2.49000000000000 0.72592
2.49200000000000 0.71715
2.49400000000000 0.70842
2.49600000000000 0.69973
2.49800000000000 0.69108
2.50000000000000 0.68247
2.50200000000000 0.67389
2.50400000000000 0.66534
2.50600000000000 0.65683
2.50800000000000 0.64835
2.51000000000000 0.63989
2.51200000000000 0.63146
2.51400000000000 0.62306
2.51600000000000 0.61469
2.51800000000000 0.60634
2.52000000000000 0.59801
2.52200000000000 0.58970
2.52400000000000 0.58142
2.52600000000000 0.57315
2.52800000000000 0.56490
2.53000000000000 0.55667
2.53200000000000 0.54845
2.53400000000000 0.54025
2.53600000000000 0.53207
2.53800000000000 0.52389
2.54000000000000 0.51573
2.54200000000000 0.50759
2.54400000000000 0.49945
2.54600000000000 0.49132
2.54800000000000 0.48320
2.55000000000000 0.47509
2.55200000000000 0.46699
2.55400000000000 0.45889
2.55600000000000 0.45080
2.55800000000000 0.44272
2.56000000000000 0.43463
2.56200000000000 0.42656
2.56400000000000 0.41848
2.56600000000000 0.41041
2.56800000000000 0.40234
2.57000000000000 0.39426
2.57200000000000 0.38619
2.57400000000000 0.37812
2.57600000000000 0.37004
2.57800000000000 0.36197
2.58000000000000 0.35388
2.58200000000000 0.34580
2.58400000000000 0.33771
2.58600000000000 0.32961
2.58800000000000 0.32151
2.59000000000000 0.31340
2.59200000000000 0.30528
2.59400000000000 0.29715
2.59600000000000 0.28902
2.59800000000000 0.28087
2.60000000000000 0.27271
2.60200000000000 0.26454
2.60400000000000 0.25636
2.60600000000000 0.24816
2.60800000000000 0.23995
2.61000000000000 0.23172
2.61200000000000 0.22347
2.61400000000000 0.21521
2.61600000000000 0.20693
2.61800000000000 0.19863
2.62000000000000 0.19030
2.62200000000000 0.18196
2.62400000000000 0.17359
2.62600000000000 0.16520
2.62800000000000 0.15679
2.63000000000000 0.14835
2.63200000000000 0.13988
2.63400000000000 0.13138
2.63600000000000 0.12285
2.63800000000000 0.11429
2.64000000000000 0.10570
2.64200000000000 0.097075
2.64400000000000 0.088413
2.64600000000000 0.079713
2.64800000000000 0.070974
2.65000000000000 0.062194
2.65200000000000 0.053372
2.65400000000000 0.044504
2.65600000000000 0.035590
2.65800000000000 0.026627
2.66000000000000 0.017613
2.66200000000000 0.0085458
2.66400000000000 -0.00057758
2.66600000000000 -0.0097596
2.66800000000000 -0.019003
2.67000000000000 -0.028311
2.67200000000000 -0.037686
2.67400000000000 -0.047132
2.67600000000000 -0.056653
2.67800000000000 -0.066253
2.68000000000000 -0.075935
2.68200000000000 -0.085704
2.68400000000000 -0.095565
2.68600000000000 -0.10552
2.68800000000000 -0.11558
2.69000000000000 -0.12575
2.69200000000000 -0.13604
2.69400000000000 -0.14645
2.69600000000000 -0.15699
2.69800000000000 -0.16767
2.70000000000000 -0.17851
2.70200000000000 -0.18950
2.70400000000000 -0.20067
2.70600000000000 -0.21203
2.70800000000000 -0.22359
2.71000000000000 -0.23538
2.71200000000000 -0.24741
2.71400000000000 -0.25971
2.71600000000000 -0.27230
2.71800000000000 -0.28523
2.72000000000000 -0.29852
2.72200000000000 -0.31223
2.72400000000000 -0.32641
2.72600000000000 -0.34113
2.72800000000000 -0.35645
2.73000000000000 -0.37245
2.73200000000000 -0.38912
2.73400000000000 -0.40623
2.73600000000000 -0.42227
2.73800000000000 -0.42989
2.74000000000000 -0.41264
2.74200000000000 -0.38870
2.74400000000000 -0.36602
2.74600000000000 -0.34455
2.74800000000000 -0.32400
2.75000000000000 -0.30415
2.75200000000000 -0.28485
2.75400000000000 -0.26596
2.75600000000000 -0.24741
2.75800000000000 -0.22911
2.76000000000000 -0.21100
2.76200000000000 -0.19302
2.76400000000000 -0.17513
2.76600000000000 -0.15728
2.76800000000000 -0.13942
2.77000000000000 -0.12151
2.77200000000000 -0.10351
2.77400000000000 -0.085371
2.77600000000000 -0.067049
2.77800000000000 -0.048487
2.78000000000000 -0.029625
2.78200000000000 -0.010389
2.78400000000000 0.0093058
2.78600000000000 0.029568
2.78800000000000 0.050537
2.79000000000000 0.072397
2.79200000000000 0.095409
2.79400000000000 0.11996
2.79600000000000 0.14664
